1.asc
ncols        384
nrows        456
xllcorner    93.000000000000
yllcorner    -8.000000000000
cellsize     0.041666666667
NODATA_value 0
[rows 333 to 369 of 456, columns 170 to 254 of 384]
243 242 241 238 234 237 240 243 247 254 -32768 -32768 -32768 -32768 -32768 -32768 -32768 -32768 -32768 -32768 -32768 -32768 -32768 -32768 -32768 -32768 -32768 -32768 -32768 -32768 239 239 237 235 234 231 231 228 226 226 221 213 211 210 188 180 177 193 165 132 142 144 151 156 184 202 203 212 221 225 228 230 231 231 232 232 232 233 233 234 233 234 234 234 234 234 234 234 234 233 233 233 234 234 234
248 243 242 236 233 235 237 239 243 246 254 -32768 -32768 -32768 -32768 -32768 -32768 -32768 -32768 -32768 -32768 -32768 -32768 -32768 -32768 -32768 -32768 -32768 -32768 -32768 249 239 238 237 235 232 233 227 226 223 220 219 220 214 195 178 186 179 190 181 152 133 158 177 187 183 206 210 219 210 222 229 231 231 231 232 232 233 233 233 234 233 233 234 234 234 234 234 234 233 233 233 234 234 234
-32768 242 241 234 229 230 238 238 241 242 245 254 -32768 -32768 -32768 -32768 -32768 -32768 -32768 -32768 -32768 -32768 -32768 -32768 -32768 -32768 -32768 -32768 -32768 -32768 251 239 239 238 235 234 234 230 229 226 222 220 219 215 206 199 202 194 195 190 166 153 171 184 194 177 196 206 199 191 213 227 229 231 232 232 232 233 233 233 234 233 233 233 234 234 234 234 234 233 233 233 233 234 234
-32768 242 242 237 230 231 236 238 240 242 242 247 -32768 -32768 -32768 -32768 -32768 -32768 -32768 -32768 -32768 -32768 -32768 -32768 -32768 -32768 -32768 -32768 -32768 -32768 -32768 249 239 239 236 235 232 231 232 230 224 221 219 219 217 213 218 208 189 197 187 161 168 184 181 172 186 187 184 201 218 221 226 231 231 232 233 233 233 233 233 233 233 233 233 233 234 234 233 233 233 233 233 233 233
-32768 242 242 242 240 235 237 239 240 241 242 245 253 -32768 -32768 -32768 -32768 -32768 -32768 -32768 -32768 -32768 -32768 -32768 -32768 -32768 -32768 -32768 -32768 -32768 -32768 252 247 239 237 235 234 233 232 231 226 223 221 225 226 221 220 217 208 211 210 173 159 149 156 155 156 164 189 195 194 207 205 219 230 232 232 232 233 233 233 233 233 234 233 233 233 233 233 233 233 233 233 233 233
-32768 -32768 249 242 242 240 238 239 240 241 242 243 250 -32768 -32768 -32768 -32768 -32768 -32768 -32768 -32768 -32768 -32768 -32768 -32768 -32768 -32768 -32768 -32768 -32768 -32768 -32768 248 242 238 236 234 233 231 231 229 229 227 228 228 225 224 222 214 196 210 213 173 147 152 163 170 147 153 175 186 188 207 226 228 232 232 232 232 233 233 233 233 233 233 233 234 234 233 233 233 232 232 232 233
-32768 -32768 -32768 242 242 242 238 239 241 241 241 242 246 -32768 -32768 -32768 -32768 -32768 -32768 -32768 -32768 -32768 -32768 -32768 -32768 -32768 -32768 -32768 -32768 -32768 -32768 -32768 247 240 238 237 236 234 233 233 231 232 232 231 231 228 222 217 209 204 204 214 211 179 141 153 177 152 160 179 207 219 228 227 231 231 231 227 231 232 232 232 232 233 233 233 233 233 233 234 233 233 233 233 232
-32768 -32768 -32768 251 243 242 240 241 242 242 241 242 244 -32768 -32768 -32768 -32768 -32768 -32768 -32768 -32768 -32768 -32768 -32768 -32768 -32768 -32768 -32768 -32768 -32768 -32768 -32768 248 240 240 238 236 236 235 233 233 233 233 234 232 230 223 218 207 197 190 192 208 205 174 165 183 155 158 168 206 225 221 227 229 229 230 229 232 232 232 232 232 232 233 233 233 233 233 234 234 233 233 233 232
-32768 -32768 -32768 -32768 242 242 241 241 242 242 241 242 242 247 -32768 -32768 -32768 -32768 -32768 -32768 -32768 -32768 -32768 -32768 -32768 -32768 -32768 -32768 -32768 -32768 -32768 -32768 252 243 241 239 237 236 234 234 234 233 234 233 232 230 226 221 213 198 172 162 183 196 196 187 181 155 152 174 209 204 205 213 221 225 228 229 231 231 232 232 232 232 232 233 233 233 233 234 234 234 233 233 232
-32768 -32768 -32768 -32768 -32768 242 242 239 241 242 242 242 242 243 250 -32768 -32768 -32768 -32768 -32768 -32768 -32768 -32768 -32768 -32768 -32768 -32768 -32768 -32768 -32768 -32768 -32768 -32768 249 244 242 238 237 236 234 235 234 235 234 233 231 229 224 220 212 197 165 155 175 179 192 182 154 154 184 196 191 203 212 218 222 227 229 230 231 231 232 232 232 232 232 232 232 233 233 234 234 233 233 232
-32768 -32768 -32768 -32768 -32768 242 242 242 240 242 243 244 242 243 245 252 -32768 -32768 -32768 -32768 -32768 -32768 -32768 -32768 -32768 -32768 -32768 -32768 -32768 -32768 -32768 -32768 -32768 -32768 251 247 242 242 238 236 235 235 234 235 233 234 231 229 224 219 210 182 163 166 168 170 182 172 168 172 164 170 192 208 219 224 226 228 230 230 231 231 231 231 232 232 232 232 232 233 233 233 233 232 231
-32768 -32768 -32768 -32768 -32768 -32768 253 245 242 242 243 242 243 245 246 247 -32768 -32768 -32768 -32768 -32768 -32768 -32768 -32768 -32768 -32768 -32768 -32768 -32768 -32768 -32768 -32768 -32768 -32768 -32768 252 247 244 244 238 237 236 236 235 233 234 234 232 226 223 220 205 174 163 138 156 177 180 178 174 150 150 189 208 218 222 225 227 229 230 231 231 231 231 231 231 232 232 232 232 233 233 232 232 231
-32768 -32768 -32768 -32768 -32768 -32768 -32768 250 250 253 250 244 244 245 244 244 250 -32768 -32768 -32768 -32768 -32768 -32768 -32768 -32768 -32768 -32768 -32768 -32768 -32768 -32768 -32768 -32768 -32768 -32768 -32768 250 246 243 243 237 237 237 236 235 234 234 232 229 228 227 221 201 167 123 148 178 185 189 182 171 157 184 204 216 220 224 226 228 230 230 230 230 230 231 231 231 232 232 232 232 232 231 232 231
-32768 -32768 -32768 -32768 -32768 -32768 -32768 -32768 -32768 -32768 256 248 246 244 243 243 244 254 -32768 -32768 -32768 -32768 -32768 -32768 -32768 -32768 -32768 -32768 -32768 -32768 -32768 -32768 -32768 -32768 -32768 -32768 250 249 244 242 241 240 238 237 235 235 235 233 232 231 228 223 217 202 180 165 184 190 198 191 180 172 183 204 210 216 218 222 228 229 230 230 230 230 231 231 231 232 232 232 231 231 231 231 231
-32768 -32768 -32768 -32768 -32768 -32768 -32768 -32768 -32768 -32768 -32768 253 242 242 242 242 242 246 -32768 -32768 -32768 -32768 -32768 -32768 -32768 -32768 -32768 -32768 -32768 -32768 -32768 -32768 -32768 -32768 -32768 -32768 -32768 252 249 244 241 240 239 237 236 236 235 234 233 233 230 227 225 216 203 186 186 191 199 189 169 168 182 196 202 198 196 210 220 225 228 229 229 230 231 231 232 231 231 231 231 231 230 231 232
-32768 -32768 -32768 -32768 -32768 -32768 -32768 -32768 -32768 -32768 -32768 -32768 -32768 250 244 242 242 244 -32768 -32768 -32768 -32768 -32768 -32768 -32768 -32768 -32768 -32768 -32768 -32768 -32768 -32768 -32768 -32768 -32768 -32768 -32768 -32768 -32768 252 245 241 239 239 237 237 236 236 234 234 232 231 228 224 212 204 192 200 201 185 144 153 176 187 190 165 168 191 209 219 225 228 229 230 231 231 232 232 231 231 231 230 230 231 232
-32768 -32768 -32768 -32768 -32768 -32768 -32768 -32768 -32768 -32768 -32768 -32768 -32768 -32768 248 243 242 242 251 -32768 -32768 -32768 -32768 -32768 -32768 -32768 -32768 -32768 -32768 -32768 -32768 -32768 -32768 -32768 -32768 -32768 -32768 -32768 -32768 -32768 248 241 239 239 238 238 237 237 236 235 233 232 231 229 225 217 202 200 200 193 170 164 174 183 187 178 162 177 193 211 222 227 229 230 230 231 232 232 230 230 231 230 230 231 232
-32768 -32768 -32768 -32768 -32768 -32768 -32768 -32768 -32768 -32768 -32768 -32768 -32768 -32768 255 247 243 242 247 -32768 -32768 -32768 -32768 -32768 -32768 -32768 -32768 -32768 -32768 -32768 -32768 -32768 -32768 -32768 -32768 -32768 -32768 -32768 -32768 -32768 -32768 244 240 240 238 238 238 238 237 236 234 233 234 233 232 226 220 215 198 200 188 175 179 188 191 190 181 161 176 201 220 227 228 230 231 231 231 232 231 230 231 231 231 232 232
-32768 -32768 -32768 -32768 -32768 -32768 -32768 -32768 -32768 -32768 -32768 -32768 -32768 -32768 -32768 250 244 242 243 247 -32768 -32768 -32768 -32768 -32768 -32768 -32768 -32768 -32768 -32768 -32768 -32768 -32768 -32768 -32768 -32768 -32768 -32768 -32768 -32768 -32768 250 244 241 239 238 238 238 239 237 236 235 235 235 233 230 227 221 201 203 204 199 197 200 201 197 190 182 185 205 221 228 228 230 230 231 230 231 231 230 229 230 230 231 232
-32768 -32768 -32768 -32768 -32768 -32768 -32768 -32768 -32768 -32768 -32768 -32768 -32768 -32768 -32768 252 245 243 244 246 253 -32768 -32768 -32768 -32768 -32768 -32768 -32768 -32768 -32768 -32768 -32768 -32768 -32768 -32768 -32768 -32768 -32768 -32768 -32768 -32768 -32768 250 246 243 239 238 238 238 240 237 237 235 234 234 233 231 227 213 200 206 208 212 211 208 208 200 207 213 218 222 224 229 230 230 230 229 230 231 230 229 228 229 231 232
-32768 -32768 -32768 -32768 -32768 -32768 -32768 -32768 -32768 -32768 -32768 -32768 -32768 -32768 -32768 -32768 248 245 245 246 249 -32768 -32768 -32768 -32768 -32768 -32768 -32768 -32768 -32768 -32768 -32768 -32768 -32768 -32768 -32768 -32768 -32768 -32768 -32768 -32768 -32768 -32768 249 245 241 238 238 239 240 238 237 236 235 234 233 233 230 220 204 201 200 210 217 215 214 208 201 215 215 214 208 219 228 229 228 228 229 230 230 229 228 230 231 232
-32768 -32768 -32768 -32768 -32768 -32768 -32768 -32768 -32768 -32768 -32768 -32768 -32768 -32768 -32768 -32768 251 247 247 250 248 250 -32768 -32768 -32768 -32768 -32768 -32768 -32768 -32768 -32768 -32768 -32768 -32768 -32768 -32768 -32768 -32768 -32768 -32768 -32768 -32768 -32768 -32768 250 245 240 239 239 240 238 237 237 236 236 235 234 231 217 198 184 200 213 219 219 221 221 218 222 219 211 196 195 218 224 225 226 226 228 228 229 229 229 230 231
-32768 -32768 -32768 -32768 -32768 -32768 -32768 -32768 -32768 -32768 -32768 -32768 -32768 -32768 -32768 -32768 -32768 254 250 251 249 250 -32768 -32768 -32768 -32768 -32768 -32768 -32768 -32768 -32768 -32768 -32768 -32768 -32768 -32768 -32768 -32768 -32768 -32768 -32768 -32768 -32768 -32768 -32768 -32768 247 243 241 240 238 237 236 236 236 235 228 223 218 200 174 179 205 221 216 213 217 217 219 219 216 208 191 184 206 206 205 217 220 221 224 227 228 229 231
-32768 -32768 -32768 -32768 -32768 -32768 -32768 -32768 -32768 -32768 -32768 -32768 -32768 -32768 -32768 -32768 -32768 -32768 255 252 249 248 256 -32768 -32768 -32768 -32768 -32768 -32768 -32768 -32768 -32768 -32768 -32768 -32768 -32768 -32768 -32768 -32768 -32768 -32768 -32768 -32768 -32768 -32768 -32768 -32768 250 245 241 238 238 237 236 235 234 227 219 213 204 190 187 172 204 219 204 207 211 211 213 213 209 195 172 184 183 181 190 190 201 211 221 224 227 229
-32768 -32768 -32768 -32768 -32768 -32768 -32768 -32768 -32768 -32768 -32768 -32768 -32768 -32768 -32768 -32768 -32768 -32768 -32768 -32768 248 244 247 -32768 -32768 -32768 -32768 -32768 -32768 -32768 -32768 -32768 -32768 -32768 -32768 -32768 -32768 -32768 -32768 -32768 -32768 -32768 -32768 -32768 -32768 -32768 -32768 -32768 248 243 240 239 237 237 236 235 232 222 215 204 204 191 187 170 194 208 197 195 191 195 207 203 201 195 180 163 159 166 181 190 205 216 222 218 210
-32768 -32768 -32768 -32768 -32768 -32768 -32768 -32768 -32768 -32768 -32768 -32768 -32768 -32768 -32768 -32768 -32768 -32768 -32768 -32768 250 244 244 250 -32768 -32768 -32768 -32768 -32768 -32768 -32768 -32768 -32768 -32768 -32768 -32768 -32768 -32768 -32768 -32768 -32768 -32768 -32768 -32768 -32768 -32768 -32768 -32768 -32768 247 244 242 238 238 237 236 234 228 224 212 209 207 205 178 163 188 191 173 166 170 187 190 183 189 193 190 190 190 192 205 213 218 220 218 199
-32768 -32768 -32768 -32768 -32768 -32768 -32768 -32768 -32768 -32768 -32768 -32768 -32768 -32768 -32768 -32768 -32768 -32768 -32768 -32768 253 245 247 246 248 -32768 -32768 -32768 -32768 -32768 -32768 -32768 -32768 -32768 -32768 -32768 -32768 -32768 -32768 -32768 -32768 -32768 -32768 -32768 -32768 -32768 -32768 -32768 -32768 252 245 243 238 238 237 237 235 233 231 222 217 214 199 185 174 159 176 168 143 158 173 166 139 157 183 193 195 199 202 207 213 216 218 210 182
-32768 -32768 -32768 -32768 -32768 -32768 -32768 -32768 -32768 -32768 -32768 -32768 -32768 -32768 -32768 -32768 -32768 -32768 -32768 -32768 -32768 250 250 245 243 245 255 -32768 -32768 -32768 -32768 -32768 -32768 -32768 -32768 -32768 -32768 -32768 -32768 -32768 -32768 -32768 -32768 -32768 -32768 -32768 -32768 -32768 -32768 253 243 239 241 238 238 238 237 236 234 231 227 217 211 217 194 194 188 182 162 152 140 149 102 118 175 194 197 196 200 205 206 208 209 202 189
-32768 -32768 -32768 -32768 -32768 -32768 -32768 -32768 -32768 -32768 -32768 -32768 -32768 -32768 -32768 -32768 -32768 -32768 -32768 -32768 -32768 -32768 253 246 244 243 247 -32768 -32768 -32768 -32768 -32768 -32768 -32768 -32768 -32768 -32768 -32768 -32768 -32768 -32768 -32768 -32768 -32768 -32768 -32768 -32768 -32768 -32768 252 244 239 239 239 238 238 237 237 237 235 231 224 223 228 221 209 200 172 170 171 168 171 152 155 178 188 194 193 194 198 196 195 194 188 196
-32768 -32768 -32768 -32768 -32768 -32768 -32768 -32768 -32768 -32768 -32768 -32768 -32768 -32768 -32768 -32768 -32768 -32768 -32768 -32768 -32768 -32768 256 247 244 243 244 250 -32768 -32768 -32768 -32768 -32768 -32768 -32768 -32768 -32768 -32768 -32768 -32768 -32768 -32768 -32768 -32768 -32768 -32768 -32768 -32768 253 -32768 253 245 240 239 238 238 238 238 238 237 235 233 229 228 224 222 211 192 166 186 190 184 182 172 171 178 182 186 190 184 173 161 171 163 187
-32768 -32768 -32768 -32768 -32768 -32768 -32768 -32768 -32768 -32768 -32768 -32768 -32768 -32768 -32768 -32768 -32768 -32768 -32768 -32768 -32768 -32768 256 246 243 243 243 244 252 -32768 -32768 -32768 -32768 -32768 -32768 -32768 -32768 -32768 -32768 -32768 -32768 -32768 -32768 -32768 -32768 -32768 -32768 -32768 253 -32768 -32768 251 242 239 239 239 239 238 238 237 236 236 234 229 225 228 221 215 199 183 194 202 188 170 160 167 171 172 175 157 162 155 157 166 185
-32768 -32768 -32768 -32768 -32768 -32768 -32768 -32768 -32768 -32768 -32768 -32768 -32768 -32768 -32768 -32768 -32768 -32768 -32768 -32768 -32768 -32768 -32768 248 243 243 243 244 249 -32768 -32768 -32768 -32768 -32768 -32768 -32768 -32768 -32768 -32768 -32768 -32768 -32768 -32768 -32768 -32768 -32768 -32768 -32768 -32768 -32768 -32768 250 242 239 239 239 239 240 238 238 238 237 236 235 232 230 231 224 215 209 204 202 192 165 147 152 146 153 155 154 152 135 151 174 175
-32768 -32768 -32768 -32768 -32768 -32768 -32768 -32768 -32768 -32768 -32768 -32768 -32768 -32768 -32768 -32768 -32768 -32768 -32768 -32768 -32768 -32768 -32768 251 245 243 243 244 249 256 -32768 -32768 -32768 -32768 -32768 -32768 -32768 -32768 -32768 -32768 -32768 -32768 -32768 -32768 -32768 -32768 -32768 -32768 -32768 -32768 -32768 247 240 239 239 239 240 241 241 242 238 238 237 236 235 234 229 227 232 228 216 206 196 163 130 127 111 122 108 117 135 145 158 169 153
-32768 -32768 -32768 -32768 -32768 -32768 -32768 -32768 -32768 -32768 -32768 -32768 -32768 -32768 -32768 -32768 -32768 -32768 -32768 -32768 -32768 -32768 -32768 255 250 249 246 245 246 249 -32768 -32768 -32768 -32768 -32768 -32768 -32768 -32768 -32768 -32768 -32768 -32768 -32768 -32768 -32768 -32768 -32768 -32768 -32768 -32768 -32768 250 241 240 240 242 243 242 241 242 243 239 239 238 237 236 235 232 232 226 222 217 205 179 159 132 105 94 108 127 126 141 154 163 147
-32768 -32768 -32768 -32768 -32768 -32768 -32768 -32768 -32768 -32768 -32768 -32768 -32768 -32768 -32768 -32768 -32768 -32768 -32768 -32768 -32768 -32768 -32768 -32768 -32768 -32768 254 246 243 243 250 -32768 -32768 -32768 -32768 -32768 -32768 -32768 -32768 -32768 -32768 -32768 -32768 -32768 -32768 -32768 -32768 -32768 -32768 -32768 -32768 -32768 244 240 241 244 244 241 241 242 245 245 238 238 238 237 236 235 233 227 226 224 216 200 176 151 134 121 125 116 109 117 143 152 135
-32768 -32768 -32768 -32768 -32768 -32768 -32768 -32768 -32768 -32768 -32768 -32768 -32768 -32768 -32768 -32768 -32768 -32768 -32768 -32768 -32768 -32768 -32768 -32768 -32768 -32768 257 247 243 243 244 254 -32768 -32768 -32768 -32768 -32768 -32768 -32768 -32768 -32768 -32768 -32768 -32768 -32768 -32768 -32768 -32768 -32768 -32768 -32768 -32768 250 241 241 245 245 242 242 243 248 249 243 239 239 238 237 236 233 230 230 226 222 215 197 181 178 167 165 151 134 115 123 141 140
-32768 -32768 -32768 -32768 -32768 -32768 -32768 -32768 -32768 -32768 -32768 -32768 -32768 -32768 -32768 -32768 -32768 -32768 -32768 -32768 -32768 -32768 -32768 -32768 -32768 -32768 -32768 251 245 243 242 245 256 -32768 -32768 -32768 -32768 -32768 -32768 -32768 -32768 -32768 -32768 -32768 -32768 -32768 -32768 -32768 -32768 -32768 -32768 -32768 -32768 245 241 242 245 244 243 244 247 250 246 242 239 239 237 236 234 233 234 231 227 221 213 207 202 199 187 182 168 162 137 154 150
