1.asc
ncols        384
nrows        456
xllcorner    93.000000000000
yllcorner    -8.000000000000
cellsize     0.041666666667
NODATA_value 0
[rows 148 to 184 of 456, columns 170 to 254 of 384]
231 231 231 231 232 232 232 232 233 234 235 232 233 233 234 233 220 194 229 232 235 232 220 232 235 231 218 202 174 172 177 166 174 166 163 178 206 213 211 208 218 218 215 211 218 217 213 198 176 183 209 215 214 217 207 204 213 214 208 194 181 181 202 209 206 200 172 162 176 202 214 215 216 218 219 219 219 220 219 219 219 220 221 221 221
231 230 231 231 232 232 232 232 233 234 235 235 233 233 234 233 231 223 232 234 237 233 215 204 233 233 214 185 187 168 154 149 178 187 167 183 200 209 210 210 218 216 215 217 215 215 216 197 163 196 210 213 215 215 204 203 206 211 211 199 167 161 184 203 206 195 187 156 168 195 216 217 217 213 217 219 219 218 219 220 220 220 221 221 221
231 230 231 231 232 232 232 232 234 234 235 235 233 233 234 233 216 204 199 227 236 230 214 202 234 234 215 183 172 151 141 145 164 190 202 209 213 214 213 218 216 216 213 212 204 212 215 206 187 191 205 208 213 207 193 194 194 204 209 204 199 189 173 190 201 186 155 158 182 198 216 217 217 214 218 219 218 219 219 219 220 221 221 221 221
231 231 231 231 232 232 232 232 233 234 235 235 233 233 234 230 197 171 203 229 236 232 214 222 238 236 230 208 173 135 143 158 173 181 195 212 216 215 216 214 214 218 212 205 197 213 217 215 207 186 198 185 205 209 189 187 186 180 202 203 205 203 178 193 197 189 166 184 198 204 215 216 215 215 215 218 215 219 219 217 214 223 221 222 221
231 230 231 231 231 231 232 232 233 233 234 234 232 233 234 232 209 173 209 234 233 223 215 235 238 237 227 207 193 173 145 149 166 176 167 190 210 209 210 210 214 218 213 196 195 217 217 214 213 206 172 136 169 186 190 201 203 198 188 211 206 200 181 199 200 194 172 179 178 186 217 212 216 216 214 218 213 219 219 220 220 225 222 222 222
230 230 231 231 231 232 232 232 233 234 234 234 233 232 233 228 211 191 220 236 235 233 217 238 238 236 221 191 180 176 151 139 154 156 142 154 197 192 192 209 216 220 215 197 207 215 216 215 211 209 174 132 159 202 204 205 208 209 200 211 208 203 200 206 201 191 164 166 190 207 217 211 213 213 217 218 218 218 218 220 220 223 221 222 221
230 230 231 230 231 231 232 232 232 233 234 233 233 233 233 231 211 197 220 235 236 229 230 239 238 236 227 202 188 181 143 148 144 143 157 160 179 185 191 215 217 220 216 209 203 215 216 216 211 209 194 145 175 204 207 211 212 212 210 213 211 209 206 205 192 174 161 185 206 215 216 215 204 209 216 218 215 217 218 220 220 221 221 221 221
230 230 230 230 231 231 231 232 232 232 234 234 234 233 234 230 232 226 233 235 236 227 236 238 238 237 225 196 177 171 146 134 147 161 177 186 189 191 193 213 214 220 218 214 212 217 216 215 211 211 208 183 171 198 202 213 213 213 214 213 213 213 211 202 185 188 186 194 214 212 212 213 207 208 216 217 216 217 215 218 220 217 221 221 221
230 230 230 230 231 231 231 231 232 232 233 234 234 232 234 234 234 233 233 236 235 234 237 238 238 238 228 216 199 183 152 139 145 150 163 189 209 210 209 215 212 220 218 216 220 219 212 212 212 213 207 207 203 198 204 211 209 210 211 213 210 213 210 197 195 201 194 202 210 205 208 211 204 212 212 216 208 211 206 217 219 223 222 222 222
230 230 230 230 230 231 231 231 232 232 233 234 229 232 233 233 234 234 234 236 233 236 236 238 238 238 235 217 193 167 150 156 149 174 179 195 210 212 219 217 211 221 218 220 220 217 203 215 214 212 207 206 209 209 203 212 210 212 209 209 212 212 209 207 206 204 203 206 203 202 202 198 200 199 213 218 217 216 213 217 219 223 222 223 222
230 230 230 230 231 231 231 231 232 232 233 233 223 232 232 233 234 234 235 235 235 236 236 238 238 238 234 219 188 173 165 169 159 169 157 167 204 215 219 219 216 221 219 218 219 208 197 217 215 212 205 206 210 210 208 214 207 203 200 205 199 211 205 206 202 193 200 207 196 204 202 204 200 203 211 217 219 218 219 220 220 221 222 222 222
230 230 230 230 231 231 231 231 232 232 233 231 230 232 233 233 234 234 235 235 236 236 237 238 238 237 190 213 193 173 191 165 142 149 154 179 183 214 218 218 219 222 215 219 219 213 208 217 216 213 210 210 213 214 213 216 204 205 196 205 191 209 198 203 200 179 183 204 203 204 208 211 208 208 210 215 219 219 220 220 219 221 224 223 223
230 230 231 231 231 231 231 231 232 232 232 231 229 231 233 233 233 234 235 235 236 237 237 237 238 236 198 219 202 192 185 166 137 145 162 200 211 219 218 218 219 222 217 220 219 219 217 218 217 216 210 210 206 210 215 217 209 209 196 199 191 207 196 197 188 182 199 181 173 201 211 212 209 214 216 219 218 220 220 221 220 219 225 223 224
230 230 231 231 231 231 231 231 232 232 232 229 231 230 233 233 233 234 235 235 236 237 237 238 237 236 222 231 213 211 202 177 152 162 191 200 193 215 221 220 221 223 222 221 220 220 218 218 217 215 212 211 212 214 215 213 212 207 208 200 202 207 189 190 179 187 191 175 169 200 214 213 214 210 218 219 220 219 220 220 221 221 224 224 224
231 231 231 231 232 231 232 232 232 232 232 227 231 231 232 233 233 234 235 236 236 236 237 237 236 236 235 233 229 227 209 186 133 154 173 175 176 215 221 219 222 223 222 220 221 220 218 218 217 213 215 213 210 215 215 213 210 204 208 202 203 207 196 177 187 191 181 190 191 202 211 216 215 210 215 219 220 220 220 220 221 221 223 224 224
230 231 232 231 232 231 232 232 232 232 232 229 226 231 232 232 233 234 235 236 236 237 237 236 236 235 234 232 231 228 212 196 153 163 157 180 197 216 220 218 220 222 222 221 219 218 218 219 218 216 216 216 213 214 214 212 206 213 207 208 199 205 205 191 195 198 201 200 207 213 213 216 217 215 213 219 220 220 220 220 221 222 222 223 224
230 231 232 232 232 232 232 232 233 232 232 232 232 231 233 233 234 234 235 236 237 237 237 237 236 235 234 233 231 230 218 188 165 169 163 178 184 210 219 218 219 221 221 220 218 219 219 217 215 214 218 217 215 216 216 214 210 209 207 204 201 200 199 198 199 191 200 195 202 211 214 216 217 219 219 219 220 219 220 221 221 222 223 223 223
231 231 232 232 232 232 232 232 232 232 232 232 232 233 233 233 234 235 236 236 237 237 237 237 237 236 234 233 233 231 219 180 195 177 166 154 174 200 217 215 219 221 221 217 218 219 219 216 213 212 217 218 217 217 217 214 208 207 201 199 201 202 201 198 207 204 203 200 203 208 212 213 210 217 218 219 220 218 220 220 222 222 224 224 224
232 232 233 233 233 233 233 233 233 232 232 232 233 233 234 234 234 235 236 237 237 238 238 238 237 236 235 234 233 231 225 196 207 181 178 168 174 202 215 216 220 221 219 219 220 220 220 218 215 213 214 218 216 218 216 216 205 199 196 193 206 203 195 205 202 205 201 197 206 211 215 216 217 218 214 218 219 217 220 221 221 223 223 224 223
232 232 233 233 233 233 233 233 233 232 233 232 233 233 234 234 235 235 236 236 237 238 238 238 237 236 235 234 233 232 231 222 195 182 191 160 177 213 219 221 220 221 220 222 222 221 219 217 218 217 217 218 216 217 217 216 209 203 200 205 210 214 210 206 204 202 190 174 196 209 215 216 219 218 214 218 218 218 220 221 224 223 224 224 223
231 230 231 233 234 234 234 233 234 233 233 232 233 233 234 234 235 235 236 237 237 238 238 238 237 236 235 234 232 233 231 226 193 196 199 169 189 214 199 212 221 224 222 223 221 220 202 202 214 218 218 218 213 215 218 217 214 208 207 212 212 215 213 212 209 201 186 190 201 207 216 217 219 219 217 218 218 218 219 220 220 222 222 223 224
232 231 232 233 234 234 234 233 234 234 233 233 233 233 233 234 235 235 236 236 237 237 238 237 237 236 236 235 234 232 232 230 218 203 217 178 172 198 190 186 202 224 224 224 217 214 211 184 189 214 218 217 212 213 216 218 216 213 216 216 214 210 214 213 212 208 199 183 197 210 215 218 219 219 219 219 218 219 220 221 222 225 223 223 224
233 233 234 234 234 234 234 234 234 234 234 234 234 234 234 234 235 235 236 236 237 237 237 237 237 236 236 235 234 227 232 231 229 227 219 177 164 166 168 169 204 223 224 224 220 215 182 169 172 201 217 206 203 212 218 218 217 216 216 216 215 203 208 212 213 212 203 191 198 199 213 215 219 220 219 220 218 217 220 223 224 223 223 223 223
233 233 234 234 234 234 234 235 234 234 235 234 234 234 234 234 235 235 236 236 236 237 237 237 237 236 236 235 234 231 232 231 232 231 208 163 148 161 159 183 215 222 223 225 220 203 168 147 145 165 206 205 201 213 218 218 218 217 216 216 215 202 203 213 214 214 206 203 195 203 213 216 216 219 220 220 220 218 217 221 224 224 223 223 223
233 234 234 234 235 235 235 235 235 235 235 235 235 235 235 235 235 235 236 236 236 236 237 237 236 236 236 235 234 233 234 233 232 231 213 167 142 176 188 190 189 214 224 225 224 208 172 142 132 171 203 210 206 214 218 218 217 216 215 214 214 213 194 193 213 215 214 214 195 180 201 209 205 214 218 221 221 220 220 221 224 223 223 223 223
234 234 234 234 234 234 235 234 235 235 235 235 235 235 235 235 235 235 236 236 236 236 236 236 236 236 236 235 234 235 233 233 232 232 227 183 163 162 174 188 205 216 223 224 224 217 201 171 146 176 197 214 210 212 218 218 217 215 215 214 215 212 200 187 203 202 214 216 207 185 205 206 212 216 220 221 221 221 221 223 224 223 223 223 223
234 235 235 235 235 235 235 235 236 236 235 235 235 235 236 235 236 236 236 236 236 236 236 236 236 236 236 236 235 234 234 232 232 232 231 218 195 149 163 168 192 218 220 221 226 225 221 192 186 209 209 218 218 215 218 218 216 215 215 215 215 215 201 203 198 208 215 216 217 214 215 215 217 217 220 221 221 221 221 223 222 223 222 222 222
234 234 235 235 235 235 236 236 236 236 235 235 235 235 236 236 236 236 236 237 236 236 236 236 235 235 235 236 235 235 234 233 228 232 231 222 192 180 176 172 170 206 218 225 225 226 223 220 219 220 219 219 218 218 218 218 216 216 216 215 216 217 206 191 206 215 215 215 216 219 219 218 219 220 220 221 221 221 221 224 223 222 222 222 222
235 235 236 236 236 236 236 236 236 236 236 236 236 236 236 236 237 236 236 236 237 236 236 236 235 235 235 235 235 235 234 232 232 226 231 229 215 198 180 187 176 197 214 226 227 226 224 222 221 219 201 212 218 218 218 218 217 216 215 215 216 217 217 205 211 217 217 215 215 217 218 219 220 220 221 221 221 221 221 221 221 222 221 221 221
235 235 236 235 235 236 237 236 236 236 236 236 236 236 236 236 236 237 236 236 237 237 235 236 235 235 235 235 235 235 234 235 230 229 231 230 229 216 209 208 188 170 209 223 228 226 225 223 222 217 210 219 218 218 218 218 216 216 216 215 216 217 217 216 216 217 215 213 213 217 219 220 220 221 221 221 220 221 221 221 221 221 221 221 221
235 235 236 236 236 236 237 237 237 237 237 236 237 237 237 237 237 237 237 237 237 237 237 235 235 235 235 235 235 235 235 234 232 230 232 231 230 230 221 206 178 163 204 223 225 227 223 225 223 222 221 221 219 218 217 217 216 216 216 216 215 217 217 216 217 217 214 215 212 211 218 220 220 221 221 221 221 221 221 221 220 220 220 220 221
235 235 235 235 236 236 237 237 237 236 236 236 237 236 237 237 237 237 237 237 237 237 237 235 235 235 235 235 235 235 234 235 234 234 232 232 229 232 225 193 168 181 207 226 223 227 227 225 224 223 222 221 220 219 217 217 216 216 216 216 216 217 217 213 218 217 213 213 216 215 219 220 221 221 221 221 221 221 221 221 220 220 220 221 221
236 236 236 236 236 237 238 238 238 237 237 237 237 237 237 237 237 237 237 237 237 237 236 236 235 235 235 235 235 235 235 235 235 233 234 234 232 233 230 204 167 178 195 221 220 225 227 226 225 224 221 219 219 219 217 217 216 216 216 217 217 217 216 216 214 215 216 219 219 219 220 220 220 220 220 220 220 220 221 221 220 220 221 221 221
237 236 236 236 236 236 237 237 237 237 237 237 237 237 237 237 237 237 237 236 237 237 237 236 236 235 235 235 235 235 235 235 235 235 233 234 232 233 229 209 159 156 195 219 202 217 226 226 224 223 222 220 219 218 217 217 216 216 216 217 218 217 217 217 217 218 219 219 218 219 220 221 220 221 220 221 220 220 220 221 221 222 223 221 221
237 237 237 237 237 237 237 237 238 238 237 237 237 236 237 237 237 237 236 236 236 237 236 236 236 235 235 235 235 235 235 236 235 236 235 234 232 224 217 184 174 167 197 211 197 201 220 224 224 223 221 219 219 219 218 218 217 217 218 218 217 217 218 212 207 210 210 215 219 220 220 220 220 221 221 221 220 220 220 220 221 224 221 222 221
236 237 237 237 236 236 237 237 238 238 237 237 236 236 237 237 237 236 236 236 236 236 236 236 236 236 234 235 235 235 235 235 235 235 235 235 231 219 207 187 186 200 207 195 199 201 214 224 223 222 222 221 220 219 219 219 218 218 218 218 217 217 218 210 208 207 206 215 219 220 220 218 219 221 221 221 220 220 220 221 221 221 221 222 222
236 237 237 237 236 236 236 237 238 238 237 237 237 237 237 237 237 236 236 235 235 235 235 235 235 236 236 234 234 234 234 235 234 234 235 234 223 213 213 214 205 190 197 189 176 185 195 223 222 222 221 222 221 220 220 220 220 220 219 219 219 218 207 204 215 218 212 219 218 218 220 218 220 221 221 221 220 220 220 221 221 222 222 222 222
