1.asc
ncols        384
nrows        456
xllcorner    93.000000000000
yllcorner    -8.000000000000
cellsize     0.041666666667
NODATA_value 0
[rows 259 to 295 of 456, columns 170 to 254 of 384]
185 203 150 151 175 186 184 208 204 214 214 222 226 222 216 226 227 224 223 221 222 217 226 232 232 232 233 231 232 234 234 234 234 234 234 234 234 234 233 233 233 233 233 233 233 233 232 231 229 231 231 231 230 231 230 230 230 230 230 230 229 229 228 228 228 228 227 227 227 226 226 226 225 225 224 225 224 224 223 223 223 223 222 222 222
186 200 194 143 173 171 187 177 193 214 219 219 223 226 220 217 225 225 223 226 222 222 221 231 232 232 233 233 234 234 234 234 234 234 234 234 234 234 234 234 233 233 233 233 233 233 233 232 230 230 231 232 231 231 230 230 230 230 229 230 229 228 228 228 228 228 227 227 227 227 226 227 226 226 225 225 224 224 224 224 223 223 223 223 222
195 196 202 177 150 156 170 145 169 198 205 216 223 225 227 224 219 222 226 227 226 225 228 225 232 233 231 233 235 234 233 232 233 233 233 233 233 233 233 234 233 234 233 233 233 233 232 232 231 231 230 231 231 231 230 230 230 230 229 229 228 228 228 229 228 227 227 227 226 227 226 226 226 226 225 225 224 224 223 224 223 223 223 223 222
202 187 200 193 157 147 150 133 163 203 211 204 208 202 223 228 224 215 214 224 229 231 227 224 229 229 234 234 233 233 232 232 232 233 233 233 232 233 231 232 234 233 233 233 233 233 233 232 232 232 231 231 231 231 231 231 231 230 230 230 229 229 229 229 228 228 227 227 226 227 226 226 226 226 225 225 225 225 224 224 224 224 223 223 223
205 199 205 212 185 164 157 170 177 212 214 178 179 172 196 216 217 223 214 210 221 231 230 227 229 226 232 233 232 234 233 232 232 233 232 232 232 232 231 231 232 234 233 234 233 233 233 233 232 232 232 231 232 232 231 231 231 230 230 230 229 229 229 229 228 228 227 227 226 226 226 226 225 226 225 225 225 225 224 224 224 224 223 223 223
208 196 214 215 187 181 179 176 187 194 189 180 174 168 178 192 196 220 222 220 221 229 231 231 232 233 232 234 233 232 234 233 231 231 231 231 232 231 231 231 232 233 234 234 234 234 234 234 233 232 233 233 232 232 232 232 231 231 230 230 230 230 229 229 228 228 228 227 227 227 227 226 226 226 225 225 225 225 225 225 224 224 223 223 223
224 205 213 208 175 174 179 182 184 186 192 195 190 188 181 175 202 220 210 220 223 223 229 231 232 233 234 233 234 231 232 234 232 231 230 231 231 231 230 230 231 232 233 233 234 234 234 234 233 232 232 232 232 232 231 232 231 230 230 230 230 230 229 229 228 228 228 228 227 227 227 227 226 226 226 225 225 225 225 225 224 224 223 223 224
224 213 214 200 163 167 169 178 191 196 202 204 196 199 193 191 208 216 219 219 224 224 225 232 234 233 231 231 234 232 232 233 233 231 230 230 230 230 230 230 230 230 231 232 233 234 234 234 233 232 233 233 232 232 232 232 231 231 230 230 230 230 230 230 229 229 228 228 228 228 227 227 227 227 226 226 225 226 225 225 224 224 224 224 224
215 205 204 203 192 189 172 165 177 187 197 204 198 202 204 197 195 212 213 209 215 224 227 231 232 231 231 232 234 232 232 233 233 232 231 230 230 229 229 230 230 230 231 231 231 233 233 234 232 232 233 233 232 232 231 231 231 231 230 230 230 230 230 230 229 229 228 228 228 228 228 227 227 227 227 226 226 226 225 225 224 224 224 225 225
203 186 173 188 195 190 170 176 168 190 199 204 206 206 206 196 176 198 197 201 203 224 225 228 224 228 230 231 233 233 231 232 233 233 232 230 229 228 229 229 230 230 231 231 232 233 233 232 232 232 232 233 233 232 232 232 231 231 231 231 230 230 230 230 230 229 229 229 228 228 227 227 227 227 227 227 226 226 226 226 225 225 224 224 225
190 170 188 169 183 188 179 183 181 171 195 202 204 205 206 203 186 200 206 207 197 215 226 227 225 225 227 231 232 233 231 231 232 233 233 231 229 228 229 229 229 230 230 231 231 232 232 233 232 231 231 233 233 232 232 231 231 231 231 231 230 230 230 230 229 229 229 228 228 228 228 228 227 227 227 227 227 227 226 226 225 225 225 225 224
187 187 209 189 172 181 181 182 183 186 189 199 202 197 194 202 203 194 205 209 212 213 225 227 219 215 224 230 232 233 232 231 231 233 233 232 231 230 230 229 230 230 231 232 230 231 232 233 232 231 231 232 232 233 232 232 231 232 231 231 231 231 230 230 230 230 228 229 229 229 228 229 228 228 228 228 227 226 225 226 225 225 225 225 224
212 194 212 196 163 172 180 179 176 170 178 190 195 172 155 191 205 196 189 207 219 222 217 223 215 209 226 227 231 232 232 231 231 232 232 233 232 231 231 230 230 231 232 231 230 231 231 233 233 232 232 231 232 233 233 233 233 232 232 232 231 231 230 230 230 230 229 229 229 229 229 229 228 228 228 228 227 227 226 226 225 225 225 225 224
209 180 200 192 159 154 160 172 150 124 164 183 186 162 154 184 206 194 189 189 204 218 215 214 216 217 222 225 229 231 232 231 231 232 232 232 232 232 232 231 231 231 232 231 231 231 231 233 233 233 233 233 233 234 233 233 233 233 233 233 232 231 230 230 230 230 229 229 229 229 229 229 228 228 228 227 227 227 226 226 226 225 225 225 225
215 190 191 179 181 128 131 166 129 113 167 191 201 187 184 200 208 200 199 204 193 210 207 214 204 206 212 226 227 232 232 230 230 231 232 231 232 232 233 232 232 232 231 230 230 230 231 232 233 234 234 234 234 233 233 232 232 233 233 233 232 232 230 230 230 230 229 229 229 230 229 229 228 228 228 228 227 227 226 226 226 226 225 225 225
220 212 195 196 190 135 161 178 170 167 184 199 206 201 201 206 212 198 201 209 190 209 210 214 213 213 215 226 227 226 231 230 229 230 231 231 232 234 234 234 233 233 232 232 231 231 232 232 233 233 234 234 234 234 232 232 232 233 233 233 233 233 232 232 231 230 230 230 230 230 229 229 228 228 228 228 227 227 226 226 226 226 225 225 225
226 226 220 217 211 194 194 183 194 190 196 203 211 215 211 210 221 211 212 212 211 202 213 211 214 215 217 228 224 226 229 229 228 229 230 231 233 234 234 234 234 234 233 233 233 233 233 233 233 234 234 234 234 234 233 231 231 233 233 233 232 232 232 232 231 231 231 231 230 230 229 229 228 228 228 228 227 227 226 226 226 226 225 225 226
231 229 225 224 223 220 216 186 189 202 202 207 209 212 217 215 219 223 219 217 217 212 205 214 215 221 217 223 226 223 227 229 228 229 231 233 234 233 233 233 233 234 234 234 234 234 234 234 234 234 234 234 233 234 234 234 233 232 233 233 232 232 231 231 232 232 231 231 230 230 229 229 229 229 228 228 227 227 227 226 226 226 225 226 226
232 229 229 228 228 226 223 184 168 199 216 210 212 210 216 219 216 219 226 219 217 203 220 220 220 221 211 220 225 227 230 231 231 231 233 233 231 231 232 231 232 232 232 234 234 234 234 234 233 233 233 233 232 234 234 234 234 234 233 233 232 232 231 232 231 231 231 231 231 230 229 229 228 228 228 228 227 227 227 227 226 226 227 227 226
233 232 232 231 230 228 220 194 173 186 216 213 202 207 214 222 219 218 226 226 213 199 218 211 216 222 222 218 224 224 230 232 232 233 233 231 230 231 230 231 231 232 234 233 233 232 233 234 232 232 232 233 234 233 232 232 233 234 233 232 232 232 232 232 232 231 231 231 231 230 229 230 229 229 228 228 228 227 227 227 226 227 226 226 226
233 233 233 232 232 232 223 203 173 158 206 216 200 202 208 216 217 216 226 226 225 218 212 204 211 222 225 229 222 223 221 230 233 233 231 230 230 229 231 232 231 232 234 233 232 232 233 232 231 231 232 233 234 233 230 228 232 233 233 233 232 232 232 232 232 232 231 231 231 230 230 229 229 229 228 228 228 228 227 227 227 227 227 227 226
236 234 234 234 233 232 215 199 172 176 183 214 209 202 201 201 214 221 225 226 227 225 223 216 208 206 224 229 226 227 223 223 225 231 232 231 231 231 231 232 233 233 232 232 232 232 232 231 230 231 232 234 234 232 228 224 230 232 232 233 232 233 232 232 232 232 231 231 231 230 230 230 229 229 228 228 228 228 227 227 228 227 227 227 226
237 235 234 234 234 233 211 187 165 156 174 201 214 204 193 199 211 219 225 223 223 227 221 217 208 203 201 221 228 228 228 221 223 225 231 232 233 233 233 234 232 233 232 231 231 231 231 230 230 230 231 233 233 228 221 222 230 232 232 232 231 233 232 231 231 232 231 231 230 230 230 230 229 229 228 228 228 228 227 227 226 227 227 227 227
240 236 235 235 235 234 218 194 187 177 160 179 204 214 210 210 212 214 218 223 218 223 223 217 213 211 213 207 223 228 228 230 227 222 226 229 229 232 234 234 232 232 231 230 230 230 230 229 231 232 232 233 231 227 223 222 228 227 229 231 231 232 231 231 231 232 231 231 231 230 229 229 229 229 228 228 227 227 227 227 226 226 227 227 227
241 236 235 235 235 235 231 224 206 180 170 164 191 215 213 201 207 209 210 215 212 219 223 220 214 212 201 216 214 227 229 229 229 228 223 225 229 227 232 233 233 232 231 230 229 229 228 229 230 231 232 232 232 228 224 223 225 226 222 230 230 231 231 231 232 232 231 231 231 230 229 229 229 229 229 228 227 228 227 227 226 226 226 226 226
243 237 236 236 236 235 235 230 203 196 174 160 192 212 214 199 199 199 203 215 205 204 213 215 213 209 206 211 222 218 228 231 231 229 229 224 227 230 230 232 233 232 231 230 230 228 224 229 230 230 230 226 225 228 226 225 223 225 217 228 230 232 231 232 232 232 231 230 230 230 230 230 229 229 228 228 227 227 227 227 226 226 226 226 225
246 238 236 236 237 235 235 234 228 212 170 153 185 201 201 194 185 191 202 206 209 189 198 192 196 207 221 219 217 227 227 228 231 227 216 227 230 226 229 231 232 232 230 230 229 228 224 222 228 229 229 227 220 218 228 223 224 228 220 224 223 229 229 227 231 232 231 231 230 230 230 229 228 228 228 228 227 228 227 227 226 226 226 226 225
-32768 246 237 239 239 240 235 234 232 222 194 167 180 178 172 170 167 169 185 202 195 178 168 177 197 205 207 214 223 224 224 226 228 230 227 226 228 227 226 230 231 229 229 230 229 229 228 228 230 230 229 227 227 215 222 225 224 227 224 223 218 223 228 228 230 232 231 231 230 230 230 229 229 229 227 227 227 227 227 227 226 226 225 225 225
-32768 -32768 -32768 246 239 239 234 233 226 211 183 177 173 141 128 147 145 139 167 196 181 173 162 160 175 203 217 220 225 226 226 227 229 229 231 231 232 230 232 232 231 230 230 231 230 230 230 230 230 231 230 228 228 223 209 216 221 224 225 222 218 220 225 230 230 231 231 231 230 230 230 229 229 229 228 227 227 227 227 227 226 226 225 225 225
-32768 -32768 -32768 241 239 239 236 233 227 192 181 187 171 156 145 149 145 144 152 177 184 170 187 176 178 185 214 224 222 226 226 227 228 228 229 231 231 233 233 233 231 230 230 231 231 231 230 230 230 232 231 229 229 227 214 210 216 222 224 224 217 221 225 227 223 229 230 231 230 230 229 229 228 228 227 227 227 227 227 227 226 226 225 226 225
-32768 -32768 250 239 238 238 237 235 225 217 216 175 145 148 158 151 151 157 152 152 154 169 190 197 192 177 203 222 224 225 226 225 227 227 229 229 230 232 232 232 232 232 232 231 232 232 232 231 231 232 231 230 229 230 223 216 219 215 220 224 215 221 222 222 225 225 227 228 230 231 229 229 228 228 228 228 228 227 227 226 226 226 225 226 225
-32768 -32768 -32768 249 241 240 237 229 217 229 215 173 159 176 154 144 148 140 154 167 176 177 189 201 205 198 209 223 225 226 225 228 226 226 227 228 229 230 232 233 232 233 233 233 232 232 233 233 233 233 231 231 229 230 230 229 225 219 219 220 217 215 218 221 222 224 223 222 224 228 229 230 229 228 227 227 227 227 227 226 226 226 226 225 224
-32768 -32768 -32768 -32768 244 244 236 226 209 223 213 183 194 199 183 144 134 147 127 167 191 191 177 190 195 209 200 217 220 226 227 225 225 226 226 227 230 232 232 232 233 232 233 233 233 233 233 233 233 233 232 231 231 230 230 231 229 228 227 222 219 214 216 222 223 222 221 224 227 230 228 229 229 228 227 227 227 227 227 226 226 226 226 225 224
-32768 -32768 -32768 -32768 -32768 240 239 236 230 223 220 212 207 163 153 125 121 145 161 150 166 195 195 204 201 199 213 212 221 224 225 223 224 227 229 229 230 231 232 232 232 232 232 232 233 233 233 233 233 233 233 233 232 230 229 231 230 229 229 229 225 221 210 218 224 224 220 226 224 229 228 229 228 228 226 226 227 227 226 226 225 226 225 225 224
-32768 -32768 -32768 -32768 -32768 240 239 238 236 237 234 228 204 180 156 142 130 126 165 172 160 167 166 194 203 208 209 212 218 222 226 224 220 224 228 230 230 230 231 231 232 232 233 233 233 232 233 232 232 232 233 233 233 232 230 230 231 230 229 229 228 223 212 216 223 226 226 226 227 228 228 228 228 228 226 226 226 226 226 225 225 225 225 225 224
-32768 -32768 -32768 -32768 -32768 247 239 238 239 237 238 236 232 210 183 164 128 111 149 175 181 174 158 188 194 208 216 219 220 223 224 225 222 216 223 228 229 230 230 231 232 232 232 232 233 232 232 232 232 232 233 233 233 233 231 232 231 231 230 229 228 219 217 219 221 228 228 229 229 229 228 229 228 228 226 226 226 226 226 226 226 226 225 225 224
-32768 -32768 -32768 -32768 -32768 249 242 240 239 239 239 236 231 221 195 162 143 128 125 145 182 187 176 194 201 207 215 220 219 219 219 225 224 222 217 227 228 230 230 232 231 231 232 232 232 232 232 233 232 232 232 232 233 233 232 233 232 230 229 229 229 228 226 228 228 228 228 229 229 229 228 228 228 228 227 226 225 225 224 225 226 225 225 225 225
