1.asc
ncols        384
nrows        456
xllcorner    93.000000000000
yllcorner    -8.000000000000
cellsize     0.041666666667
NODATA_value 0
[rows 370 to 406 of 456, columns 255 to 339 of 384]
153 156 182 200 206 213 218 219 218 222 217 214 224 228 229 229 226 229 232 232 233 232 232 232 233 232 232 232 233 233 234 234 233 233 234 234 234 234 233 233 233 232 231 230 231 230 230 229 230 229 229 228 229 229 229 228 229 228 228 228 228 228 228 228 228 227 227 227 227 227 227 227 227 226 226 226 226 227 226 226 226 226 226 226 225
180 175 190 205 212 216 221 221 217 223 222 223 224 228 228 229 225 229 231 231 232 232 231 232 233 231 232 232 233 233 233 233 234 234 234 233 233 233 233 233 233 231 231 231 231 230 230 230 230 230 229 228 229 228 229 228 229 228 228 228 228 228 228 228 228 227 227 227 227 227 227 227 227 227 226 226 227 227 226 226 226 226 226 225 226
188 189 202 211 216 219 223 225 225 226 227 226 226 228 228 227 228 230 230 231 231 232 231 232 232 230 231 232 232 232 233 233 233 234 233 232 232 232 233 232 232 231 232 231 230 230 231 230 230 230 230 229 229 228 228 229 229 228 228 228 228 228 228 228 228 227 228 227 227 227 227 227 227 227 227 226 227 227 226 226 227 226 226 227 228
181 194 199 206 215 221 223 226 226 227 227 226 227 226 227 225 230 229 230 231 230 231 231 232 230 232 232 232 232 232 233 233 234 233 232 232 232 232 233 231 232 231 231 230 230 230 230 229 229 229 229 229 229 228 229 229 229 228 228 228 228 228 228 227 227 227 228 227 228 227 227 227 227 227 227 227 227 227 227 227 227 227 226 227 228
181 196 205 204 209 215 221 223 225 225 224 224 225 225 225 224 226 226 229 228 228 230 230 230 230 231 232 232 233 233 233 233 233 233 232 232 232 232 232 231 232 230 230 230 231 230 230 230 230 229 229 229 229 229 229 229 229 228 228 228 228 228 228 227 227 227 228 228 228 228 228 228 227 227 227 227 227 227 227 227 227 227 227 228 228
182 185 206 206 196 213 216 217 220 222 221 221 222 221 222 222 224 225 225 227 227 229 229 228 229 231 232 232 232 232 233 233 233 232 232 232 232 232 232 231 231 231 231 230 231 230 231 230 230 230 229 229 229 228 229 229 229 228 228 228 228 228 228 227 227 227 228 228 228 228 228 228 227 227 227 227 227 227 227 227 227 227 228 228 228
169 165 193 209 210 209 209 209 210 215 215 216 215 216 219 221 220 221 223 223 227 227 229 227 229 230 231 232 231 232 232 233 232 232 232 232 232 231 231 231 231 231 231 231 231 230 229 229 229 229 229 228 229 229 229 229 229 228 229 228 229 228 228 228 228 228 228 228 228 228 228 228 228 228 228 228 228 228 228 228 227 228 229 229 229
168 160 181 197 208 207 205 202 202 209 211 211 209 209 213 216 215 212 216 221 226 226 227 226 228 230 230 231 231 232 232 232 232 232 232 232 232 231 231 231 232 231 231 230 231 230 230 230 230 229 229 229 229 229 229 229 229 229 229 229 229 228 228 228 228 228 228 228 228 228 228 228 228 228 228 228 228 228 228 228 228 229 229 229 228
179 174 187 176 184 203 204 200 197 203 202 204 201 196 203 206 206 193 196 217 224 225 226 225 227 229 230 230 230 231 232 232 231 231 231 231 231 231 231 230 231 230 231 230 231 230 230 229 230 230 229 228 228 229 231 229 229 229 229 229 229 229 229 229 229 228 228 228 228 228 228 229 229 229 229 228 228 228 228 228 229 229 229 229 228
198 192 189 166 166 185 202 203 200 195 173 186 192 179 186 199 193 171 181 211 221 224 224 224 227 228 229 230 231 231 232 231 231 231 231 230 230 231 231 230 231 230 231 230 230 229 229 229 230 229 229 228 228 229 234 229 229 229 229 229 229 229 229 229 229 228 228 228 228 229 229 229 229 229 228 228 228 229 228 228 228 228 229 228 228
213 206 194 187 169 172 198 205 205 197 177 181 180 160 163 190 175 166 191 209 215 220 220 223 226 227 229 229 231 231 231 230 230 230 231 230 230 230 230 230 230 230 230 230 230 229 229 230 229 228 229 228 228 229 234 229 229 229 229 229 229 229 229 229 229 229 229 229 229 229 229 230 230 229 229 229 229 229 229 229 229 230 230 229 228
220 215 209 204 193 187 206 195 186 194 169 171 156 163 168 185 174 174 195 188 199 212 215 218 223 226 228 229 231 230 230 229 230 230 230 230 230 230 230 230 230 230 230 230 230 229 230 229 229 228 228 228 228 228 229 229 229 229 229 229 229 229 229 229 229 229 229 229 229 229 229 230 229 229 229 229 229 229 229 229 229 230 230 229 229
231 227 222 214 190 175 201 196 178 196 187 174 147 171 176 183 182 191 188 164 182 202 197 202 216 219 222 229 229 228 229 229 230 230 230 230 230 229 230 230 230 229 230 230 230 229 229 228 229 228 229 228 228 228 229 229 229 229 229 229 230 230 229 229 229 229 229 229 230 230 230 230 229 229 229 230 230 229 229 230 230 230 230 230 230
237 235 234 221 194 163 181 178 170 180 186 186 183 185 179 177 177 184 177 176 188 189 163 168 204 208 206 225 228 228 229 229 229 230 230 229 230 230 230 229 229 229 230 230 230 229 229 228 228 228 228 228 228 228 229 229 230 230 230 229 230 230 229 229 229 229 230 230 230 230 230 230 229 230 230 230 230 230 230 230 230 231 230 230 230
240 241 237 233 218 203 200 182 182 178 184 186 188 190 183 176 172 166 180 186 187 178 150 173 200 207 208 223 228 228 228 228 229 229 229 229 229 229 229 229 229 229 229 229 230 229 229 229 228 228 229 229 229 229 234 230 230 230 230 229 230 230 229 229 229 230 230 230 230 231 230 230 230 230 230 230 230 230 230 231 231 231 230 230 230
251 245 237 237 235 222 208 200 198 190 184 179 180 191 186 173 164 177 185 182 178 185 180 183 196 210 217 223 226 227 228 229 229 229 229 228 229 229 229 228 229 228 229 228 229 229 229 228 229 229 228 228 229 229 236 230 230 230 230 229 230 230 229 229 230 230 230 230 230 231 231 230 230 230 230 230 230 230 230 231 231 230 230 230 230
-32768 -32768 251 243 237 234 226 219 217 199 189 187 174 186 195 180 157 169 181 184 187 178 180 190 199 207 210 210 222 224 227 227 228 228 229 228 229 229 229 229 229 229 229 227 229 229 228 228 229 229 230 229 229 229 238 230 230 230 230 229 230 230 230 230 230 231 231 230 230 231 231 231 231 231 230 230 230 230 230 231 231 231 231 231 231
-32768 -32768 -32768 -32768 237 237 237 234 224 217 207 206 197 187 202 202 186 170 171 174 177 174 185 192 199 198 200 190 213 219 226 227 227 227 228 228 228 228 229 228 229 229 229 229 229 228 226 227 228 229 230 229 229 230 238 230 230 230 230 229 230 230 231 230 231 231 231 230 230 231 231 231 231 231 231 231 231 231 232 231 231 231 231 231 231
-32768 -32768 -32768 -32768 247 239 237 236 228 223 222 218 204 182 196 217 205 189 187 183 185 177 186 198 206 208 210 213 211 222 226 226 226 227 227 227 228 228 229 229 229 229 230 230 230 227 225 226 227 229 230 230 230 230 239 231 231 230 230 230 230 230 231 231 232 231 231 231 231 231 231 231 231 231 231 231 231 232 232 232 231 231 231 231 231
-32768 -32768 -32768 -32768 -32768 245 237 236 234 229 223 216 207 190 197 219 220 203 195 197 192 176 178 190 204 213 215 218 211 219 223 226 226 226 226 227 227 227 228 228 229 229 229 230 230 228 227 228 228 228 229 230 230 230 239 231 231 231 231 231 231 231 231 232 232 231 231 231 231 231 231 231 231 231 231 231 232 232 232 232 232 232 232 232 231
-32768 -32768 -32768 -32768 -32768 -32768 245 237 237 235 228 222 211 204 199 212 221 205 197 183 184 173 154 174 200 211 217 217 220 222 225 226 226 226 227 227 228 226 227 228 228 229 230 229 230 230 228 226 227 227 229 231 231 230 238 231 232 231 231 231 232 232 232 232 232 231 231 232 232 232 232 232 232 231 231 231 232 233 232 232 232 232 232 232 232
-32768 -32768 -32768 -32768 -32768 -32768 -32768 245 237 236 233 228 219 210 201 191 212 212 207 198 174 174 185 191 204 212 217 220 222 224 224 225 226 225 226 227 227 225 226 227 228 228 229 229 230 231 229 228 227 225 228 229 231 232 232 231 231 231 231 231 232 232 232 232 232 232 232 232 232 232 232 231 231 232 231 231 232 233 233 233 232 232 232 233 232
-32768 -32768 -32768 -32768 -32768 -32768 -32768 -32768 245 237 236 233 227 218 208 205 194 215 212 210 202 185 193 193 191 205 213 219 223 225 226 226 228 227 227 226 224 225 226 227 227 228 228 228 230 230 231 228 225 227 228 226 231 241 232 233 232 232 232 232 233 232 233 232 232 233 233 233 232 232 231 231 232 232 232 232 233 233 233 233 232 232 233 233 233
-32768 -32768 -32768 -32768 -32768 -32768 -32768 -32768 -32768 237 237 236 234 229 219 213 204 200 220 220 219 211 204 197 172 188 207 216 220 220 226 227 228 226 225 223 213 215 222 227 226 226 227 227 230 230 231 230 227 226 228 230 232 245 233 233 233 232 232 233 233 233 233 232 233 233 233 233 232 231 231 231 232 232 232 233 233 233 233 233 233 233 233 233 233
-32768 -32768 -32768 -32768 -32768 -32768 -32768 -32768 -32768 250 237 237 236 235 227 219 213 204 202 229 232 229 228 213 185 173 203 212 217 221 228 228 229 226 219 213 188 209 225 230 227 226 227 228 230 230 231 231 231 229 229 231 232 -32768 234 234 234 233 233 233 233 233 233 233 233 233 233 233 232 232 232 232 232 232 232 233 233 234 234 233 233 234 234 234 234
-32768 -32768 -32768 -32768 -32768 -32768 -32768 -32768 -32768 -32768 246 237 237 236 233 224 219 214 204 207 233 235 234 232 223 218 210 199 210 219 227 227 227 221 198 183 197 210 225 233 232 223 226 227 229 231 232 232 232 231 231 232 232 -32768 234 234 234 233 233 233 233 234 234 233 233 234 233 232 232 232 232 232 232 232 232 233 233 234 234 234 234 234 234 235 235
-32768 -32768 -32768 -32768 -32768 -32768 -32768 -32768 -32768 -32768 -32768 245 240 237 237 234 226 225 214 207 221 236 236 237 235 234 226 207 217 213 217 219 221 216 191 173 203 214 225 232 234 226 223 226 228 230 233 232 233 233 233 232 233 247 235 235 235 234 234 234 234 234 234 234 234 234 233 232 232 232 232 232 232 233 233 233 234 234 234 234 234 234 235 235 234
-32768 -32768 -32768 -32768 -32768 -32768 -32768 -32768 -32768 -32768 -32768 249 245 242 237 237 235 229 223 216 213 223 238 241 248 249 235 222 225 212 204 200 199 211 215 212 221 228 231 234 235 234 227 226 229 231 232 232 233 233 233 233 233 245 234 235 235 234 234 234 235 234 235 235 235 234 233 233 232 233 233 232 232 232 233 234 235 235 234 234 235 235 235 234 234
-32768 -32768 -32768 -32768 -32768 -32768 -32768 -32768 -32768 -32768 -32768 -32768 -32768 250 245 238 237 235 234 229 219 216 220 239 242 244 237 233 232 216 220 220 204 206 226 230 231 235 235 235 235 234 232 230 230 232 233 233 233 233 234 233 234 242 235 235 235 235 235 235 236 236 236 235 235 234 233 233 233 233 233 233 233 233 234 235 235 235 235 235 235 235 234 234 234
-32768 -32768 -32768 -32768 -32768 -32768 -32768 -32768 -32768 -32768 -32768 -32768 -32768 -32768 250 237 237 237 235 232 227 225 222 219 238 238 240 241 236 234 233 231 225 222 221 215 221 234 234 235 235 235 235 234 232 231 234 233 233 233 233 233 234 238 234 234 235 235 235 236 237 236 236 236 235 235 233 233 233 233 233 233 233 233 235 235 235 235 235 235 235 234 234 234 234
-32768 -32768 -32768 -32768 -32768 -32768 -32768 -32768 -32768 -32768 -32768 -32768 -32768 -32768 -32768 248 241 238 237 235 232 232 230 224 223 239 240 241 241 241 237 231 230 222 226 207 228 235 235 236 236 236 236 236 235 234 235 233 232 233 233 234 234 234 235 235 236 236 237 237 238 237 237 236 236 234 234 234 233 233 233 234 234 234 235 235 236 235 235 235 234 234 234 234 234
-32768 -32768 -32768 -32768 -32768 -32768 -32768 -32768 -32768 -32768 -32768 -32768 -32768 -32768 -32768 -32768 244 241 238 238 235 231 231 229 231 239 239 239 239 240 241 237 237 233 224 207 230 234 236 236 236 236 236 236 236 235 235 231 227 231 232 233 234 234 235 236 237 236 237 237 237 236 237 236 236 235 234 234 234 234 234 234 234 235 236 236 236 236 235 235 234 234 234 233 233
-32768 -32768 -32768 -32768 -32768 -32768 -32768 -32768 -32768 -32768 -32768 -32768 -32768 -32768 -32768 -32768 253 247 246 238 237 234 232 230 233 239 239 238 232 239 240 244 247 237 237 233 228 234 237 237 237 236 237 236 236 236 236 216 196 223 231 233 236 235 237 237 237 237 238 238 237 236 236 236 236 235 236 235 235 234 234 235 237 237 238 237 236 236 235 235 234 234 234 233 233
-32768 -32768 -32768 -32768 -32768 -32768 -32768 -32768 -32768 -32768 -32768 -32768 -32768 -32768 -32768 -32768 -32768 -32768 251 245 238 237 234 232 234 236 239 238 231 223 240 249 -32768 -32768 237 238 233 233 235 232 236 236 237 236 237 237 236 226 206 223 227 233 238 236 237 238 238 238 239 238 237 237 234 234 236 235 237 237 237 236 235 237 238 238 238 237 236 236 236 235 234 234 234 233 233
-32768 -32768 -32768 -32768 -32768 -32768 -32768 -32768 -32768 -32768 -32768 -32768 -32768 -32768 -32768 -32768 -32768 -32768 -32768 246 240 239 238 236 236 237 240 242 239 233 249 -32768 -32768 -32768 -32768 -32768 -32768 251 238 237 238 237 238 237 237 234 237 236 236 234 230 234 236 237 238 238 239 234 238 237 236 236 237 236 235 236 236 237 238 238 239 239 237 236 237 236 236 235 235 235 234 233 233 233 232
-32768 -32768 -32768 -32768 -32768 -32768 -32768 -32768 -32768 -32768 -32768 -32768 -32768 -32768 -32768 -32768 -32768 -32768 -32768 251 242 239 239 237 237 237 238 249 -32768 -32768 -32768 -32768 -32768 -32768 -32768 -32768 -32768 -32768 -32768 248 241 239 238 237 236 231 237 236 237 236 235 235 236 237 238 237 235 232 230 234 235 235 236 236 235 236 236 236 237 237 237 237 236 236 236 236 236 235 235 234 234 232 232 231 231
-32768 -32768 -32768 -32768 -32768 -32768 -32768 -32768 -32768 -32768 -32768 -32768 -32768 -32768 -32768 -32768 -32768 -32768 -32768 -32768 249 239 239 239 239 239 239 250 -32768 -32768 -32768 -32768 -32768 -32768 -32768 -32768 -32768 -32768 -32768 -32768 248 242 239 237 228 235 237 237 237 237 239 239 236 235 237 237 235 225 223 233 235 235 235 235 235 236 236 236 236 236 236 236 236 235 236 236 236 236 235 234 233 232 231 231 231
