10.asc
ncols        384
nrows        456
xllcorner    93.000000000000
yllcorner    -8.000000000000
cellsize     0.041666666667
NODATA_value 0
[rows 222 to 258 of 456, columns 170 to 254 of 384]
241 239 239 238 239 238 239 241 241 241 242 241 242 242 242 242 242 243 243 243 243 243 244 243 243 243 242 242 243 243 244 244 244 244 244 243 244 243 245 244 244 244 244 244 245 245 244 244 244 244 244 244 243 243 242 243 242 242 242 242 242 242 241 241 241 241 240 240 238 237 235 235 234 233 232 232 231 231 231 230 230 229 229 230 230
241 240 239 237 239 240 240 240 240 241 240 241 242 242 242 242 243 243 243 244 243 243 243 243 243 243 242 242 242 243 244 244 244 244 244 244 244 244 244 244 244 244 244 244 244 244 244 243 244 243 243 243 242 243 242 242 242 242 241 241 241 242 241 241 241 242 241 240 240 239 238 236 234 233 232 232 231 231 231 231 231 231 230 231 231
241 239 237 237 237 239 240 241 240 241 242 242 242 241 242 243 243 243 243 243 242 243 243 243 243 243 242 242 242 243 243 243 244 244 244 244 244 243 244 243 243 244 244 244 244 244 244 244 243 242 242 243 242 242 241 242 241 241 240 240 240 241 240 240 240 241 240 240 239 238 237 236 236 233 232 231 231 231 231 231 231 231 231 231 232
241 238 237 238 238 239 240 241 241 242 242 242 243 243 242 243 243 243 243 243 243 243 243 243 243 243 243 243 243 244 243 243 243 243 244 243 244 242 242 242 242 243 244 244 244 243 242 242 241 242 242 242 241 241 241 241 241 241 240 240 240 240 240 240 240 240 240 240 239 238 236 236 235 235 234 231 231 231 231 231 231 231 225 217 232
238 237 238 238 239 238 240 241 241 241 242 242 242 243 242 243 243 243 243 243 242 242 243 243 243 243 243 242 242 243 243 243 243 243 243 242 243 243 241 241 241 241 242 243 243 243 242 242 240 240 241 241 241 241 240 240 240 239 239 239 239 240 239 239 239 239 238 238 238 238 237 236 235 235 234 233 233 231 230 230 230 231 227 227 231
239 239 239 239 239 240 240 242 242 242 241 241 242 242 241 242 243 242 243 243 243 243 242 243 243 243 243 242 242 243 243 243 242 243 243 241 241 241 241 241 241 241 241 242 242 243 243 242 241 241 241 241 241 240 239 239 239 239 239 239 239 240 239 239 239 239 238 238 237 238 237 237 236 235 234 233 232 231 230 229 230 231 231 230 232
240 240 240 240 241 240 241 242 242 243 242 241 241 241 241 242 243 242 242 243 243 243 243 242 243 242 242 242 243 243 243 243 242 243 242 242 241 241 241 241 241 241 242 241 241 242 242 242 241 241 240 240 239 239 239 239 238 238 239 239 239 239 239 239 238 238 238 238 237 237 236 236 235 234 234 231 229 230 230 229 229 230 231 232 231
238 238 238 239 240 241 241 241 242 243 242 242 242 242 241 242 243 243 242 242 242 243 243 243 243 243 243 242 242 243 242 242 243 243 243 242 241 241 240 241 241 241 241 241 241 241 241 241 241 241 240 240 240 240 239 239 238 238 239 239 239 239 238 238 238 238 237 237 236 236 236 235 234 234 233 233 232 231 230 230 229 230 231 232 231
237 238 239 240 239 241 240 242 241 242 242 242 242 242 243 243 243 243 242 242 242 243 243 242 243 242 243 242 242 242 242 242 242 242 241 241 241 241 240 241 241 241 241 241 241 241 240 240 241 241 240 240 239 240 238 238 239 238 239 238 238 238 238 238 237 237 236 236 236 236 235 235 233 233 233 233 232 232 231 232 229 229 230 231 231
237 237 238 240 240 241 242 241 241 243 242 241 241 242 242 242 242 242 241 243 242 242 242 243 243 242 243 243 242 242 242 242 242 243 242 241 241 241 240 241 241 241 241 241 241 240 240 239 240 241 240 240 239 239 239 238 238 238 238 238 238 238 237 237 236 236 236 236 236 235 235 234 233 233 233 233 232 232 232 230 229 230 230 231 231
238 238 239 240 241 241 241 242 242 242 242 242 241 242 242 242 242 242 242 241 241 242 242 242 242 242 242 243 242 242 241 242 242 241 243 242 241 241 240 240 241 241 241 240 240 240 239 239 240 240 243 239 238 238 239 239 238 238 238 238 238 238 237 237 236 236 236 236 235 235 234 234 233 233 233 232 232 232 232 230 230 230 230 231 231
237 238 239 241 241 241 241 242 241 241 242 241 241 242 242 242 241 242 243 243 243 242 242 242 242 241 241 242 242 242 241 241 242 243 243 242 241 241 241 241 241 240 240 240 239 240 239 240 240 240 241 239 238 238 238 239 238 238 237 238 238 237 236 236 236 237 236 235 235 235 234 234 233 233 233 232 232 233 232 233 232 230 230 232 232
237 236 238 240 240 241 241 241 242 241 241 241 242 242 242 242 240 242 243 242 242 242 242 242 242 241 240 242 241 241 242 241 241 242 242 243 241 240 240 241 241 240 240 240 239 239 239 240 241 241 240 239 238 238 237 238 238 237 238 238 238 237 237 237 236 236 235 235 234 235 234 234 233 232 232 233 232 232 231 232 232 232 232 232 233
237 237 237 240 240 241 241 241 242 242 241 242 242 242 242 242 241 242 242 241 242 242 241 242 242 242 241 242 241 241 242 242 241 241 242 242 242 241 242 240 241 241 240 240 240 239 239 240 240 240 240 239 238 238 238 238 238 238 238 238 237 237 237 237 236 236 236 235 235 235 234 233 232 232 232 232 232 231 231 231 231 233 233 232 233
239 239 239 240 239 240 241 241 241 241 242 243 242 242 242 242 242 242 241 242 242 242 241 242 242 242 242 242 241 242 243 243 241 241 242 242 242 242 241 241 240 240 240 240 239 240 241 241 240 240 240 239 238 237 238 238 238 238 237 237 237 237 236 236 235 234 234 235 234 235 233 233 233 233 232 231 231 231 231 227 230 231 232 233 232
239 239 239 240 240 240 240 242 241 241 242 242 242 242 242 242 242 243 241 241 241 241 241 241 241 241 242 243 242 242 243 243 242 241 241 242 242 241 241 241 241 240 240 240 240 241 240 240 240 239 240 240 237 237 238 238 238 238 237 237 237 237 236 235 235 235 234 234 233 234 233 233 233 233 232 231 230 231 226 230 231 231 232 232 232
239 240 240 240 240 241 240 241 241 241 242 242 242 242 242 242 242 243 241 241 241 241 241 241 241 242 242 243 243 243 243 243 242 241 241 240 241 241 241 241 241 240 240 240 240 240 239 240 240 240 239 240 238 238 238 238 238 238 237 237 237 237 235 235 235 235 235 233 233 233 233 233 233 233 232 232 231 230 229 230 230 231 231 232 233
240 240 239 240 239 241 241 241 240 241 241 242 241 241 242 242 242 242 241 241 241 241 241 242 242 243 242 244 243 243 243 243 242 241 242 242 240 241 241 241 241 241 240 240 239 240 239 240 240 239 239 240 239 238 237 238 238 238 236 237 237 236 236 236 235 235 234 233 233 233 232 233 232 232 232 232 232 231 231 230 230 230 231 231 232
238 239 239 239 240 241 240 241 240 241 240 241 241 241 242 242 241 241 241 242 242 242 242 242 243 242 242 242 242 242 243 243 243 242 243 243 242 242 241 242 241 241 240 240 240 240 241 242 240 240 239 239 240 240 238 238 238 238 237 237 237 237 236 236 236 236 234 234 233 233 232 232 232 233 232 232 232 232 230 231 230 231 231 231 232
238 239 240 240 241 240 240 240 240 241 239 239 241 241 241 242 241 241 242 242 241 242 242 242 242 242 241 241 241 242 242 243 243 243 243 243 242 242 241 241 241 241 240 240 240 240 241 241 240 240 239 239 239 239 239 238 239 238 237 237 236 236 236 235 235 234 234 234 234 233 232 232 231 232 233 233 232 232 230 231 230 230 231 231 231
236 239 240 240 240 241 240 241 240 239 240 239 239 241 241 241 241 242 242 242 242 242 242 243 242 243 240 241 240 241 241 241 241 242 243 243 242 242 242 242 241 241 240 240 240 240 241 240 240 240 239 239 238 239 239 239 238 237 237 236 236 236 235 235 235 235 233 234 234 234 232 232 231 232 234 233 232 232 231 231 229 230 230 231 232
228 229 236 240 240 240 240 241 240 239 238 239 240 241 241 242 242 242 243 242 242 242 243 242 243 243 242 241 240 240 241 241 241 241 242 242 242 242 242 241 241 240 240 241 240 241 240 240 240 240 240 239 239 239 238 239 238 237 237 236 237 236 234 234 234 235 234 233 233 234 233 233 232 233 235 232 232 232 231 231 230 230 230 231 231
214 216 226 232 235 237 238 240 241 241 240 239 241 241 241 241 242 243 243 243 243 243 243 243 243 243 243 242 241 241 240 240 241 240 242 242 242 243 242 242 242 241 240 241 241 241 240 240 240 240 240 239 238 239 238 239 238 238 237 236 236 236 235 236 235 235 234 234 233 233 233 233 233 233 233 232 232 232 231 230 230 230 230 231 231
208 198 206 228 231 233 233 239 240 240 241 242 240 241 241 241 242 242 243 243 243 243 243 243 244 243 243 243 242 241 241 240 240 241 241 241 242 243 242 242 241 241 242 241 241 241 241 240 240 239 239 239 238 238 238 238 238 238 238 237 237 237 236 236 236 236 235 235 234 234 233 233 233 233 233 233 232 232 231 229 230 230 230 230 231
224 222 208 209 215 231 232 235 239 240 240 240 239 240 241 241 242 242 242 242 242 243 242 242 243 244 243 243 243 242 241 241 241 240 241 242 241 242 242 242 242 242 241 241 241 241 241 241 240 240 239 239 239 239 238 238 237 238 238 237 237 236 235 235 235 235 235 235 234 234 234 233 233 233 233 233 232 232 231 231 230 230 230 230 230
218 230 233 228 224 227 233 235 236 240 240 239 238 240 241 241 241 240 241 242 242 242 242 242 242 243 243 243 243 243 242 242 241 241 242 242 242 243 242 243 241 242 241 241 241 241 241 241 240 240 239 239 239 238 238 238 237 237 237 237 236 236 235 235 235 235 234 234 233 234 234 233 233 233 232 232 232 232 231 231 230 230 230 230 229
221 222 231 236 224 232 232 235 236 238 239 240 240 241 240 241 241 240 240 241 241 242 243 243 242 243 244 244 243 243 243 242 242 242 242 243 243 243 243 243 242 241 241 242 241 241 241 241 240 240 239 239 239 239 238 239 238 238 237 237 236 236 235 235 235 235 234 234 234 234 234 233 233 233 232 233 231 233 232 231 230 231 230 231 230
220 219 214 231 230 226 235 238 238 234 237 240 241 241 241 241 241 239 239 241 241 242 242 243 242 244 244 244 243 244 243 243 242 243 243 243 243 242 243 242 241 242 242 242 241 241 241 240 240 240 239 239 239 238 239 239 238 238 238 237 236 236 236 235 235 235 234 234 234 234 233 233 234 233 232 232 232 232 232 232 231 231 231 231 231
218 227 205 218 235 229 228 237 238 238 235 236 239 240 240 241 241 241 241 241 241 242 243 243 244 244 243 242 243 244 244 244 244 244 243 242 242 243 242 243 242 241 242 241 242 241 241 241 240 240 239 239 239 239 239 239 239 238 238 237 237 237 236 236 235 235 234 234 234 234 234 234 234 233 232 232 233 232 232 232 231 231 231 231 230
206 222 222 211 225 235 227 228 234 238 238 234 233 237 239 241 241 241 241 241 240 240 242 242 243 243 243 243 243 243 243 244 244 243 242 242 241 242 242 242 241 240 241 242 241 241 241 241 240 240 240 239 239 240 239 239 239 239 237 237 237 236 236 236 235 235 234 234 234 233 233 234 234 233 233 233 232 232 231 231 231 231 231 231 230
207 203 221 207 217 234 231 225 234 237 238 237 234 232 235 237 240 241 242 241 239 240 241 241 242 242 242 243 243 243 243 243 243 244 243 242 241 241 242 242 241 241 241 243 242 242 241 241 240 240 240 239 240 240 239 239 239 239 238 238 237 237 236 235 235 235 235 234 234 234 233 234 234 233 233 233 232 232 233 232 231 231 231 231 230
223 191 199 205 208 226 233 224 228 235 237 237 238 235 232 236 238 241 242 240 238 239 240 241 242 242 241 242 243 243 243 243 243 243 243 242 242 242 241 242 241 242 242 243 242 242 241 242 241 241 240 239 239 240 239 239 239 239 238 237 237 237 237 236 235 235 234 234 234 234 234 234 234 233 233 232 232 233 233 231 231 231 231 230 230
229 200 200 206 211 205 223 230 225 231 235 236 238 238 234 237 238 238 240 238 238 239 241 243 242 243 243 243 243 243 244 244 244 244 243 243 243 243 243 243 243 243 243 243 242 242 242 241 241 241 241 240 239 240 240 240 239 239 238 238 237 237 237 236 235 235 235 235 235 235 234 235 234 233 233 233 233 233 232 231 231 231 231 231 231
229 202 177 194 210 219 224 226 215 214 229 236 238 239 239 239 238 239 238 239 241 242 243 242 242 243 243 243 243 243 243 243 244 244 244 244 243 242 243 243 243 243 243 243 242 242 241 240 240 240 241 240 239 240 240 240 239 238 238 238 237 238 237 237 237 236 235 235 236 236 235 234 233 234 233 233 233 233 232 232 232 231 231 231 231
226 197 159 181 204 212 211 223 229 222 226 229 237 237 238 238 238 237 237 239 242 241 240 239 240 240 241 242 242 242 243 244 243 243 243 243 244 242 242 243 243 243 243 243 242 241 241 241 241 241 241 241 241 240 240 240 239 239 238 238 237 237 237 237 237 237 236 236 236 236 235 234 234 234 234 233 233 233 232 232 232 231 231 231 230
222 192 167 198 208 205 215 221 228 233 232 230 230 234 235 237 235 237 238 237 238 238 239 239 240 239 240 242 242 242 242 243 243 243 243 243 243 243 243 243 243 243 243 243 241 240 240 240 241 241 240 241 240 241 240 240 239 239 238 238 237 238 237 238 238 237 236 236 235 235 235 235 234 234 233 233 233 233 232 232 232 231 231 231 231
210 200 150 189 179 198 200 215 223 230 233 236 231 229 234 235 234 235 234 232 230 235 240 240 240 239 239 239 241 242 242 243 243 244 243 244 243 243 243 242 243 242 242 243 242 242 241 240 240 241 241 241 240 241 240 240 240 240 239 239 238 239 238 237 237 237 237 236 236 236 235 235 235 234 234 234 233 233 232 233 232 232 232 231 231
