10.asc
ncols        384
nrows        456
xllcorner    93.000000000000
yllcorner    -8.000000000000
cellsize     0.041666666667
NODATA_value 0
[rows 0 to 36 of 456, columns 85 to 169 of 384]
-32768 -32768 -32768 -32768 -32768 -32768 -32768 -32768 274 273 274 -32768 -32768 -32768 274 273 273 271 270 268 268 266 263 261 261 262 262 261 262 261 261 262 262 261 260 260 260 260 256 254 259 259 259 259 259 256 256 257 258 258 258 258 257 255 252 243 245 254 248 239 235 232 235 246 250 251 251 253 254 253 254 257 257 258 258 259 259 259 260 261 261 262 262 263 263
-32768 -32768 -32768 -32768 -32768 -32768 -32768 -32768 275 273 274 -32768 -32768 -32768 273 -32768 -32768 -32768 -32768 273 272 267 264 261 261 262 262 261 262 261 262 263 261 252 260 260 260 259 255 255 254 259 259 259 259 259 257 258 260 259 257 257 257 252 251 238 241 252 248 242 232 238 243 251 252 252 252 253 254 254 256 257 257 258 258 258 259 259 260 260 261 262 262 263 263
-32768 -32768 -32768 -32768 -32768 -32768 -32768 -32768 -32768 -32768 274 274 -32768 274 273 -32768 -32768 -32768 -32768 -32768 -32768 269 264 262 262 263 263 262 262 262 264 263 252 251 260 258 258 253 257 256 256 259 259 259 259 258 257 257 260 258 257 257 257 252 243 235 236 248 248 242 246 248 249 250 253 253 251 252 255 256 255 255 256 257 258 258 258 259 260 260 261 261 261 262 262
-32768 -32768 -32768 -32768 -32768 -32768 -32768 -32768 -32768 -32768 -32768 -32768 -32768 -32768 -32768 -32768 -32768 -32768 -32768 -32768 -32768 269 265 263 262 263 264 263 263 264 265 264 256 258 259 258 255 257 259 258 254 253 259 258 259 259 258 257 258 257 256 257 252 251 242 247 241 247 245 246 251 251 250 253 254 251 250 253 255 256 256 256 257 257 258 258 259 259 260 260 261 261 261 262 262
-32768 -32768 -32768 -32768 -32768 -32768 -32768 -32768 -32768 -32768 -32768 -32768 -32768 -32768 -32768 -32768 -32768 -32768 -32768 -32768 273 270 265 263 263 264 264 264 263 264 264 263 261 260 260 260 259 260 259 259 259 253 259 259 259 259 259 257 258 257 254 255 249 251 245 248 248 242 244 251 251 251 253 254 253 250 251 252 253 254 257 257 258 258 258 258 258 259 260 260 261 260 261 261 262
-32768 -32768 -32768 -32768 -32768 -32768 -32768 -32768 -32768 -32768 -32768 -32768 -32768 -32768 -32768 -32768 -32768 -32768 -32768 -32768 -32768 270 266 264 264 264 264 264 263 263 263 262 261 261 261 261 260 259 259 260 258 255 257 259 259 259 259 257 258 256 253 252 249 251 246 251 248 240 248 251 252 252 254 254 252 250 254 254 254 258 258 258 258 258 258 258 259 259 260 260 260 260 260 261 261
-32768 -32768 -32768 -32768 -32768 -32768 -32768 -32768 -32768 -32768 -32768 -32768 -32768 -32768 -32768 -32768 -32768 -32768 -32768 -32768 -32768 271 266 265 265 265 265 264 263 262 261 261 261 261 261 260 260 260 260 260 256 255 259 259 260 259 257 257 257 256 252 253 252 249 252 250 245 244 251 248 252 252 254 254 253 251 255 255 255 257 256 257 257 258 258 258 259 259 259 259 260 260 261 260 260
-32768 -32768 -32768 -32768 -32768 -32768 -32768 -32768 -32768 -32768 -32768 -32768 -32768 -32768 -32768 -32768 -32768 -32768 -32768 -32768 273 271 267 266 266 265 264 263 263 262 262 261 260 260 260 260 260 260 260 260 256 257 259 260 262 259 256 257 257 254 250 253 251 251 249 245 238 248 249 246 252 253 255 254 253 253 256 256 256 256 256 256 257 257 257 258 259 259 259 259 259 260 260 260 260
-32768 -32768 -32768 -32768 -32768 -32768 -32768 -32768 -32768 -32768 -32768 -32768 -32768 -32768 -32768 -32768 -32768 -32768 -32768 -32768 -32768 271 269 268 267 266 264 262 261 261 262 261 260 260 260 260 260 260 260 260 258 253 259 259 259 259 257 256 255 250 247 252 247 252 245 247 244 249 242 247 253 254 255 254 254 252 254 256 256 256 256 255 256 257 257 258 258 258 258 259 259 260 260 260 260
-32768 -32768 -32768 -32768 -32768 -32768 -32768 -32768 -32768 -32768 -32768 -32768 -32768 -32768 -32768 -32768 -32768 -32768 -32768 -32768 -32768 272 270 268 267 265 264 262 260 260 261 261 260 261 260 258 260 260 260 260 259 259 259 259 261 259 258 256 255 245 239 249 248 253 253 252 252 249 247 250 254 254 255 255 255 255 257 256 256 256 256 256 256 257 257 258 258 257 258 259 259 260 260 259 259
-32768 -32768 -32768 -32768 -32768 -32768 -32768 -32768 -32768 -32768 -32768 -32768 -32768 -32768 -32768 -32768 -32768 -32768 -32768 -32768 273 271 269 267 267 266 264 262 261 260 262 261 260 260 256 257 258 260 260 260 257 260 260 263 260 259 257 256 252 240 244 252 253 252 254 254 252 248 248 249 252 254 255 255 253 255 257 256 256 255 255 256 256 257 257 257 257 257 258 258 259 259 259 259 259
-32768 -32768 -32768 -32768 -32768 -32768 -32768 -32768 -32768 -32768 -32768 -32768 -32768 -32768 -32768 -32768 -32768 -32768 -32768 -32768 273 272 269 267 267 265 264 262 261 261 261 260 258 260 260 260 260 260 260 255 256 260 259 260 259 259 258 256 254 249 250 251 254 253 254 253 251 243 247 251 252 254 255 255 255 256 256 255 255 255 255 256 256 256 257 257 257 257 258 258 258 258 258 259 259
-32768 -32768 -32768 -32768 -32768 -32768 -32768 -32768 -32768 -32768 -32768 -32768 -32768 -32768 -32768 -32768 -32768 -32768 -32768 -32768 272 271 269 268 267 265 263 260 260 261 261 260 255 255 260 261 261 260 258 258 255 259 259 260 259 259 257 257 254 251 253 253 250 254 254 251 246 247 244 250 250 253 255 256 255 255 255 255 256 255 255 255 256 256 257 257 257 257 257 258 258 258 258 258 258
-32768 -32768 -32768 -32768 -32768 -32768 -32768 -32768 -32768 -32768 -32768 -32768 -32768 -32768 -32768 -32768 -32768 -32768 -32768 -32768 272 270 269 268 267 265 262 261 261 261 261 261 255 255 259 261 260 260 260 260 260 260 259 259 260 259 258 257 254 253 253 249 252 254 252 250 242 243 239 246 249 251 254 255 255 253 254 255 256 256 255 255 256 256 257 257 257 257 257 257 258 258 258 258 258
-32768 -32768 -32768 -32768 -32768 -32768 -32768 -32768 -32768 -32768 274 272 274 -32768 -32768 -32768 -32768 -32768 -32768 273 272 270 269 268 267 264 262 261 262 261 260 261 256 258 259 260 260 260 260 260 260 260 260 259 259 259 259 257 256 255 254 251 254 254 251 245 237 238 242 247 249 251 253 254 254 253 254 254 255 256 256 255 256 256 257 257 257 257 257 257 257 257 257 258 258
-32768 -32768 -32768 -32768 -32768 -32768 -32768 -32768 -32768 -32768 271 270 272 -32768 -32768 -32768 -32768 -32768 -32768 273 272 270 268 267 266 264 263 262 261 262 261 261 261 260 260 260 260 260 260 260 260 260 260 260 260 259 259 258 256 255 254 250 254 254 250 243 244 239 247 246 249 251 253 253 253 253 254 254 255 256 256 255 256 256 256 257 257 257 257 256 257 257 257 256 256
-32768 -32768 -32768 -32768 -32768 -32768 -32768 -32768 -32768 274 271 270 273 -32768 -32768 -32768 -32768 -32768 -32768 273 271 270 268 267 266 265 263 262 262 262 261 260 261 260 260 261 261 261 261 260 260 260 260 260 260 259 259 254 253 252 254 256 255 254 251 248 243 244 245 247 250 252 253 256 255 254 254 254 255 255 255 255 256 256 256 256 256 255 256 256 256 256 257 256 256
-32768 -32768 -32768 -32768 -32768 -32768 -32768 -32768 -32768 -32768 -32768 274 -32768 -32768 -32768 -32768 -32768 -32768 -32768 -32768 272 269 268 267 266 265 264 264 262 262 262 261 260 261 261 261 261 261 260 261 261 261 260 260 260 260 260 254 248 255 255 256 256 251 250 249 241 248 248 249 250 251 252 253 254 253 254 254 254 255 255 255 255 255 256 256 256 255 255 255 256 256 256 255 256
-32768 -32768 -32768 -32768 -32768 -32768 -32768 -32768 -32768 -32768 -32768 -32768 -32768 -32768 -32768 -32768 -32768 -32768 -32768 -32768 272 269 267 266 266 265 264 263 263 262 262 261 260 260 260 261 261 260 260 261 258 260 261 260 260 260 259 257 249 255 256 256 255 247 247 248 243 250 249 249 250 251 251 251 252 253 254 254 254 255 255 254 255 255 255 255 255 255 255 255 255 255 256 256 256
-32768 -32768 -32768 -32768 -32768 -32768 -32768 -32768 -32768 -32768 -32768 -32768 -32768 -32768 -32768 -32768 -32768 -32768 -32768 -32768 272 269 267 267 266 266 265 264 263 262 262 261 260 261 261 260 260 260 261 258 261 261 261 261 261 261 259 257 244 255 257 257 254 251 250 243 244 249 247 250 251 252 250 250 253 253 254 254 254 255 255 254 255 255 255 255 255 255 254 254 254 255 255 255 255
-32768 -32768 -32768 -32768 -32768 -32768 -32768 -32768 -32768 -32768 -32768 -32768 -32768 -32768 -32768 -32768 -32768 -32768 -32768 -32768 273 270 268 268 267 267 266 264 263 263 263 262 261 261 258 260 261 261 259 252 256 257 260 261 261 262 262 256 253 258 257 254 255 253 246 241 246 250 248 249 251 251 249 252 253 253 253 254 254 254 254 254 254 254 254 254 254 254 254 253 253 254 255 255 255
-32768 -32768 -32768 -32768 -32768 -32768 -32768 -32768 -32768 -32768 274 273 -32768 -32768 -32768 -32768 -32768 -32768 -32768 -32768 273 270 269 268 267 268 268 265 264 264 263 262 262 262 261 260 261 261 263 260 261 260 257 261 261 262 262 257 255 259 258 249 254 254 247 245 248 244 246 249 250 252 252 252 253 253 253 254 253 254 254 254 254 254 255 254 254 254 248 247 253 254 254 254 255
-32768 -32768 -32768 -32768 -32768 -32768 -32768 -32768 -32768 -32768 -32768 273 -32768 -32768 -32768 -32768 -32768 -32768 -32768 273 271 269 268 266 266 270 271 265 264 263 262 262 262 262 260 261 261 261 261 259 257 256 261 261 262 262 262 260 257 260 255 248 254 247 247 240 235 236 245 249 251 252 251 252 253 253 253 254 254 254 254 254 254 254 254 254 254 253 250 249 254 253 254 254 254
-32768 -32768 -32768 -32768 -32768 -32768 -32768 -32768 -32768 -32768 -32768 -32768 -32768 -32768 -32768 -32768 -32768 -32768 272 271 270 268 266 265 265 270 272 264 264 264 263 262 262 262 260 262 262 262 262 255 247 257 260 262 262 262 263 260 258 257 254 243 254 243 242 240 236 233 241 248 251 252 252 252 254 254 254 254 255 254 254 254 254 254 254 254 253 253 253 252 253 253 253 254 254
-32768 -32768 -32768 -32768 -32768 -32768 -32768 -32768 -32768 -32768 -32768 -32768 -32768 -32768 -32768 -32768 -32768 273 272 270 269 266 265 265 265 266 266 264 264 264 263 262 261 261 261 262 262 262 254 242 246 258 262 261 262 263 261 261 261 259 257 247 250 234 233 235 240 244 250 251 252 253 253 253 254 254 254 253 254 254 254 254 254 254 253 253 253 253 253 253 253 252 253 253 253
-32768 -32768 -32768 -32768 -32768 -32768 274 274 -32768 -32768 -32768 -32768 -32768 -32768 -32768 -32768 273 272 271 270 268 266 265 265 264 263 262 263 264 263 263 262 261 261 261 261 261 262 251 246 256 264 262 262 262 264 264 260 261 261 249 245 235 222 231 240 250 247 251 253 253 252 252 253 255 255 255 254 254 254 254 254 254 253 253 253 253 253 253 253 252 252 252 253 253
-32768 -32768 -32768 -32768 -32768 -32768 -32768 -32768 -32768 -32768 -32768 -32768 -32768 -32768 -32768 -32768 272 272 271 269 268 266 265 265 264 262 261 263 263 263 262 261 261 261 261 261 261 261 251 261 263 267 262 262 264 264 261 262 261 260 252 246 231 241 241 249 252 251 246 252 252 252 252 252 253 254 254 254 254 253 253 254 254 253 252 252 253 252 252 252 252 252 252 252 252
-32768 -32768 -32768 -32768 -32768 -32768 -32768 -32768 -32768 -32768 -32768 -32768 -32768 -32768 -32768 -32768 273 272 271 269 268 266 266 265 264 262 262 263 263 262 262 261 261 261 261 257 261 252 254 261 261 262 262 263 264 260 261 261 261 259 240 240 237 244 253 250 251 251 247 251 253 251 253 253 253 255 255 254 255 254 254 254 254 253 252 252 253 253 252 252 252 252 252 252 252
-32768 -32768 -32768 -32768 -32768 -32768 -32768 -32768 -32768 -32768 -32768 -32768 -32768 -32768 -32768 -32768 -32768 273 272 269 268 266 265 264 262 262 262 263 263 262 262 262 261 261 261 250 252 260 261 261 261 262 262 264 264 258 261 261 260 254 231 239 238 247 250 242 243 246 242 248 252 252 253 256 254 255 255 255 254 254 254 254 254 252 252 251 252 252 252 252 252 252 252 240 252
-32768 -32768 -32768 -32768 -32768 -32768 -32768 -32768 -32768 -32768 -32768 -32768 -32768 -32768 -32768 -32768 -32768 -32768 273 270 268 266 264 263 262 262 262 263 263 262 262 262 261 261 261 258 259 261 260 261 261 262 262 263 260 261 261 259 260 252 241 249 252 253 250 243 238 248 247 250 252 253 253 258 255 255 255 255 254 254 254 254 253 253 252 251 252 252 252 252 252 252 245 239 245
-32768 -32768 -32768 -32768 -32768 -32768 -32768 -32768 -32768 -32768 -32768 -32768 -32768 -32768 -32768 -32768 -32768 -32768 273 270 267 265 263 263 263 262 262 263 262 262 262 262 261 261 261 261 261 257 261 261 262 261 262 263 259 260 261 258 260 256 241 250 251 248 246 241 236 243 250 251 251 252 252 256 254 255 254 254 254 254 253 252 253 252 251 251 251 251 252 252 251 251 250 242 239
-32768 -32768 -32768 -32768 -32768 -32768 -32768 -32768 -32768 -32768 -32768 -32768 -32768 -32768 -32768 -32768 -32768 -32768 273 271 268 265 263 263 264 264 264 263 262 262 262 262 261 261 261 261 261 258 261 261 262 262 262 262 262 261 258 259 259 241 240 249 248 240 243 244 237 246 250 250 251 252 253 253 253 255 255 255 254 254 254 253 252 252 252 251 251 251 251 252 252 251 252 250 242
-32768 -32768 -32768 -32768 -32768 -32768 -32768 -32768 -32768 -32768 -32768 -32768 -32768 -32768 -32768 -32768 -32768 -32768 273 271 268 264 262 263 263 264 264 263 262 262 262 262 261 261 255 260 261 260 261 260 262 262 261 262 262 261 261 259 255 249 250 245 244 233 241 243 237 248 250 250 251 252 252 252 256 254 255 254 254 254 253 252 252 252 251 250 251 251 251 252 252 251 251 251 251
-32768 -32768 -32768 -32768 -32768 -32768 -32768 -32768 -32768 -32768 -32768 -32768 -32768 -32768 -32768 -32768 -32768 -32768 272 271 267 265 263 262 263 263 263 263 262 262 262 262 261 261 258 260 260 262 262 262 262 262 261 262 261 260 259 260 251 258 253 248 246 235 242 240 242 249 251 252 252 252 253 252 254 254 255 254 254 253 253 253 252 252 251 249 251 251 251 252 252 251 251 252 251
-32768 -32768 -32768 -32768 -32768 -32768 -32768 -32768 -32768 -32768 -32768 -32768 -32768 -32768 -32768 -32768 -32768 -32768 272 270 267 264 263 262 262 263 263 264 262 262 261 261 260 261 261 260 260 261 261 261 262 262 261 261 261 260 259 259 258 256 251 253 249 233 238 234 242 250 251 251 252 249 252 252 252 256 255 255 253 253 253 252 253 252 251 247 251 251 251 251 251 245 245 249 250
-32768 -32768 -32768 -32768 -32768 -32768 -32768 -32768 -32768 -32768 -32768 -32768 -32768 -32768 -32768 -32768 -32768 -32768 272 269 266 264 263 262 262 263 263 264 262 262 261 261 260 260 261 260 260 261 262 261 262 262 262 261 261 256 258 257 255 256 243 240 241 231 234 236 243 250 251 251 252 250 253 251 253 254 254 255 254 253 254 252 252 252 251 247 251 251 251 251 251 248 233 237 249
-32768 -32768 -32768 -32768 -32768 -32768 -32768 -32768 -32768 -32768 -32768 -32768 -32768 -32768 -32768 -32768 -32768 -32768 271 267 265 263 262 262 262 263 263 263 263 262 261 260 260 260 260 260 261 261 261 261 262 262 263 259 257 258 259 250 247 249 234 219 226 235 240 240 244 249 251 251 252 251 252 252 252 252 253 253 254 253 253 252 252 252 252 250 251 251 251 250 251 250 237 237 245
