10.asc
ncols        384
nrows        456
xllcorner    93.000000000000
yllcorner    -8.000000000000
cellsize     0.041666666667
NODATA_value 0
[rows 259 to 295 of 456, columns 170 to 254 of 384]
193 211 157 159 183 194 192 216 213 223 223 230 235 231 225 235 235 233 232 230 231 226 235 241 241 241 242 240 240 242 243 243 243 243 244 244 243 242 242 242 242 242 242 242 242 243 241 240 239 240 241 241 240 241 240 240 239 239 240 240 239 238 237 237 237 237 236 236 236 235 235 234 235 234 234 234 233 233 232 233 232 232 232 232 231
194 208 201 151 181 179 195 185 201 222 228 228 232 235 228 226 233 234 231 235 230 230 229 240 241 240 241 242 243 243 243 242 243 243 243 243 242 243 243 243 242 242 242 243 242 242 242 241 240 240 241 241 240 241 240 240 239 239 239 239 238 238 237 237 237 237 236 236 236 236 235 236 235 235 234 234 234 234 233 233 232 232 232 232 231
203 204 211 185 158 164 179 154 177 206 213 225 232 234 235 232 227 230 235 236 234 234 236 234 240 241 240 242 244 243 242 241 242 242 242 242 242 243 243 243 242 242 243 243 242 242 242 241 240 240 240 241 241 240 240 240 240 240 239 239 238 238 237 238 237 237 236 236 235 235 236 236 235 235 234 234 233 233 233 233 232 232 232 232 231
210 195 208 202 165 155 158 141 171 211 219 212 216 210 232 236 232 223 223 233 238 239 235 233 238 238 242 243 242 242 241 240 241 241 241 241 241 242 241 241 243 242 242 242 242 243 242 241 241 241 240 240 241 241 241 241 240 239 239 239 238 239 238 238 237 237 236 236 236 236 235 236 234 234 235 234 234 234 233 233 233 233 232 232 232
214 207 213 220 194 172 165 178 185 220 223 186 188 181 205 225 226 231 223 219 229 239 239 236 237 235 240 242 240 242 242 241 241 241 241 241 241 241 240 239 241 243 243 243 242 243 242 243 241 241 240 240 241 241 240 240 240 239 239 239 239 239 238 238 237 237 236 236 236 236 235 235 234 235 234 234 234 234 233 233 233 233 232 232 232
217 204 222 223 195 189 187 184 196 202 198 188 182 176 187 200 205 229 231 228 229 237 239 240 240 241 241 242 241 240 242 242 240 240 240 240 241 240 240 240 241 241 243 243 243 243 242 242 242 242 242 242 241 241 241 241 241 240 239 239 239 239 238 238 238 237 237 237 236 236 236 235 235 235 234 234 234 234 234 234 233 233 233 232 232
232 213 221 216 183 182 188 190 192 194 200 203 199 197 190 183 210 229 219 228 232 232 237 239 240 242 242 242 243 240 241 242 241 239 239 240 240 240 240 240 240 241 242 242 243 243 242 242 243 242 241 241 241 241 241 241 240 240 239 239 239 239 238 238 237 237 237 236 237 237 235 235 235 235 235 235 234 234 234 233 233 233 233 232 233
232 221 222 208 171 175 176 186 198 204 211 212 205 207 201 199 216 224 228 227 232 232 234 240 243 242 240 240 242 240 241 242 242 240 238 239 239 239 239 239 239 240 240 241 242 242 243 243 242 242 241 243 241 241 242 241 240 240 239 240 240 239 239 238 237 238 237 237 237 236 236 236 236 236 235 235 234 234 234 234 233 234 233 233 233
223 213 212 211 201 198 180 172 185 195 205 212 206 210 213 205 203 220 221 217 223 232 235 240 241 239 239 240 242 240 241 242 242 241 239 238 239 238 238 239 239 240 240 240 240 242 242 242 241 241 241 243 241 241 240 240 240 239 240 240 239 239 239 239 238 237 238 238 237 237 237 236 235 236 235 235 235 234 234 234 233 234 233 233 234
211 194 182 196 203 198 178 184 176 198 208 213 214 214 215 204 185 206 205 209 212 232 233 236 232 236 238 239 242 241 240 241 241 242 240 238 238 237 237 238 239 239 240 240 241 242 242 241 241 240 241 241 241 242 241 240 240 240 240 240 240 239 239 239 238 238 238 238 236 236 236 236 236 236 236 236 235 235 235 235 233 233 233 233 234
198 178 195 177 191 196 187 192 189 180 204 211 212 213 215 210 194 208 215 215 205 223 234 236 233 234 235 239 240 242 240 240 241 241 241 239 237 237 237 237 238 239 239 240 240 241 241 241 241 240 240 242 242 241 241 240 240 240 239 239 239 239 238 239 238 238 238 237 237 237 237 237 236 237 236 236 236 235 235 235 234 233 233 233 233
195 196 217 197 179 188 189 190 191 194 197 207 210 205 202 210 211 203 213 217 220 221 234 235 227 223 232 238 240 242 241 240 240 241 242 241 240 238 238 238 238 238 240 240 239 240 241 241 241 240 239 241 241 242 241 241 240 240 240 240 240 240 239 239 239 238 237 238 237 237 237 237 237 237 236 236 235 235 234 234 234 233 233 233 233
220 202 219 204 172 179 188 187 185 178 186 198 203 180 164 199 213 204 197 215 228 231 225 232 223 217 234 235 240 240 241 240 240 241 241 241 241 239 240 239 239 240 240 239 239 240 240 241 242 240 240 240 241 242 241 242 241 241 241 241 240 240 239 239 238 239 238 238 237 237 238 237 237 237 236 236 235 235 234 234 234 234 233 233 233
217 188 208 200 166 161 169 180 158 132 172 191 194 170 162 192 214 203 197 197 212 227 223 222 224 225 230 233 237 239 240 239 239 240 240 241 241 240 240 239 239 240 240 239 239 239 240 241 242 242 241 241 241 242 241 242 242 242 241 241 241 240 239 239 239 238 238 238 237 238 238 238 237 237 236 236 236 236 235 235 235 234 233 233 233
222 198 199 187 189 136 138 173 137 121 175 198 208 195 192 208 216 209 207 212 201 218 215 222 212 214 220 234 236 240 240 238 239 239 240 240 240 241 241 240 240 240 239 239 238 238 239 240 242 242 242 242 242 242 242 241 241 242 241 242 241 241 239 239 239 238 238 238 238 238 238 238 237 237 236 236 236 236 235 235 234 234 233 233 233
227 220 203 204 197 142 169 186 178 174 192 207 214 209 208 214 220 206 209 217 198 217 218 222 221 221 223 234 236 235 239 238 237 239 239 239 240 242 243 242 241 241 240 240 240 240 240 240 241 242 242 242 242 242 241 240 240 242 241 242 242 241 241 240 239 239 239 239 239 238 238 238 237 237 237 236 235 235 235 235 235 234 234 234 233
233 234 228 224 219 202 203 190 201 198 204 211 219 222 219 218 229 219 221 221 219 210 221 219 222 223 225 236 232 234 237 237 237 237 238 239 242 242 242 242 242 242 241 241 241 241 241 241 241 243 242 242 242 242 241 240 240 241 242 242 241 241 240 240 240 239 239 239 239 239 238 238 237 237 237 236 235 235 235 235 235 235 234 234 234
238 235 233 232 231 227 223 193 197 210 210 214 217 220 225 223 227 231 227 225 225 220 213 221 223 229 224 231 235 232 236 238 237 237 239 242 242 241 241 241 242 242 242 243 242 242 242 242 242 242 242 242 242 242 242 242 241 240 242 242 240 240 240 240 240 240 239 239 239 239 238 238 237 237 237 237 236 236 235 235 235 235 234 234 234
239 236 236 236 236 233 230 192 176 207 223 218 220 218 223 227 224 227 233 227 225 211 228 228 228 228 219 228 234 236 238 239 239 239 242 242 240 240 240 240 240 240 241 242 242 242 242 242 241 241 241 242 241 242 242 242 242 242 241 241 240 240 239 240 240 240 239 239 239 239 238 238 236 237 237 237 236 236 235 235 235 235 235 235 234
240 239 239 239 237 235 228 202 181 194 223 221 210 214 221 230 227 226 234 234 221 207 226 219 224 230 230 225 231 232 238 241 241 241 242 239 238 239 238 239 239 240 241 241 242 241 241 242 240 240 240 241 242 242 240 241 241 242 242 241 240 241 240 241 240 240 239 240 239 238 238 238 237 237 237 237 236 236 235 235 235 235 235 235 235
240 240 240 240 239 239 231 211 181 166 214 224 208 210 216 224 224 223 233 234 233 226 220 212 219 229 233 237 230 230 230 238 241 242 239 238 238 237 239 240 239 240 242 241 240 241 241 240 239 239 240 241 242 241 238 236 240 241 241 241 241 241 241 241 240 240 239 239 239 238 238 238 237 237 237 237 236 236 235 235 236 236 236 235 235
244 241 241 240 241 240 222 206 180 184 191 222 217 209 209 209 221 229 233 234 235 233 230 224 216 214 232 237 234 235 231 231 233 240 240 239 239 239 239 241 241 241 240 240 241 240 241 240 238 239 240 242 242 240 236 232 238 240 241 241 241 241 240 240 240 240 239 239 239 239 237 237 237 237 236 237 236 236 235 235 236 236 235 235 235
243 242 241 241 241 239 218 194 173 165 182 208 221 211 201 206 218 226 233 231 231 234 228 225 216 211 209 230 236 235 236 229 231 233 239 240 241 241 242 241 240 241 240 239 240 240 239 239 238 238 239 242 241 236 229 230 238 240 240 240 239 241 240 240 240 240 239 239 239 238 238 238 237 237 237 237 236 236 235 235 235 236 235 235 235
247 243 242 241 242 241 225 202 194 185 168 186 212 222 218 217 219 221 226 231 226 230 230 225 221 219 221 215 231 236 237 238 235 230 234 237 237 240 241 241 240 239 239 238 238 238 238 238 239 240 240 241 239 235 231 230 236 235 237 239 239 240 239 239 240 240 240 239 239 238 238 238 237 237 236 236 235 235 235 235 234 234 235 235 235
248 243 242 242 242 242 238 232 213 187 178 172 198 222 221 209 214 217 218 222 220 227 230 228 222 220 209 224 221 235 237 237 237 236 231 233 237 235 240 241 241 240 239 238 237 237 237 238 238 239 240 240 240 236 232 231 233 234 231 238 238 239 239 240 240 240 239 239 239 238 237 237 237 237 236 236 235 236 235 235 234 234 234 234 235
249 243 242 242 243 242 242 237 211 203 182 168 199 219 221 206 207 207 211 223 213 212 221 223 220 217 213 219 230 226 236 238 238 237 237 232 235 238 238 239 241 240 240 238 238 236 232 237 237 238 238 234 232 236 233 233 231 233 225 237 238 239 239 240 239 239 239 238 238 238 238 237 237 237 236 236 235 235 235 235 234 234 234 234 233
253 245 242 242 243 242 242 241 236 219 178 160 193 208 209 201 192 198 210 214 216 197 206 200 204 214 229 227 225 235 235 236 238 235 223 235 238 234 237 239 240 240 238 237 237 236 231 230 236 237 237 235 228 226 236 231 232 236 228 232 232 237 237 235 239 240 239 239 238 238 238 237 237 236 236 236 235 236 235 235 234 234 234 234 233
-32768 252 243 246 245 246 241 241 239 228 202 175 188 186 180 178 175 177 192 210 203 186 177 186 205 212 215 222 231 232 232 234 236 238 235 234 236 235 234 238 239 237 237 239 238 238 237 236 238 238 237 235 234 223 230 233 232 235 232 231 227 231 236 236 238 240 239 239 238 238 237 237 237 237 235 235 235 235 235 234 234 234 233 233 233
-32768 -32768 -32768 253 246 246 240 239 233 218 191 185 180 149 136 155 153 147 175 204 188 182 170 168 183 211 225 228 232 234 234 235 237 237 239 239 239 238 239 240 239 238 238 239 239 238 238 238 238 238 238 236 236 231 217 224 229 232 233 230 226 228 233 238 238 239 239 239 238 238 238 237 237 237 236 235 234 235 234 234 234 234 233 233 233
-32768 -32768 -32768 248 246 245 243 240 234 199 189 195 179 163 153 158 153 152 160 185 192 177 195 184 186 192 221 231 230 234 234 235 236 236 237 239 240 240 240 240 239 238 238 239 239 239 238 238 238 239 238 237 237 235 222 218 224 230 232 232 225 229 233 235 231 236 238 239 238 238 237 237 236 236 235 235 235 235 234 234 234 234 233 233 232
-32768 -32768 256 246 244 245 244 242 232 224 223 183 153 155 166 159 159 165 160 160 163 178 198 204 199 185 211 230 232 232 234 233 235 235 237 237 238 240 240 240 240 240 240 239 240 240 239 239 239 240 238 238 236 237 232 224 226 223 228 231 224 229 230 229 232 233 235 236 237 238 237 237 236 236 235 236 235 235 234 234 234 234 233 233 232
-32768 -32768 -32768 255 248 247 243 236 224 235 222 181 167 183 162 152 156 148 162 175 184 185 197 209 212 206 217 231 232 234 233 235 234 234 235 235 238 238 240 241 240 241 241 241 241 240 240 240 241 240 239 238 237 238 237 237 233 227 226 228 224 223 226 229 230 233 231 230 231 236 236 237 237 236 235 235 235 235 235 234 234 234 234 233 232
-32768 -32768 -32768 -32768 251 250 242 233 215 230 220 190 201 206 191 152 142 155 136 175 198 198 185 199 202 216 208 225 227 233 235 233 233 234 234 235 239 240 240 240 241 240 241 241 241 241 241 240 241 241 240 239 239 237 238 238 236 236 235 229 227 222 224 229 232 231 229 232 235 237 236 236 236 236 235 235 234 234 234 234 234 234 234 233 232
-32768 -32768 -32768 -32768 -32768 246 245 243 237 231 228 220 214 171 160 133 129 153 168 158 174 203 203 212 209 207 220 219 229 232 233 231 232 234 237 237 239 239 239 240 239 239 239 240 240 241 241 241 241 241 241 241 240 238 237 239 237 237 237 236 233 228 218 226 232 232 228 234 231 237 236 236 236 235 234 234 234 234 234 233 233 233 233 233 232
-32768 -32768 -32768 -32768 -32768 246 246 244 243 244 241 235 211 187 163 149 138 134 172 179 167 175 174 202 211 215 216 220 225 230 233 232 229 232 236 237 238 238 239 239 239 239 240 241 240 240 241 240 240 240 240 241 241 240 238 238 238 238 237 237 236 231 220 224 231 234 234 234 235 236 235 236 236 235 233 234 234 234 234 233 233 233 233 233 232
-32768 -32768 -32768 -32768 -32768 253 246 245 245 244 245 243 239 218 190 172 136 119 157 183 189 182 165 196 202 215 223 227 228 231 232 233 229 223 231 236 237 238 238 239 239 240 240 239 240 240 241 240 240 240 240 240 241 241 239 239 239 239 238 237 235 227 225 226 228 236 236 236 237 237 236 236 236 235 233 233 234 234 233 234 234 234 233 233 232
-32768 -32768 -32768 -32768 -32768 256 249 246 246 246 246 243 238 228 202 170 151 136 134 153 190 195 184 202 209 215 223 228 227 226 227 232 232 229 224 234 235 238 237 241 238 239 239 240 239 239 240 241 240 240 240 240 241 241 240 240 240 238 237 237 236 235 233 235 236 236 236 237 237 237 236 236 236 236 234 234 232 233 232 233 234 233 233 233 232
