10.asc
ncols        384
nrows        456
xllcorner    93.000000000000
yllcorner    -8.000000000000
cellsize     0.041666666667
NODATA_value 0
[rows 333 to 369 of 456, columns 255 to 339 of 384]
242 243 243 243 243 245 245 245 245 244 244 244 244 244 243 244 244 245 246 246 246 247 246 247 247 247 247 247 247 247 247 247 247 247 247 246 246 246 246 245 245 245 244 243 244 243 243 242 242 241 241 240 241 241 241 240 240 239 239 239 238 237 236 236 236 234 235 234 233 233 233 232 234 233 232 231 232 232 231 231 231 230 229 229 229
241 242 243 243 243 244 244 244 245 244 244 244 244 244 244 245 245 245 245 246 246 246 246 246 247 247 247 247 247 247 247 247 247 247 247 246 245 245 245 244 244 244 244 244 244 244 244 242 242 241 241 240 240 240 240 239 238 238 239 238 238 238 238 236 235 235 235 233 232 232 233 233 233 233 232 231 230 230 230 230 230 229 229 229 229
241 242 242 243 243 243 244 245 245 245 244 245 245 245 245 245 245 246 246 246 246 246 246 246 247 247 247 247 247 247 247 247 247 247 246 246 246 245 245 244 244 244 244 244 243 243 244 242 242 241 241 240 240 239 239 239 239 238 238 237 238 238 238 237 235 235 235 233 232 229 232 232 232 232 232 230 230 230 230 230 230 229 229 229 228
241 242 242 242 242 243 243 244 243 245 245 245 245 245 245 246 246 246 246 247 247 247 247 247 247 247 247 247 247 247 247 247 247 246 246 245 245 245 245 244 244 244 244 243 243 242 242 242 241 241 241 240 239 239 239 238 238 238 237 238 238 237 237 236 236 235 234 233 233 232 232 232 231 231 231 231 230 230 229 230 230 229 229 228 228
241 241 242 242 241 242 243 243 243 245 244 245 245 245 245 245 245 246 246 247 247 247 247 247 247 247 247 247 247 247 246 247 246 246 246 245 245 245 245 244 244 244 243 243 243 242 242 242 242 240 240 240 240 239 239 238 238 238 237 238 238 237 237 235 236 235 235 234 233 233 233 231 231 230 230 231 231 231 230 230 230 229 228 228 228
241 241 241 241 242 242 242 243 243 245 245 245 245 245 245 245 245 245 246 246 246 247 247 247 247 247 247 247 247 246 246 246 246 246 246 245 245 245 245 245 244 243 243 242 243 242 242 241 241 240 240 240 239 239 239 238 238 237 237 238 238 236 235 235 235 235 235 234 233 232 232 232 231 231 231 230 230 230 230 229 229 229 228 227 227
240 241 241 241 241 241 242 243 243 244 244 245 245 245 245 245 244 245 246 246 246 247 247 247 246 247 247 247 247 246 246 246 246 246 246 245 244 244 244 243 243 243 243 242 243 242 242 241 241 240 240 239 240 239 239 238 238 237 237 237 237 236 236 235 235 234 234 234 233 234 233 232 232 232 231 230 230 230 230 229 229 229 229 228 228
240 241 240 241 241 242 242 243 243 244 243 244 244 244 245 245 245 245 245 244 245 245 246 246 246 246 246 246 246 246 246 246 246 245 245 244 244 244 244 243 243 242 242 242 242 242 242 241 241 240 240 239 239 238 238 238 237 237 237 236 236 235 235 235 235 234 234 233 234 233 234 233 233 232 232 230 230 230 229 229 228 229 228 227 227
240 240 240 241 242 242 242 242 242 243 243 243 245 244 245 245 245 245 244 245 245 245 245 246 246 246 246 246 246 246 246 246 246 246 245 245 244 244 244 244 243 243 243 242 242 242 242 241 241 240 240 239 239 238 238 238 237 236 236 236 236 234 234 235 235 235 234 233 233 233 233 233 233 232 232 230 230 230 230 228 228 228 228 228 227
240 240 240 241 242 242 242 241 241 242 243 243 244 244 244 245 245 244 244 245 245 245 245 246 246 246 246 246 246 246 246 246 246 245 245 245 245 244 244 243 244 243 243 242 242 241 241 241 240 239 239 239 238 238 238 237 236 236 236 235 235 235 235 235 234 234 233 233 233 233 232 232 232 231 231 230 230 230 229 229 228 228 228 227 227
240 240 241 240 241 241 241 241 242 242 242 243 244 244 244 244 244 244 244 245 245 245 245 245 245 246 246 246 246 246 246 245 245 245 245 245 244 244 244 243 243 243 243 242 242 241 241 240 241 239 239 238 238 238 237 236 236 236 237 235 235 235 235 235 234 233 233 233 233 232 232 232 232 231 231 231 230 230 230 230 229 228 228 227 227
239 241 241 241 241 241 241 241 242 243 243 244 244 244 243 244 243 243 244 245 244 244 244 245 245 245 245 245 245 245 245 244 245 245 245 244 244 243 243 243 243 243 243 242 242 241 241 240 240 240 239 239 238 238 237 237 237 236 237 236 236 235 235 234 234 233 233 233 233 233 232 232 231 231 231 231 230 230 230 229 228 228 227 227 226
240 241 241 242 242 242 242 242 243 243 243 243 243 243 243 243 243 243 243 244 243 244 244 245 245 245 245 245 245 245 245 245 245 245 245 244 244 243 243 243 243 243 242 242 242 241 241 240 240 239 240 238 239 237 238 237 237 236 236 236 236 235 235 234 234 233 233 233 233 233 232 232 231 231 231 230 230 229 229 229 229 228 228 227 227
240 241 241 241 242 242 243 243 243 243 243 243 242 242 242 242 242 243 243 244 244 244 244 244 244 245 245 245 245 245 245 244 245 244 244 244 244 243 243 243 243 242 243 241 241 240 240 239 239 238 239 238 238 237 237 237 237 236 236 235 236 235 235 234 234 233 233 232 233 232 232 231 231 231 230 230 229 229 230 229 229 228 228 227 227
239 240 241 242 242 242 242 242 242 242 243 242 242 241 242 241 242 243 242 242 244 244 244 244 244 245 245 245 245 245 245 244 245 244 244 243 243 243 243 243 243 242 242 241 241 239 239 239 239 238 238 238 238 237 239 237 237 236 236 235 236 235 235 234 234 233 233 232 232 232 232 231 231 231 230 230 229 229 230 229 229 228 228 227 227
240 241 241 242 241 242 241 241 241 243 243 242 243 243 242 243 243 243 243 243 244 245 245 245 244 245 244 244 244 244 245 244 244 244 243 243 243 243 243 242 242 242 241 241 241 240 239 239 239 238 238 237 237 237 239 236 236 236 236 235 235 235 234 233 234 233 233 233 233 232 232 231 231 231 231 230 229 229 229 228 228 228 228 227 227
240 240 241 242 240 241 241 240 241 242 241 243 243 242 242 243 243 244 243 244 244 245 245 245 245 244 244 244 244 244 244 244 244 244 243 242 243 243 243 242 241 241 241 240 240 240 240 239 239 238 238 237 237 238 237 236 236 236 236 235 235 234 234 233 233 233 233 232 232 232 231 231 231 231 231 230 230 229 229 228 228 228 228 228 227
240 240 241 242 240 241 241 240 241 242 242 241 242 243 243 243 242 243 243 244 242 244 244 244 244 243 244 244 244 244 244 244 243 243 243 243 243 243 243 242 242 240 240 239 240 240 239 238 239 238 238 237 237 239 237 236 236 235 235 234 234 234 234 233 233 232 232 232 232 231 231 231 231 230 230 230 230 229 229 229 229 228 227 227 227
240 241 241 242 240 240 241 239 241 240 240 240 242 242 241 243 243 242 242 243 244 244 244 243 243 244 244 243 243 243 244 243 243 243 243 243 243 243 243 242 242 241 241 240 240 239 239 238 238 238 238 237 236 239 237 236 236 236 235 234 234 234 234 233 233 233 232 232 232 231 231 231 231 230 230 230 230 230 229 229 229 228 227 227 227
240 241 240 240 240 240 240 241 240 240 240 241 241 241 242 243 243 243 243 243 244 244 244 244 244 244 244 243 244 244 244 243 243 243 243 242 243 243 243 242 242 241 241 240 239 238 238 237 238 238 238 237 236 236 236 236 236 235 236 234 234 234 234 233 233 232 232 232 232 231 231 230 230 230 230 230 230 229 229 229 229 228 228 228 228
240 240 240 241 240 239 240 240 240 239 240 241 241 241 242 242 242 242 243 243 243 243 244 243 243 244 243 242 243 243 244 243 242 242 242 243 243 243 242 242 242 241 241 240 240 239 239 238 238 237 237 237 236 236 236 235 236 236 235 234 235 234 234 233 233 233 232 232 232 232 231 230 230 230 230 230 230 230 229 229 229 228 228 228 228
240 239 239 239 241 239 240 239 240 240 240 240 241 241 241 242 242 243 242 242 243 244 243 243 243 243 243 243 244 243 243 243 242 242 243 243 243 242 242 242 242 241 241 240 240 239 239 238 238 237 237 237 236 236 235 235 236 235 235 234 234 234 234 233 233 232 232 232 232 231 231 230 230 231 230 230 230 229 229 229 228 228 228 227 227
240 232 233 239 239 239 239 238 238 239 240 239 240 240 241 241 242 242 242 243 243 243 243 243 243 243 243 242 243 243 243 243 242 242 242 242 243 242 242 242 242 241 241 240 240 239 239 238 238 237 237 237 237 236 235 235 237 235 236 235 234 234 234 233 232 232 232 232 232 231 231 231 231 231 231 230 230 229 229 229 229 228 228 227 227
235 230 231 238 238 238 238 238 237 238 239 240 240 239 240 241 242 241 243 243 242 242 243 243 243 243 242 243 243 242 243 243 242 242 242 242 242 242 242 242 241 241 240 240 240 239 239 238 238 237 237 236 236 236 235 234 238 235 236 235 234 234 234 233 233 232 232 232 232 231 231 231 230 230 230 230 230 230 230 229 229 228 228 227 227
214 218 221 236 237 237 237 237 238 238 239 239 239 240 241 241 241 242 243 242 242 242 242 242 242 242 242 242 242 242 242 242 241 242 242 241 242 242 242 241 241 240 240 239 240 239 239 238 238 237 237 236 236 235 235 235 236 235 236 235 234 234 234 233 233 232 232 232 231 231 231 230 230 230 230 230 230 230 230 229 229 228 228 228 227
186 204 221 234 236 236 236 235 238 239 239 239 240 241 241 241 241 242 242 241 242 242 242 242 242 241 242 241 241 242 242 242 242 242 242 242 242 242 242 241 241 239 239 239 239 239 239 238 238 237 237 236 236 235 235 236 236 235 235 234 234 234 234 233 233 232 232 232 231 231 231 230 230 230 230 230 229 230 230 229 229 229 228 228 227
185 205 214 231 232 233 234 236 237 238 239 239 240 241 241 241 242 241 241 242 242 242 242 242 241 241 242 242 242 242 242 241 241 242 242 242 242 242 241 240 240 239 240 239 239 239 239 238 238 237 237 236 236 235 235 237 236 235 235 234 234 234 234 233 233 232 232 231 232 231 231 230 230 230 230 230 230 230 230 229 229 229 228 228 228
206 212 218 228 227 228 231 234 237 238 239 240 240 241 241 242 241 241 241 241 242 242 242 241 241 242 241 241 241 241 242 241 241 241 242 242 241 241 240 239 240 240 240 239 239 239 239 237 237 237 237 236 236 235 236 235 236 235 235 234 234 233 233 233 233 232 232 231 232 231 231 230 230 230 230 230 230 229 229 229 229 229 229 228 228
209 211 216 224 228 233 234 236 238 239 239 240 241 241 241 241 240 240 240 241 241 240 241 241 241 242 242 241 241 241 241 241 241 242 242 242 242 240 240 239 240 239 240 239 240 239 238 237 237 237 237 236 236 235 238 235 235 235 235 234 234 233 233 233 233 232 232 231 231 231 231 231 231 230 230 230 230 229 229 229 229 229 229 228 228
203 209 214 223 225 224 222 230 237 239 240 241 240 241 241 240 240 240 240 241 241 240 240 240 241 241 241 241 241 241 240 241 241 242 242 241 240 239 240 240 240 240 240 239 239 238 238 237 237 237 236 235 235 235 236 234 235 235 235 234 234 234 233 233 233 231 231 231 231 231 231 231 231 231 231 231 230 229 229 229 229 229 229 228 228
197 200 216 217 214 207 214 225 233 238 239 239 241 241 240 241 240 240 240 240 240 240 240 240 241 241 240 240 240 240 241 240 241 242 242 241 240 239 239 239 240 239 239 238 239 238 238 237 237 237 237 236 236 235 235 234 235 234 235 234 234 233 233 233 233 232 231 231 231 231 231 231 231 231 231 231 231 230 229 229 229 230 229 228 228
176 179 204 208 202 188 200 217 230 239 239 240 240 240 240 239 239 239 239 239 239 239 240 240 240 239 239 240 239 240 241 241 242 241 241 240 239 238 239 239 239 238 239 238 238 237 238 237 237 236 236 235 235 236 235 234 234 234 234 234 234 233 234 233 233 232 232 231 231 231 231 231 231 231 231 231 231 230 230 230 231 230 229 229 229
152 180 200 200 194 187 200 215 229 237 239 239 240 239 239 239 238 238 239 239 239 240 240 240 240 239 239 239 240 240 240 241 241 240 240 239 239 239 239 239 239 239 240 239 239 238 238 237 237 236 236 235 235 239 235 234 234 234 234 233 234 233 234 233 233 233 232 231 231 231 231 231 231 231 231 231 230 230 230 231 231 230 229 229 229
155 184 192 197 201 198 216 222 231 235 236 237 239 238 238 238 238 238 239 239 239 239 240 240 240 240 240 239 240 239 239 240 239 239 240 239 239 239 239 239 239 239 239 238 238 237 238 237 237 236 236 235 236 239 235 235 235 234 234 234 234 233 233 233 233 233 232 232 232 231 231 231 231 231 231 231 231 230 230 230 230 230 230 229 229
150 178 194 200 208 212 217 226 230 233 235 237 238 236 237 237 238 238 238 239 239 238 239 240 241 241 242 241 241 240 239 240 240 239 240 240 240 239 239 239 239 239 239 238 238 237 238 237 237 236 236 235 235 237 235 234 234 234 234 234 234 234 234 233 233 233 233 232 232 231 231 231 231 231 231 231 231 231 231 230 229 230 230 229 230
169 175 195 209 211 218 218 216 225 232 233 236 237 235 235 237 238 237 238 238 239 239 240 241 241 241 241 241 241 241 241 240 240 240 240 240 239 238 238 238 239 239 239 238 238 238 238 237 237 236 236 235 235 235 235 234 235 234 234 234 234 233 233 233 233 233 233 232 233 232 231 231 232 232 231 231 231 232 232 230 230 230 230 230 230
170 185 197 208 213 219 223 222 225 229 231 232 235 236 237 237 237 237 237 238 240 240 240 240 240 240 240 241 240 241 241 241 241 241 241 241 240 238 238 238 239 239 238 238 238 237 237 236 236 236 235 235 235 235 235 235 235 234 234 233 233 233 233 233 233 233 233 232 232 232 232 232 232 231 231 231 231 232 231 231 231 231 230 230 230
