11.asc
ncols        384
nrows        456
xllcorner    93.000000000000
yllcorner    -8.000000000000
cellsize     0.041666666667
NODATA_value 0
[rows 296 to 332 of 456, columns 170 to 254 of 384]
-32768 -32768 -32768 -32768 -32768 -32768 243 237 234 234 233 232 217 206 201 168 159 164 148 126 163 188 188 190 187 200 201 209 206 212 214 216 217 218 216 219 220 221 222 225 223 223 223 223 224 224 224 225 225 225 225 224 224 225 225 224 223 222 220 221 221 220 219 219 220 219 219 219 220 220 219 219 218 218 217 217 216 218 215 215 215 215 215 216 215
-32768 -32768 -32768 -32768 -32768 -32768 -32768 242 237 235 233 231 222 215 198 182 188 164 137 127 156 192 182 176 188 188 196 202 205 208 216 216 216 218 217 218 220 221 222 223 222 223 224 225 225 225 225 225 225 225 225 226 225 224 224 224 224 223 221 222 222 220 220 221 219 218 219 219 219 219 218 216 216 217 216 215 216 217 216 216 214 215 215 216 215
-32768 -32768 -32768 -32768 -32768 -32768 -32768 247 241 237 236 233 229 230 215 200 207 173 163 152 146 186 202 189 190 192 199 198 201 205 214 214 216 216 217 217 219 220 221 222 223 224 225 225 224 224 225 226 226 225 226 226 226 224 223 224 225 224 222 223 222 221 222 221 219 214 218 220 219 219 217 217 217 217 217 216 215 217 217 217 216 216 216 217 216
-32768 -32768 -32768 -32768 -32768 -32768 -32768 -32768 241 237 236 233 232 225 217 216 194 189 185 165 139 162 196 204 198 186 185 199 196 208 208 213 214 215 214 215 216 218 218 220 221 221 223 224 223 222 223 225 226 226 225 225 226 225 224 224 225 225 224 223 224 223 222 223 221 220 218 219 219 220 218 215 217 216 218 219 217 217 217 218 217 217 217 217 216
-32768 -32768 -32768 -32768 -32768 -32768 -32768 -32768 242 236 236 236 233 227 224 212 207 197 187 164 158 148 175 200 195 180 191 196 204 201 205 209 211 213 213 213 213 215 217 220 220 221 222 222 224 224 225 225 224 225 226 226 226 226 226 226 224 224 223 224 223 224 223 223 221 219 219 221 220 220 219 218 217 217 217 218 218 219 218 219 218 218 218 218 218
-32768 -32768 -32768 -32768 -32768 -32768 -32768 -32768 -32768 242 238 236 233 232 229 211 216 199 199 165 164 147 138 172 192 180 190 194 198 201 201 199 202 206 209 210 212 215 218 219 218 221 220 220 222 224 226 224 224 225 225 226 226 226 225 223 223 224 223 222 222 224 224 224 222 221 220 221 220 221 219 219 219 218 219 218 217 219 219 219 218 218 218 218 218
-32768 -32768 -32768 -32768 -32768 -32768 -32768 -32768 -32768 -32768 242 237 233 233 232 227 220 203 202 178 184 152 135 160 161 172 182 185 181 191 186 183 187 195 205 207 210 212 216 217 217 219 219 221 221 223 222 224 225 224 225 226 226 226 225 224 223 224 223 223 223 223 223 224 223 223 222 222 221 222 220 219 220 220 219 219 218 220 219 219 218 218 218 218 218
-32768 -32768 -32768 -32768 -32768 -32768 -32768 -32768 -32768 -32768 245 237 234 234 233 233 229 217 203 186 192 164 150 134 117 141 149 155 143 158 164 148 159 186 200 203 206 212 215 213 215 217 220 223 223 222 222 224 225 226 225 225 225 225 225 225 225 225 225 225 223 222 222 223 224 224 223 223 222 223 221 221 220 221 220 219 219 220 219 218 219 219 217 217 218
-32768 -32768 -32768 -32768 -32768 -32768 -32768 -32768 -32768 -32768 -32768 247 241 238 234 234 232 222 212 210 199 176 161 144 112 111 116 109 73 139 145 117 118 167 191 201 203 205 208 210 217 219 222 221 220 223 222 221 223 226 225 226 224 224 224 225 225 225 225 225 225 224 224 225 223 223 223 224 223 223 222 223 222 222 221 221 221 221 220 219 218 218 218 217 217
-32768 -32768 -32768 -32768 -32768 -32768 -32768 -32768 -32768 -32768 -32768 -32768 -32768 241 234 233 233 228 219 210 196 186 173 158 138 124 112 108 109 142 152 126 123 148 179 189 182 175 192 193 207 196 217 213 216 221 222 223 224 225 225 225 224 225 225 225 225 224 225 225 224 225 225 223 223 222 222 222 221 222 222 222 222 222 221 221 220 220 219 219 218 217 217 217 217
-32768 -32768 -32768 -32768 -32768 -32768 -32768 -32768 -32768 -32768 -32768 -32768 -32768 245 237 233 233 232 226 212 198 191 176 174 149 153 142 137 143 152 151 135 132 151 167 176 155 166 171 179 192 187 195 192 195 218 220 221 222 224 223 224 224 225 225 226 225 225 225 225 224 223 223 223 221 222 220 221 221 222 223 223 222 221 220 222 221 220 218 220 219 218 218 219 219
-32768 -32768 -32768 -32768 -32768 -32768 -32768 -32768 -32768 -32768 -32768 -32768 -32768 247 237 235 233 232 229 221 203 206 204 193 154 162 157 153 149 153 148 140 156 158 162 170 170 172 163 169 191 196 202 205 211 215 215 216 220 220 224 225 224 225 226 226 225 225 224 224 224 224 224 223 222 223 222 223 222 223 223 222 221 220 219 220 221 219 219 220 220 220 219 219 219
-32768 -32768 -32768 -32768 -32768 -32768 -32768 -32768 -32768 -32768 -32768 -32768 -32768 246 238 235 234 234 232 229 222 218 212 201 185 174 154 165 157 150 145 135 160 166 166 148 161 160 161 173 181 188 203 210 215 217 218 218 222 221 223 225 225 226 226 225 226 225 224 224 223 224 223 224 222 223 223 224 224 224 223 222 222 221 221 221 221 221 220 221 222 221 220 220 220
-32768 -32768 -32768 -32768 -32768 -32768 -32768 -32768 -32768 -32768 -32768 -32768 -32768 244 236 235 235 234 233 232 227 216 203 190 175 154 161 165 168 165 139 130 156 158 154 135 142 145 169 179 163 174 194 202 213 215 216 220 220 220 223 225 224 225 225 225 226 226 223 222 223 220 221 223 222 223 223 223 224 225 223 222 222 222 220 221 221 221 221 222 222 223 221 220 220
-32768 -32768 -32768 -32768 -32768 -32768 -32768 -32768 -32768 -32768 -32768 -32768 -32768 -32768 240 238 235 235 234 233 229 217 215 203 182 179 170 155 169 173 171 139 155 151 137 135 159 144 154 187 194 183 202 211 210 217 218 222 223 223 225 224 225 225 225 225 226 226 226 224 223 221 215 216 223 223 223 224 223 225 223 223 222 222 222 222 223 223 223 223 223 223 223 223 222
-32768 -32768 -32768 -32768 -32768 -32768 -32768 -32768 -32768 -32768 -32768 -32768 -32768 -32768 -32768 245 239 236 234 234 232 227 221 209 195 194 170 144 160 168 186 170 164 162 150 145 163 161 155 191 185 199 197 204 212 216 216 220 223 223 225 224 223 224 225 226 226 226 226 226 226 225 224 221 224 223 223 223 224 225 223 223 222 222 221 222 223 223 222 222 223 223 223 223 223
-32768 -32768 -32768 -32768 -32768 -32768 -32768 -32768 -32768 -32768 -32768 -32768 -32768 -32768 -32768 -32768 242 238 234 233 232 231 228 215 212 198 190 163 150 154 178 189 179 176 150 138 140 178 184 185 170 179 199 209 211 217 221 223 223 224 225 225 225 225 225 225 225 226 225 226 226 227 226 225 225 224 225 225 224 224 224 224 223 222 221 223 222 223 223 223 223 224 224 224 224
-32768 -32768 -32768 -32768 -32768 -32768 -32768 -32768 -32768 -32768 -32768 -32768 -32768 -32768 -32768 -32768 -32768 239 234 234 233 234 233 226 219 211 198 173 175 160 160 186 188 184 167 159 152 166 173 175 167 187 192 201 215 214 212 219 222 223 225 226 225 225 225 225 226 226 226 226 226 226 226 226 225 224 225 225 224 224 223 224 223 221 221 222 221 223 224 224 224 224 223 223 224
-32768 -32768 -32768 -32768 -32768 -32768 -32768 -32768 -32768 -32768 -32768 -32768 -32768 -32768 -32768 -32768 -32768 244 234 234 234 234 234 231 226 222 204 198 180 156 140 166 188 189 186 180 167 155 162 188 193 199 202 195 216 222 219 220 222 224 225 225 225 224 225 226 226 226 226 227 226 226 226 226 225 225 226 225 224 224 223 223 222 221 222 221 222 222 223 224 224 224 224 224 225
-32768 -32768 -32768 -32768 -32768 -32768 -32768 -32768 -32768 -32768 -32768 -32768 -32768 -32768 -32768 -32768 -32768 234 233 233 233 233 233 233 231 224 219 199 186 170 144 157 177 189 188 186 180 175 168 184 196 200 202 215 216 211 219 221 221 223 224 223 224 224 225 225 226 226 227 227 227 227 227 227 226 226 225 225 225 225 223 222 222 221 222 222 222 223 222 223 223 224 225 225 225
-32768 -32768 -32768 -32768 -32768 -32768 -32768 -32768 -32768 -32768 -32768 -32768 -32768 -32768 -32768 -32768 -32768 234 233 233 233 233 233 233 233 229 217 203 201 177 151 158 163 178 181 182 187 186 187 190 203 209 208 208 212 215 216 217 221 223 222 223 223 224 224 225 226 226 226 226 226 226 227 227 226 226 225 225 225 225 224 223 221 221 222 223 223 222 223 224 225 225 225 225 225
-32768 -32768 -32768 -32768 -32768 -32768 -32768 -32768 -32768 -32768 -32768 -32768 -32768 -32768 -32768 -32768 -32768 234 234 233 234 233 233 233 233 231 224 220 207 194 186 157 127 153 174 178 179 185 187 193 200 203 205 205 210 212 215 217 214 218 221 221 222 223 223 225 225 225 226 226 226 226 227 227 227 226 224 225 225 224 224 223 222 222 222 222 224 223 223 223 224 224 224 225 225
-32768 -32768 -32768 -32768 -32768 -32768 -32768 -32768 -32768 -32768 -32768 -32768 -32768 -32768 -32768 -32768 -32768 -32768 235 234 234 234 234 234 234 233 228 219 213 202 195 168 162 140 165 167 163 175 184 190 193 196 197 202 207 211 214 214 217 219 219 219 222 223 223 224 225 225 226 226 226 226 226 226 226 226 225 225 225 225 224 224 223 224 224 224 224 225 224 224 224 225 224 224 225
-32768 -32768 -32768 -32768 -32768 -32768 -32768 -32768 -32768 -32768 -32768 -32768 -32768 -32768 -32768 -32768 -32768 -32768 235 234 234 234 234 234 233 233 231 225 219 211 201 190 182 158 161 156 145 152 171 186 186 190 192 197 202 208 212 215 213 214 217 218 219 221 221 224 224 223 224 225 226 227 227 227 226 226 225 224 224 224 223 223 223 224 224 225 224 224 225 224 224 224 224 225 225
-32768 -32768 -32768 -32768 -32768 -32768 -32768 -32768 -32768 -32768 -32768 -32768 -32768 -32768 -32768 -32768 -32768 -32768 -32768 235 234 234 234 234 234 233 229 226 225 217 208 204 190 185 165 155 148 147 154 173 176 180 184 191 199 206 209 211 208 216 219 215 216 216 215 220 224 224 224 224 226 226 227 227 226 226 224 224 224 225 224 225 224 223 223 225 225 225 225 225 225 225 225 225 225
-32768 -32768 -32768 -32768 -32768 -32768 -32768 -32768 -32768 -32768 -32768 -32768 -32768 -32768 -32768 -32768 -32768 -32768 -32768 -32768 235 235 235 235 234 233 231 230 228 223 213 208 205 191 174 152 172 163 144 140 149 166 177 183 191 199 205 204 198 195 210 216 216 210 216 220 216 223 225 225 226 227 226 226 226 226 225 225 226 226 225 225 225 225 224 225 225 226 225 226 225 225 225 225 225
-32768 -32768 -32768 -32768 -32768 -32768 -32768 -32768 -32768 -32768 -32768 -32768 -32768 -32768 -32768 -32768 -32768 -32768 -32768 -32768 -32768 235 234 234 234 234 233 232 230 227 220 214 210 203 186 161 181 185 158 140 129 156 162 151 168 190 196 202 199 201 217 219 216 217 219 215 214 214 223 225 226 225 226 226 226 226 225 225 226 227 226 225 225 226 226 224 225 225 226 226 226 226 226 226 227
247 -32768 -32768 -32768 -32768 -32768 -32768 -32768 -32768 -32768 -32768 -32768 -32768 -32768 -32768 -32768 -32768 -32768 -32768 -32768 -32768 235 235 234 234 234 233 232 231 228 224 221 221 211 194 183 190 187 176 160 152 152 120 111 139 176 172 193 196 197 203 215 219 220 216 211 215 217 222 225 225 225 225 226 225 226 226 226 226 227 226 226 225 224 224 225 225 225 226 227 227 226 226 226 227
241 249 -32768 -32768 -32768 -32768 -32768 -32768 -32768 -32768 -32768 -32768 -32768 -32768 -32768 -32768 -32768 -32768 -32768 -32768 -32768 -32768 235 235 235 234 233 233 231 230 229 224 220 214 210 207 189 164 176 171 160 154 124 132 154 176 187 194 190 184 194 210 211 210 209 209 209 213 222 224 225 225 225 226 226 225 226 227 226 227 227 226 226 226 225 225 226 225 226 226 227 227 228 228 227
237 240 247 -32768 -32768 -32768 -32768 -32768 -32768 -32768 -32768 -32768 -32768 -32768 -32768 -32768 -32768 -32768 -32768 -32768 -32768 -32768 -32768 235 235 234 234 233 232 231 226 222 221 220 216 203 190 183 166 171 164 160 154 157 168 180 187 188 189 203 204 213 198 203 207 210 208 218 220 223 224 224 225 225 224 226 226 226 227 227 227 227 226 226 226 226 226 226 226 226 227 227 228 228 228
235 236 238 246 -32768 -32768 -32768 -32768 -32768 -32768 -32768 -32768 -32768 -32768 -32768 -32768 -32768 -32768 -32768 -32768 -32768 -32768 -32768 -32768 235 235 234 234 232 232 229 227 223 218 215 209 202 199 177 150 161 162 162 161 163 165 176 184 191 194 205 208 191 201 205 210 206 214 215 218 223 225 225 226 226 226 227 227 227 227 228 228 227 227 227 226 227 228 227 226 226 227 227 228 228
233 234 236 238 246 -32768 -32768 -32768 -32768 -32768 -32768 -32768 -32768 -32768 -32768 -32768 -32768 -32768 -32768 -32768 -32768 -32768 -32768 -32768 247 235 234 234 233 232 229 228 223 215 215 216 202 190 191 168 148 156 154 158 149 152 174 184 175 181 195 208 207 198 206 207 213 216 212 218 222 225 225 226 226 227 227 227 227 227 228 228 228 228 228 228 228 228 228 227 227 226 227 227 227
230 233 235 237 240 -32768 -32768 -32768 -32768 -32768 -32768 -32768 -32768 -32768 -32768 -32768 -32768 -32768 -32768 -32768 -32768 -32768 -32768 -32768 -32768 245 235 235 234 233 232 230 225 218 210 218 210 204 197 190 167 147 139 142 142 141 163 159 160 187 191 203 215 219 217 212 212 216 205 218 223 224 225 225 226 226 227 227 228 228 228 228 228 228 227 227 228 228 228 228 228 228 227 227 227
228 229 233 235 241 246 -32768 -32768 -32768 -32768 -32768 -32768 -32768 -32768 -32768 -32768 -32768 -32768 -32768 -32768 -32768 -32768 -32768 -32768 -32768 -32768 247 243 235 234 233 231 228 220 216 208 208 205 200 193 187 161 127 116 127 137 140 137 147 165 190 201 209 212 217 219 222 221 220 221 223 224 225 225 226 226 227 228 228 228 228 228 228 228 227 227 228 228 228 228 228 228 228 228 228
235 235 234 235 238 241 249 -32768 -32768 -32768 -32768 -32768 -32768 -32768 -32768 -32768 -32768 -32768 -32768 -32768 -32768 -32768 -32768 -32768 -32768 -32768 -32768 -32768 246 234 234 233 229 224 219 219 220 213 208 195 187 171 150 145 138 161 138 122 129 155 177 177 193 207 209 217 218 217 218 220 222 224 226 226 226 227 228 228 228 228 228 228 228 228 227 227 227 229 229 229 229 229 229 229 229
235 236 236 234 236 237 240 249 -32768 -32768 -32768 -32768 -32768 -32768 -32768 -32768 -32768 -32768 -32768 -32768 -32768 -32768 -32768 -32768 -32768 -32768 -32768 -32768 -32768 234 234 233 231 228 222 223 222 221 216 203 192 189 176 177 174 174 166 151 134 143 157 165 191 191 201 207 209 205 206 217 219 225 226 226 227 227 228 228 228 228 228 228 228 228 228 227 227 228 229 229 229 229 229 228 228
237 237 237 234 235 236 237 241 249 -32768 -32768 -32768 -32768 -32768 -32768 -32768 -32768 -32768 -32768 -32768 -32768 -32768 -32768 -32768 -32768 -32768 -32768 -32768 -32768 248 234 233 231 230 227 225 225 222 221 215 206 203 193 194 194 184 190 186 161 128 144 167 170 170 184 198 206 194 213 218 223 223 225 225 227 227 227 227 228 228 228 228 228 228 228 228 228 228 228 228 228 228 229 229 228
