11.asc
ncols        384
nrows        456
xllcorner    93.000000000000
yllcorner    -8.000000000000
cellsize     0.041666666667
NODATA_value 0
[rows 111 to 147 of 456, columns 85 to 169 of 384]
-32768 -32768 -32768 -32768 -32768 -32768 -32768 -32768 -32768 -32768 -32768 -32768 -32768 -32768 -32768 -32768 -32768 -32768 -32768 -32768 -32768 -32768 -32768 -32768 -32768 -32768 -32768 -32768 -32768 -32768 -32768 -32768 -32768 243 241 239 239 238 237 236 236 235 236 236 236 235 235 234 234 233 233 231 231 231 231 230 229 229 228 228 228 227 227 225 225 224 224 222 222 221 222 220 219 217 208 212 214 213 202 209 209 213 213 213 213
-32768 -32768 -32768 -32768 -32768 -32768 -32768 -32768 -32768 -32768 -32768 -32768 -32768 -32768 -32768 -32768 -32768 -32768 -32768 -32768 -32768 -32768 -32768 -32768 -32768 -32768 -32768 -32768 -32768 -32768 -32768 -32768 244 241 238 237 238 237 237 236 236 235 235 235 235 235 235 234 233 233 233 232 232 231 231 229 229 228 228 227 227 226 226 225 225 224 223 222 222 221 220 220 218 216 216 215 214 210 213 211 207 208 212 211 212
-32768 -32768 -32768 -32768 -32768 -32768 -32768 -32768 -32768 -32768 -32768 -32768 -32768 -32768 -32768 -32768 -32768 -32768 -32768 -32768 -32768 -32768 -32768 -32768 -32768 -32768 -32768 -32768 -32768 -32768 -32768 -32768 243 240 238 237 238 237 237 237 236 235 235 235 235 235 234 234 234 233 233 232 232 231 231 230 230 229 228 227 227 226 227 225 225 224 224 222 222 222 221 219 219 217 216 215 214 211 208 210 213 212 212 212 212
-32768 -32768 -32768 -32768 -32768 -32768 -32768 -32768 -32768 -32768 -32768 -32768 -32768 -32768 -32768 -32768 -32768 -32768 -32768 -32768 -32768 -32768 -32768 -32768 -32768 -32768 -32768 -32768 -32768 -32768 -32768 242 241 238 238 237 237 237 236 236 236 235 235 234 234 233 233 233 233 233 232 231 231 230 230 229 229 228 228 226 226 225 225 224 224 223 223 223 223 221 220 219 219 217 216 214 210 207 208 210 212 212 213 212 211
-32768 -32768 -32768 -32768 -32768 -32768 -32768 -32768 -32768 -32768 -32768 -32768 -32768 -32768 -32768 -32768 -32768 -32768 -32768 -32768 -32768 -32768 -32768 -32768 -32768 -32768 -32768 -32768 -32768 241 238 237 239 238 237 237 237 237 236 236 236 235 235 234 234 233 233 233 233 233 233 231 231 229 230 229 228 228 228 227 227 226 225 224 224 223 223 222 222 221 221 220 219 218 217 215 212 210 206 213 213 213 212 212 212
-32768 -32768 -32768 -32768 -32768 -32768 -32768 -32768 -32768 -32768 -32768 -32768 -32768 -32768 -32768 -32768 -32768 -32768 -32768 -32768 -32768 -32768 -32768 -32768 -32768 -32768 -32768 -32768 242 239 237 237 238 237 236 236 237 236 236 235 235 234 234 233 233 233 233 232 232 232 231 231 231 230 230 229 228 227 228 227 227 226 225 224 224 222 222 222 221 221 221 219 219 217 217 215 214 213 213 212 212 212 212 211 211
-32768 -32768 -32768 -32768 -32768 -32768 -32768 -32768 -32768 -32768 -32768 -32768 -32768 -32768 -32768 -32768 -32768 -32768 -32768 -32768 -32768 -32768 -32768 -32768 -32768 -32768 -32768 -32768 239 236 236 237 237 237 236 236 236 236 236 235 235 234 234 233 233 233 233 232 232 231 231 231 231 230 230 230 229 228 228 227 227 226 225 224 223 223 223 222 221 221 221 219 219 218 217 216 215 215 214 213 212 212 212 212 212
-32768 -32768 -32768 -32768 -32768 -32768 -32768 -32768 -32768 -32768 -32768 -32768 -32768 -32768 -32768 -32768 -32768 -32768 -32768 -32768 -32768 -32768 -32768 -32768 -32768 -32768 -32768 241 238 236 236 236 236 236 236 235 235 235 235 234 234 233 233 233 233 232 232 232 231 231 231 230 230 229 229 229 229 227 227 226 226 225 224 223 223 222 222 221 221 220 220 218 218 218 218 216 216 215 215 214 213 212 212 212 212
-32768 -32768 -32768 -32768 -32768 -32768 -32768 -32768 -32768 -32768 -32768 -32768 -32768 -32768 -32768 -32768 -32768 -32768 -32768 -32768 -32768 -32768 -32768 -32768 -32768 -32768 243 240 237 236 236 236 236 236 236 236 236 235 235 234 234 233 233 233 233 232 233 231 232 231 231 230 230 229 229 229 228 227 226 226 226 225 224 223 223 222 222 221 221 220 220 219 219 217 217 216 216 215 215 214 214 213 213 213 213
-32768 -32768 -32768 -32768 -32768 -32768 -32768 -32768 -32768 -32768 -32768 -32768 -32768 -32768 -32768 -32768 -32768 -32768 -32768 -32768 -32768 -32768 -32768 -32768 -32768 -32768 -32768 240 237 236 236 236 236 234 234 236 236 235 235 233 233 232 232 232 232 231 231 231 231 230 230 229 229 229 229 228 228 227 226 226 225 224 223 223 222 221 221 220 220 219 220 219 219 218 217 217 216 215 216 214 214 214 214 214 214
-32768 -32768 -32768 -32768 -32768 -32768 -32768 -32768 -32768 -32768 -32768 -32768 -32768 -32768 -32768 -32768 -32768 -32768 -32768 -32768 -32768 -32768 -32768 -32768 -32768 -32768 -32768 241 238 236 236 235 235 233 234 235 234 234 234 232 232 231 231 232 232 232 232 231 231 230 230 229 229 229 229 228 228 227 227 227 225 223 224 221 221 220 220 220 221 219 219 219 219 218 217 217 216 215 216 215 214 214 214 214 213
-32768 -32768 -32768 -32768 -32768 -32768 -32768 -32768 -32768 -32768 -32768 -32768 -32768 -32768 -32768 -32768 -32768 -32768 -32768 -32768 -32768 -32768 -32768 -32768 -32768 -32768 -32768 240 238 236 235 234 234 233 233 234 234 233 233 231 230 229 230 231 232 232 232 230 230 229 229 228 228 227 228 227 227 226 227 226 225 223 223 221 220 219 219 220 221 220 220 218 218 218 218 216 216 216 216 215 215 214 214 214 214
-32768 -32768 -32768 -32768 -32768 -32768 -32768 -32768 -32768 -32768 -32768 -32768 -32768 -32768 -32768 -32768 -32768 -32768 -32768 -32768 -32768 -32768 -32768 -32768 -32768 -32768 242 239 237 235 235 234 234 233 233 233 234 234 233 230 230 230 230 231 232 232 232 230 229 229 229 228 228 227 228 227 227 227 227 226 225 223 223 221 221 219 220 220 221 220 220 219 218 218 218 216 216 216 216 215 215 214 214 214 214
-32768 -32768 -32768 -32768 -32768 -32768 -32768 -32768 -32768 -32768 -32768 -32768 -32768 -32768 -32768 -32768 -32768 -32768 -32768 -32768 -32768 -32768 -32768 -32768 -32768 242 239 236 235 234 234 234 234 232 232 232 233 233 233 232 230 229 229 230 231 231 231 229 227 228 228 227 227 226 226 226 226 226 226 225 224 222 222 221 221 220 220 220 220 220 220 219 219 217 217 217 216 216 216 216 215 215 215 215 215
-32768 -32768 -32768 -32768 -32768 -32768 -32768 -32768 -32768 -32768 -32768 -32768 -32768 -32768 -32768 -32768 -32768 -32768 -32768 -32768 -32768 -32768 -32768 -32768 242 237 237 235 235 234 234 234 234 233 232 232 232 232 233 232 230 229 230 230 231 230 230 228 226 226 227 227 227 226 226 225 225 225 225 225 225 223 223 222 221 220 220 220 220 220 220 219 219 217 217 217 216 216 216 216 215 216 215 216 215
-32768 -32768 -32768 -32768 -32768 -32768 -32768 -32768 -32768 -32768 -32768 -32768 -32768 -32768 -32768 -32768 -32768 -32768 -32768 -32768 -32768 -32768 -32768 -32768 239 235 235 234 234 233 234 233 233 232 232 232 232 231 231 230 230 229 229 230 230 229 228 226 225 225 226 226 227 226 226 225 225 224 224 224 223 222 223 221 221 220 220 219 219 220 219 218 219 217 217 217 217 216 216 216 216 215 215 216 216
-32768 -32768 -32768 -32768 -32768 -32768 -32768 -32768 -32768 -32768 -32768 -32768 -32768 -32768 -32768 -32768 -32768 -32768 -32768 -32768 -32768 -32768 -32768 -32768 238 235 235 234 234 233 233 233 233 232 232 232 232 230 231 230 229 229 229 229 229 228 228 226 226 225 225 225 226 226 225 225 225 224 223 223 223 223 223 221 221 220 220 219 220 220 220 218 218 217 217 216 217 216 216 216 216 216 216 216 216
-32768 -32768 -32768 -32768 -32768 -32768 -32768 -32768 -32768 -32768 -32768 -32768 -32768 -32768 -32768 -32768 -32768 -32768 -32768 -32768 -32768 -32768 -32768 239 236 235 234 233 234 233 233 232 232 231 231 231 231 230 230 229 228 228 229 228 227 227 227 226 226 225 225 224 224 224 224 224 223 223 223 222 222 222 221 220 220 220 220 219 220 219 218 218 218 217 217 217 217 216 217 216 216 216 216 216 216
-32768 -32768 -32768 -32768 -32768 -32768 -32768 -32768 -32768 -32768 -32768 -32768 -32768 -32768 -32768 -32768 -32768 -32768 -32768 -32768 -32768 -32768 -32768 238 235 234 234 233 233 233 233 232 232 231 231 231 231 230 230 229 229 228 229 228 227 227 227 226 226 225 225 225 225 224 223 223 223 223 223 222 222 222 221 220 220 220 220 219 219 218 218 218 218 217 217 217 217 216 216 216 216 217 217 216 217
-32768 -32768 -32768 -32768 -32768 -32768 -32768 -32768 -32768 -32768 -32768 -32768 -32768 -32768 -32768 -32768 -32768 -32768 -32768 -32768 -32768 -32768 239 236 235 233 233 233 232 232 232 231 231 230 230 230 230 229 229 228 229 228 228 226 226 226 226 225 225 225 224 224 224 223 223 222 222 222 222 222 221 221 220 219 220 220 220 218 218 218 218 218 218 217 217 217 217 217 217 217 217 217 217 217 217
-32768 -32768 -32768 -32768 -32768 -32768 -32768 -32768 -32768 -32768 -32768 -32768 -32768 -32768 -32768 -32768 -32768 -32768 -32768 -32768 -32768 242 237 235 234 233 233 232 233 233 233 232 232 231 231 230 230 229 229 228 228 228 228 226 226 226 226 225 225 225 225 224 224 222 222 222 222 222 222 221 221 221 221 220 220 220 220 219 218 218 218 217 217 217 217 217 217 217 217 217 217 217 217 217 217
-32768 -32768 -32768 -32768 -32768 -32768 -32768 -32768 -32768 -32768 -32768 -32768 -32768 -32768 -32768 -32768 -32768 -32768 -32768 -32768 240 237 235 233 233 232 232 231 231 232 231 231 231 230 229 228 229 228 228 227 227 226 226 226 226 224 225 225 225 224 224 223 222 221 222 221 221 220 220 220 220 220 220 220 220 219 219 219 219 218 218 217 217 218 218 217 217 218 217 217 217 217 217 217 217
-32768 -32768 -32768 -32768 -32768 -32768 -32768 -32768 -32768 -32768 -32768 -32768 -32768 -32768 -32768 -32768 -32768 -32768 241 239 236 234 234 232 232 232 232 232 231 231 231 230 230 230 230 228 229 228 228 227 227 226 226 226 226 224 224 224 224 224 223 222 222 222 222 221 221 220 220 220 220 219 220 220 219 219 219 218 219 218 218 218 218 218 217 217 217 217 217 217 217 217 217 217 217
-32768 -32768 -32768 -32768 -32768 -32768 -32768 -32768 -32768 -32768 -32768 -32768 -32768 -32768 -32768 -32768 -32768 241 237 234 233 232 232 231 231 231 231 231 231 230 229 229 229 228 228 228 228 227 227 226 226 225 225 225 225 224 224 223 223 222 222 221 220 221 221 220 220 220 219 218 219 219 219 219 218 218 218 218 218 218 218 218 218 218 217 217 217 217 218 218 218 218 217 217 217
-32768 -32768 -32768 -32768 -32768 -32768 -32768 -32768 -32768 -32768 -32768 -32768 -32768 -32768 -32768 -32768 -32768 239 234 232 232 231 230 230 230 230 231 229 230 229 230 229 229 228 228 227 227 227 227 226 226 225 225 224 225 224 224 223 223 222 222 221 220 220 221 220 220 220 219 218 219 219 219 218 218 217 217 217 218 218 218 218 218 218 218 217 217 218 217 218 217 217 217 217 217
-32768 -32768 -32768 -32768 -32768 242 239 237 236 235 235 235 237 240 -32768 240 237 234 232 230 230 230 230 229 229 229 229 227 228 227 228 228 228 228 228 227 227 225 226 225 224 224 224 224 224 223 223 222 222 221 220 220 220 219 220 219 219 219 218 219 218 218 218 217 217 217 216 217 217 217 218 218 218 218 217 217 217 218 218 217 218 217 217 217 217
240 241 241 231 230 229 230 229 230 228 228 229 231 232 234 233 232 231 230 229 229 229 227 228 228 228 228 227 227 226 227 227 227 227 226 226 227 226 226 225 225 224 224 223 224 223 223 222 222 221 220 220 220 219 219 219 219 218 218 218 219 217 217 217 217 217 217 216 217 217 217 218 217 217 217 217 217 218 218 217 217 218 217 217 217
230 229 230 229 229 229 229 229 229 228 228 228 228 228 229 229 230 230 229 226 226 226 226 225 226 226 227 227 227 226 227 226 227 226 226 225 225 224 224 224 225 224 223 223 223 222 222 221 221 220 220 220 220 219 218 217 217 217 217 217 217 216 217 217 217 217 217 216 216 216 217 217 218 217 217 217 218 218 218 218 217 217 217 217 217
228 229 228 228 228 227 228 228 228 227 227 228 228 227 228 228 228 227 227 226 226 226 226 225 225 226 226 226 226 226 226 226 226 225 226 225 225 224 224 224 224 223 223 222 222 221 221 220 220 220 220 219 220 219 219 218 217 217 217 217 216 216 216 217 217 217 217 216 216 216 217 217 217 217 217 217 218 218 218 218 217 217 217 217 217
227 224 222 224 226 227 227 227 227 224 225 226 228 227 227 227 227 227 227 226 226 225 225 225 225 224 225 225 226 225 225 224 225 224 225 224 225 224 224 223 222 222 222 221 221 221 220 218 219 219 219 218 218 218 218 217 217 217 216 216 216 216 216 216 216 216 216 216 216 216 217 217 217 216 217 217 217 218 217 218 217 217 217 217 217
222 225 222 223 226 227 225 225 224 218 216 220 226 227 226 227 227 227 227 226 226 225 226 225 226 224 224 224 224 223 224 224 225 225 225 223 224 224 224 223 222 222 222 221 221 220 220 218 219 219 219 218 218 218 218 217 217 216 217 216 216 216 216 215 216 216 216 216 216 215 216 216 216 217 216 217 216 217 217 217 217 218 217 217 217
214 218 219 222 223 223 222 220 220 212 210 215 220 224 225 226 226 227 227 226 226 225 225 224 224 224 224 223 224 223 223 223 224 223 223 223 223 222 222 221 221 221 221 220 220 219 219 218 218 217 218 218 218 217 217 217 217 216 216 216 216 216 215 214 215 216 215 215 215 215 215 216 216 217 216 217 216 217 217 217 217 218 218 217 217
215 217 212 214 218 215 211 212 214 212 211 211 217 223 225 226 226 226 227 226 225 224 225 223 222 222 223 223 223 222 223 223 223 223 223 222 222 222 222 221 221 220 220 220 220 219 219 218 218 217 218 218 218 217 217 217 216 216 216 216 216 215 215 214 215 215 215 215 215 215 215 216 216 216 216 216 217 217 217 218 218 218 218 218 217
201 213 208 213 208 203 196 201 199 198 202 213 220 222 223 224 226 225 225 224 224 224 224 223 221 221 222 221 223 221 222 222 223 222 222 222 222 221 222 221 220 220 219 218 219 218 219 217 218 217 217 216 216 217 217 216 216 215 215 215 215 215 215 214 215 215 215 214 215 215 215 215 215 215 215 216 216 216 217 217 217 218 218 217 217
193 206 205 210 198 191 182 182 182 191 206 212 212 214 222 224 224 224 224 225 224 224 223 222 222 221 221 221 222 222 221 221 222 221 221 220 221 220 221 220 221 220 219 218 219 218 218 217 217 217 217 216 216 216 216 216 216 215 216 216 216 215 215 214 215 215 215 214 214 215 215 215 215 215 215 216 216 216 217 217 217 218 217 217 216
186 198 201 204 194 180 165 159 166 183 180 200 207 211 218 221 223 221 221 224 223 222 223 221 221 220 221 222 221 220 220 220 220 221 220 220 220 220 220 219 220 218 218 217 217 217 218 216 217 216 217 216 216 215 215 215 216 215 215 215 215 214 214 214 214 214 214 214 214 214 214 215 215 215 215 216 216 217 216 217 217 216 216 216 217
185 201 197 199 189 166 131 128 152 161 166 179 166 156 186 209 218 217 219 218 221 221 223 221 219 218 220 221 221 219 220 220 220 220 220 219 220 219 220 219 219 218 218 218 218 217 217 216 216 216 216 215 215 215 215 214 215 215 214 213 214 215 214 214 214 213 213 214 214 214 214 214 215 215 215 215 216 216 216 216 216 216 216 216 216
