11.asc
ncols        384
nrows        456
xllcorner    93.000000000000
yllcorner    -8.000000000000
cellsize     0.041666666667
NODATA_value 0
[rows 185 to 221 of 456, columns 170 to 254 of 384]
222 222 223 223 223 223 223 223 223 223 223 224 224 225 224 224 223 223 222 222 222 221 221 221 222 222 222 222 220 219 219 220 220 220 220 218 205 212 213 211 209 199 164 153 166 163 177 195 206 207 201 207 206 206 204 204 203 203 203 203 202 197 193 194 199 202 200 200 200 200 201 200 201 202 202 204 203 203 204 204 203 206 204 205 205
223 223 223 223 223 223 224 224 224 224 224 224 225 225 225 225 224 224 222 221 221 221 221 221 222 222 221 221 221 218 218 218 219 221 220 219 210 217 219 216 213 194 198 190 175 169 164 179 191 206 200 208 207 207 206 206 205 204 204 204 202 199 200 198 198 201 201 202 200 201 201 202 200 203 203 204 204 204 203 204 204 209 205 205 205
223 223 223 223 223 223 223 223 224 224 224 224 224 225 225 225 225 224 222 221 221 221 221 221 221 220 219 220 220 218 218 219 218 218 220 220 216 218 220 219 214 200 211 205 173 189 180 163 179 203 208 209 208 205 206 206 205 205 204 205 204 202 202 200 194 193 199 201 200 200 196 203 202 203 203 203 203 204 203 204 204 209 204 206 205
223 223 223 223 223 223 223 223 224 224 225 225 224 226 225 225 225 224 222 221 221 221 221 221 221 220 219 219 219 218 218 219 220 218 219 221 219 217 219 220 217 212 212 210 186 187 197 172 176 202 208 211 202 205 207 207 207 207 206 205 205 204 204 199 199 202 202 200 200 202 200 204 203 203 204 204 204 204 205 205 204 208 205 206 206
222 223 223 222 222 223 223 223 224 223 224 225 224 225 224 225 225 225 222 221 221 221 221 221 220 220 219 219 218 218 218 218 219 219 219 221 219 219 219 219 212 217 209 206 197 187 187 205 198 198 205 211 208 189 206 207 208 208 207 206 206 205 204 202 204 204 203 203 203 204 204 203 204 204 204 205 204 204 204 205 204 206 205 206 206
222 222 223 223 223 223 223 224 224 223 224 224 224 225 225 225 226 226 223 222 222 222 222 221 221 220 219 218 218 218 218 218 219 220 220 221 220 219 219 217 220 215 206 208 188 177 193 203 209 202 208 211 209 199 204 209 209 209 208 207 206 207 205 205 205 205 205 206 205 206 206 206 205 205 206 205 205 205 204 205 205 209 206 207 207
222 223 223 223 223 223 222 223 224 224 223 223 224 224 225 225 225 224 224 223 222 222 222 221 220 220 220 218 218 218 218 218 217 219 220 221 220 217 218 220 221 217 215 213 185 185 203 207 212 206 208 211 211 208 201 209 210 210 208 208 207 208 206 205 205 206 206 206 206 207 206 207 205 205 205 205 205 205 204 205 205 209 206 207 207
222 223 223 223 223 223 223 223 223 224 224 224 223 224 224 224 224 223 223 222 222 222 222 222 221 221 220 218 218 218 218 217 218 219 220 221 221 220 220 220 222 220 218 212 187 200 205 212 213 208 208 212 211 209 201 211 211 211 209 210 209 209 208 207 207 208 208 207 207 206 207 207 204 205 205 205 205 206 206 206 206 206 207 207 207
222 222 223 223 223 223 223 223 223 224 223 223 223 223 222 223 223 222 222 222 222 222 222 222 222 221 221 218 218 218 218 218 219 220 219 220 222 222 221 220 221 221 221 217 202 197 208 212 205 202 202 208 212 212 208 212 211 211 210 210 209 208 208 208 208 209 207 208 207 206 207 208 206 206 206 206 205 206 206 206 206 207 207 208 207
222 222 222 223 223 223 223 223 224 224 224 221 222 222 222 223 223 223 223 223 222 223 223 223 222 222 221 219 219 219 219 220 219 220 221 221 221 221 222 222 222 222 221 221 218 200 209 205 201 175 189 199 207 213 213 213 213 212 211 211 210 211 210 210 209 210 208 208 208 207 207 209 209 208 208 207 206 207 206 206 206 209 208 208 208
222 222 222 222 223 223 223 224 224 224 224 221 221 221 221 222 223 223 223 222 223 222 223 223 222 222 222 222 222 220 220 220 220 220 221 222 222 222 223 222 221 221 222 221 218 205 188 171 191 202 203 205 212 213 213 214 214 213 212 211 211 211 211 210 209 210 209 208 207 207 206 207 205 207 207 208 206 207 207 206 206 206 207 207 208
221 222 222 222 222 224 223 223 224 224 224 222 222 221 221 221 222 223 223 224 223 222 223 223 223 223 223 223 223 222 220 221 221 222 223 222 223 224 224 223 222 222 212 219 212 212 195 171 185 209 202 204 213 216 215 215 214 214 212 212 212 212 212 212 210 210 211 209 209 208 206 203 198 205 205 207 208 207 207 207 206 207 207 207 208
221 221 221 222 222 222 223 223 224 224 224 223 222 221 222 222 222 223 223 224 224 224 224 223 223 223 224 224 223 223 223 223 222 222 222 223 223 224 225 225 223 222 211 207 214 219 213 193 206 214 211 215 217 216 215 214 214 214 213 213 212 212 213 213 211 210 210 209 209 209 207 206 205 196 194 200 206 207 206 207 206 207 207 206 206
222 222 222 222 222 223 223 223 223 224 224 223 223 222 222 222 223 223 223 224 224 224 224 224 224 224 224 225 225 225 224 225 223 223 224 224 224 224 225 224 224 223 221 220 222 221 217 200 201 211 216 216 216 214 216 217 215 216 214 214 214 214 214 215 214 211 211 210 210 209 208 206 205 203 200 186 191 204 206 207 207 208 207 207 207
221 222 222 222 222 222 222 223 223 223 223 223 223 223 223 223 223 223 223 224 224 224 224 224 224 224 225 225 225 225 225 226 226 224 224 225 225 225 226 226 225 223 223 222 222 222 215 189 188 209 212 210 212 215 216 215 214 216 216 216 215 215 215 215 214 213 212 210 210 209 206 205 206 199 192 195 201 202 206 207 206 206 207 207 207
222 222 221 222 222 222 223 222 223 223 223 223 223 223 223 223 223 223 223 224 224 224 225 225 225 225 225 226 226 227 226 226 227 228 227 226 226 226 227 227 227 225 226 223 224 223 221 218 205 203 188 205 213 217 215 217 217 218 218 217 217 216 216 217 215 215 213 211 210 210 208 207 205 194 182 185 195 202 203 207 206 206 207 208 207
222 222 221 220 221 222 222 222 223 223 223 223 223 223 223 223 223 223 223 224 224 224 225 225 225 225 226 226 227 227 227 227 228 229 229 229 229 229 228 228 228 228 227 225 225 225 222 223 218 204 204 209 216 214 215 217 218 218 218 217 217 217 217 217 216 215 214 212 211 210 208 207 205 196 190 195 199 200 195 201 206 207 208 208 207
222 222 221 221 221 222 222 223 222 223 223 223 223 223 223 223 223 223 224 224 224 224 225 225 225 226 226 227 227 228 228 228 228 228 229 230 230 230 230 231 232 229 227 226 227 225 224 224 224 217 193 207 216 214 216 219 219 219 219 217 217 217 217 218 218 217 215 214 214 212 208 208 198 196 195 201 199 197 201 195 201 204 207 207 207
222 222 222 221 221 222 222 222 222 223 223 223 223 223 223 223 223 223 223 224 224 224 225 225 225 226 226 227 227 228 228 228 228 229 230 230 230 231 231 231 232 230 228 227 227 227 225 225 224 224 209 208 216 214 211 220 219 219 218 218 217 216 217 218 218 217 216 215 214 211 209 209 198 176 197 204 196 192 202 197 202 201 206 207 207
222 222 222 222 221 222 222 223 222 223 224 223 223 223 223 223 223 223 223 224 224 224 225 225 226 225 226 226 227 228 228 228 229 229 230 231 232 232 231 232 232 231 229 228 228 227 227 226 225 223 220 219 220 220 219 218 216 219 218 217 217 217 218 218 218 218 216 215 214 212 211 210 202 179 187 190 191 192 188 189 202 207 207 207 207
222 222 222 222 221 221 221 223 223 223 224 224 223 223 223 223 223 223 224 224 224 224 225 225 225 226 226 226 227 227 228 228 229 230 230 231 232 231 231 232 232 231 229 229 228 228 227 227 225 224 223 222 222 221 220 218 212 219 219 218 216 215 217 218 218 219 217 216 214 213 211 209 203 184 184 187 191 184 190 196 203 207 207 207 207
222 222 222 222 221 221 221 223 223 223 224 224 224 223 223 223 223 223 223 224 224 224 225 225 225 226 226 227 228 228 228 228 229 230 230 231 232 232 232 232 232 232 230 229 228 228 227 227 224 223 224 224 222 222 220 219 216 221 221 217 194 199 217 218 219 219 217 217 215 213 212 209 200 185 181 195 204 199 197 200 204 207 207 208 207
222 222 222 222 221 221 221 222 223 223 224 224 224 224 224 224 223 223 223 223 224 225 224 225 225 225 226 227 227 228 227 228 229 229 230 230 231 231 232 232 231 232 231 231 230 228 228 227 225 224 223 225 222 222 221 221 220 221 221 205 191 209 218 218 217 218 217 216 215 213 212 210 207 200 186 194 204 206 200 203 207 207 207 207 207
222 222 222 222 222 221 221 222 223 223 223 224 224 223 223 224 223 223 223 223 223 224 224 224 225 225 226 227 227 228 227 228 228 229 229 230 230 231 231 231 231 231 231 231 230 230 229 227 225 223 224 225 224 223 221 222 222 221 220 216 219 220 219 218 217 218 216 213 215 214 213 211 210 209 206 206 203 205 207 208 207 206 207 208 207
222 222 222 222 222 221 221 221 222 223 223 224 224 224 223 223 223 223 223 223 223 223 224 224 225 225 225 226 227 228 228 227 228 228 229 229 230 230 230 231 230 231 231 231 231 230 229 229 225 225 225 225 224 223 223 222 221 222 221 221 220 220 220 219 217 218 216 215 211 214 213 212 210 208 206 206 206 206 207 207 207 207 207 208 207
222 222 222 222 222 221 221 221 221 222 223 223 223 223 223 223 223 224 223 223 223 223 223 224 225 225 226 225 227 228 228 227 228 229 229 229 229 229 230 230 230 230 231 231 231 230 229 229 228 225 226 225 225 224 223 222 222 223 221 221 221 221 220 219 219 218 216 211 212 212 213 212 211 210 207 207 206 206 206 207 207 207 207 207 206
222 222 222 222 222 221 221 221 221 222 222 224 224 223 224 223 223 223 223 223 223 223 223 223 224 225 226 226 226 227 228 228 227 227 228 229 229 229 229 229 229 229 230 230 230 230 229 230 229 228 228 225 225 225 223 222 223 223 222 222 222 221 220 220 218 216 214 204 209 210 214 213 211 209 208 208 206 206 207 205 203 205 206 207 206
222 222 222 222 222 222 222 221 221 222 221 222 223 223 224 223 223 223 222 223 223 223 223 223 224 224 225 226 226 227 226 227 228 227 227 227 228 228 228 228 228 229 229 229 230 230 230 230 229 228 227 227 225 224 224 223 223 223 222 222 222 221 220 219 219 217 211 208 212 214 214 213 211 209 207 206 206 206 206 206 204 205 206 203 206
222 222 222 222 222 222 221 222 222 221 221 222 223 223 223 223 223 223 224 222 223 223 223 223 224 224 225 225 226 226 226 227 227 227 227 227 227 228 228 229 228 229 229 229 229 230 229 229 229 228 228 227 226 224 224 224 223 223 222 222 222 221 218 217 219 218 214 207 215 215 214 213 211 209 208 207 206 207 205 205 206 206 204 192 200
221 222 222 222 222 222 222 221 221 221 221 222 223 223 223 223 223 223 223 224 223 223 223 223 224 224 224 224 224 226 226 226 226 226 226 227 227 227 227 227 228 228 228 228 228 229 229 229 228 229 228 227 227 227 225 224 225 225 222 222 221 221 219 219 218 217 214 216 216 216 214 212 210 210 208 207 206 206 205 204 203 204 201 186 196
221 222 222 222 222 223 222 222 221 222 222 222 223 223 222 222 222 223 223 224 223 223 223 223 223 224 224 224 225 225 233 226 225 226 226 226 226 227 227 227 227 227 228 229 229 229 228 228 229 228 227 227 227 227 226 225 225 225 225 222 221 221 219 220 219 218 217 216 216 215 214 213 211 210 209 208 205 205 201 205 203 203 200 188 197
221 222 222 222 222 222 223 223 222 222 222 222 222 222 223 222 223 223 224 224 223 223 223 224 223 224 224 224 225 226 226 225 224 225 226 226 226 226 227 227 227 228 227 228 228 228 228 228 228 228 228 227 227 227 226 226 226 225 224 224 221 221 219 219 219 218 218 216 215 216 214 213 212 210 210 207 205 204 203 204 205 204 198 193 201
221 222 222 222 222 222 222 222 222 223 222 222 222 222 222 223 223 223 224 224 224 223 223 224 223 224 223 224 225 226 226 226 224 224 224 225 225 226 226 227 226 227 227 227 227 228 227 227 228 228 228 228 226 226 226 227 225 225 224 224 223 221 220 220 219 219 217 217 216 215 215 214 212 211 211 209 207 205 204 204 204 205 205 204 203
222 222 222 222 222 222 222 222 223 223 222 222 222 222 222 223 222 223 224 224 224 224 223 223 223 224 223 224 224 225 226 226 225 225 224 224 225 225 226 226 226 227 226 226 227 227 227 227 227 227 227 227 227 226 226 226 225 225 224 224 222 220 219 219 218 218 218 218 217 216 214 214 212 212 210 208 208 206 205 205 205 206 206 207 208
222 222 221 222 222 222 222 222 222 222 223 223 222 222 222 222 223 222 223 224 224 224 223 223 224 224 223 223 224 225 225 226 225 225 224 224 225 225 225 225 226 226 226 226 226 226 226 226 227 227 227 228 227 226 225 225 225 225 225 224 223 222 220 220 219 218 218 218 216 213 214 215 213 212 211 210 209 208 207 207 207 208 208 209 209
221 221 220 221 221 222 222 222 222 223 222 223 222 222 222 222 222 222 222 223 224 224 223 223 223 224 224 225 224 225 225 225 225 224 224 224 224 224 225 225 226 226 226 226 226 225 226 226 226 226 227 227 227 225 225 225 225 225 224 223 223 223 222 222 221 221 220 217 211 213 214 214 212 211 211 211 209 210 207 208 209 209 209 210 209
220 220 220 219 220 221 221 222 222 223 222 222 222 222 223 222 222 223 223 223 224 224 224 224 223 223 223 223 225 225 225 225 225 225 224 224 224 224 225 225 226 226 225 226 226 226 226 226 225 226 226 227 226 225 224 225 224 223 223 223 223 223 222 222 221 220 220 217 216 215 215 214 213 212 211 211 210 210 209 209 209 209 210 210 210
