11.asc
ncols        384
nrows        456
xllcorner    93.000000000000
yllcorner    -8.000000000000
cellsize     0.041666666667
NODATA_value 0
[rows 37 to 73 of 456, columns 85 to 169 of 384]
-32768 -32768 -32768 -32768 -32768 -32768 -32768 -32768 -32768 -32768 -32768 -32768 -32768 -32768 -32768 -32768 -32768 -32768 244 239 236 235 235 234 235 234 235 234 233 233 232 228 227 230 229 230 230 230 230 229 230 230 230 228 227 223 221 216 204 194 187 185 196 200 206 199 204 210 212 211 211 209 210 208 208 206 206 205 205 204 203 201 200 199 198 197 197 196 196 194 194 190 191 192 193
-32768 -32768 -32768 -32768 -32768 -32768 -32768 -32768 -32768 -32768 -32768 -32768 -32768 -32768 -32768 -32768 -32768 -32768 244 239 236 234 234 235 236 236 235 234 233 233 231 226 229 230 230 229 230 229 230 230 230 229 229 227 225 223 218 213 197 199 193 200 202 206 208 201 206 211 212 210 210 209 209 208 207 205 205 204 204 203 202 200 200 198 198 195 197 196 196 194 194 193 193 193 193
-32768 -32768 -32768 -32768 -32768 -32768 -32768 -32768 -32768 -32768 -32768 -32768 -32768 -32768 -32768 -32768 -32768 246 243 239 236 235 236 237 237 236 235 234 233 232 232 229 230 230 230 230 230 230 230 229 230 228 228 227 223 222 209 197 192 181 175 188 200 198 208 206 207 210 212 211 211 210 208 208 208 205 205 203 204 202 201 200 200 198 198 197 196 196 196 195 195 190 193 193 193
-32768 -32768 -32768 -32768 -32768 -32768 -32768 -32768 -32768 -32768 -32768 -32768 -32768 -32768 -32768 -32768 -32768 245 242 239 237 236 237 238 237 236 235 234 232 231 231 231 230 230 230 230 230 230 230 229 229 228 228 227 224 204 191 182 208 197 184 196 192 200 207 210 205 206 212 210 210 210 209 206 208 206 207 204 204 201 201 200 201 198 197 196 195 194 194 194 194 193 193 193 193
-32768 -32768 -32768 -32768 -32768 -32768 -32768 -32768 -32768 -32768 -32768 -32768 -32768 -32768 -32768 -32768 -32768 245 242 239 237 236 238 238 237 236 235 234 233 231 231 231 230 229 230 230 230 230 230 229 229 228 226 226 223 199 203 194 210 212 197 203 194 198 204 206 211 210 213 211 211 209 210 208 208 207 206 204 204 201 201 199 199 197 197 195 194 193 194 193 194 193 194 193 193
-32768 -32768 -32768 -32768 -32768 -32768 -32768 -32768 -32768 -32768 -32768 -32768 -32768 -32768 -32768 -32768 -32768 -32768 243 239 237 236 238 239 238 236 235 234 232 231 231 231 231 230 230 230 230 230 229 229 229 227 226 226 221 221 216 207 203 211 212 206 196 196 200 201 207 212 211 210 210 209 209 207 207 205 205 202 202 201 200 198 198 197 197 195 193 193 194 190 194 194 194 194 194
-32768 -32768 -32768 -32768 -32768 -32768 -32768 -32768 -32768 -32768 -32768 -32768 -32768 -32768 -32768 -32768 -32768 -32768 243 238 237 237 239 239 238 235 235 235 234 232 231 231 231 230 230 230 230 230 230 229 229 227 227 226 225 224 213 204 208 213 214 209 204 192 189 195 208 212 211 209 210 209 210 208 208 205 205 202 202 200 200 198 198 196 195 193 185 191 194 193 194 194 194 195 195
-32768 -32768 -32768 -32768 -32768 -32768 -32768 -32768 -32768 -32768 -32768 -32768 -32768 -32768 -32768 -32768 -32768 -32768 242 239 240 241 241 239 237 234 234 235 234 232 232 231 230 230 230 229 230 230 230 230 230 226 226 225 213 220 210 200 199 214 214 210 206 197 185 198 210 212 212 209 210 209 209 208 207 205 204 201 202 198 199 197 197 196 196 193 188 190 187 189 194 195 195 195 195
-32768 -32768 -32768 -32768 -32768 -32768 -32768 -32768 -32768 -32768 -32768 -32768 -32768 -32768 -32768 -32768 -32768 -32768 244 243 244 243 242 239 236 234 233 234 234 233 232 231 230 230 230 230 230 230 230 230 230 226 226 226 224 220 209 209 207 214 216 211 210 203 183 202 211 213 213 210 211 210 210 208 207 203 205 201 202 199 199 197 197 196 195 193 192 188 186 177 183 195 195 196 196
-32768 -32768 -32768 -32768 -32768 -32768 -32768 -32768 -32768 -32768 -32768 -32768 -32768 -32768 -32768 -32768 -32768 -32768 -32768 245 245 244 242 239 237 235 234 234 234 232 230 230 230 230 230 230 230 230 230 229 230 226 226 222 224 222 210 212 215 216 218 210 206 210 198 209 214 213 214 211 212 210 209 208 207 204 204 202 201 199 198 197 197 194 194 192 189 188 193 190 189 197 196 197 196
-32768 -32768 -32768 -32768 -32768 -32768 -32768 -32768 -32768 -32768 -32768 -32768 -32768 -32768 -32768 -32768 -32768 -32768 -32768 -32768 245 244 243 240 238 237 236 235 234 232 231 230 230 230 230 230 231 230 230 230 229 226 226 222 225 221 206 209 210 210 216 209 206 213 203 212 215 214 211 212 211 208 209 209 208 204 204 202 201 199 198 195 196 194 193 181 182 190 193 194 194 192 194 195 197
-32768 -32768 -32768 -32768 -32768 -32768 -32768 -32768 -32768 -32768 -32768 -32768 -32768 -32768 -32768 -32768 -32768 -32768 -32768 -32768 245 244 243 241 240 238 237 235 234 232 232 231 230 229 230 230 230 230 229 228 228 225 225 225 225 217 206 198 200 212 207 208 209 213 214 214 215 211 206 211 210 208 208 208 207 205 204 202 201 199 198 194 192 193 186 163 176 188 190 192 194 194 194 195 196
-32768 -32768 -32768 -32768 -32768 -32768 -32768 -32768 -32768 -32768 -32768 -32768 -32768 -32768 -32768 -32768 -32768 -32768 -32768 -32768 245 243 243 242 240 239 237 235 233 231 231 231 230 230 230 230 230 229 228 228 227 225 226 224 222 203 203 205 203 207 201 208 204 208 214 214 216 209 211 209 209 209 209 208 208 205 204 202 201 198 194 184 187 191 183 178 188 191 194 193 194 198 196 197 197
-32768 -32768 -32768 -32768 -32768 -32768 -32768 -32768 -32768 -32768 -32768 -32768 -32768 -32768 -32768 -32768 -32768 -32768 -32768 -32768 245 244 243 241 240 238 237 235 233 231 230 230 230 230 229 229 229 228 228 227 227 225 225 223 223 210 206 216 218 214 216 211 207 209 213 215 213 206 212 208 209 208 209 208 207 204 205 202 201 196 182 172 179 183 180 164 165 180 193 194 194 199 197 198 197
-32768 -32768 -32768 -32768 -32768 -32768 -32768 -32768 -32768 -32768 -32768 -32768 -32768 -32768 -32768 -32768 -32768 -32768 -32768 -32768 246 244 242 241 240 238 236 235 234 232 230 230 230 229 229 229 229 228 228 227 227 225 224 224 218 217 218 207 206 210 207 210 216 214 215 215 211 208 210 209 210 209 209 208 207 204 204 202 201 189 175 165 164 178 171 163 178 185 193 194 195 194 195 197 198
-32768 -32768 -32768 -32768 -32768 -32768 -32768 -32768 -32768 -32768 -32768 -32768 -32768 -32768 -32768 -32768 -32768 -32768 -32768 -32768 -32768 244 243 241 240 237 236 234 233 231 230 230 230 229 229 229 228 228 228 227 226 224 222 223 220 222 216 213 198 194 193 205 211 213 216 214 210 208 210 207 210 209 209 207 208 205 204 202 200 192 175 167 181 191 187 182 165 171 193 195 195 195 196 197 199
-32768 -32768 -32768 -32768 -32768 -32768 -32768 -32768 -32768 -32768 -32768 -32768 -32768 -32768 -32768 -32768 -32768 -32768 -32768 -32768 -32768 244 243 241 239 237 235 234 233 231 230 230 230 229 229 228 228 228 228 227 226 221 220 219 222 222 217 212 211 202 207 211 211 215 215 212 208 207 209 208 210 209 209 208 208 205 205 203 199 195 186 160 169 187 192 188 189 180 192 195 195 195 202 197 199
-32768 -32768 -32768 -32768 -32768 -32768 -32768 -32768 -32768 -32768 -32768 -32768 -32768 -32768 -32768 -32768 -32768 -32768 -32768 -32768 -32768 245 243 240 238 236 234 233 232 230 229 229 229 229 229 228 228 227 227 227 226 219 210 216 220 222 216 206 197 204 210 201 213 210 215 212 207 209 209 208 209 209 209 207 208 206 206 203 197 177 174 149 161 181 189 188 191 194 196 196 196 195 202 198 200
-32768 -32768 -32768 -32768 -32768 -32768 -32768 -32768 -32768 -32768 -32768 -32768 -32768 -32768 -32768 -32768 -32768 -32768 -32768 -32768 -32768 245 243 241 238 236 231 232 230 230 230 229 229 229 229 228 228 227 228 228 226 223 213 217 222 220 212 192 195 202 200 205 212 212 214 210 208 210 212 208 209 208 209 207 208 207 206 204 199 178 168 159 163 171 179 182 180 196 197 196 197 196 203 198 200
-32768 -32768 -32768 -32768 -32768 -32768 -32768 -32768 -32768 -32768 -32768 -32768 -32768 -32768 -32768 -32768 -32768 -32768 -32768 -32768 -32768 245 243 240 238 235 231 231 231 230 230 229 229 229 229 228 228 228 228 228 224 212 210 212 218 215 207 188 190 197 200 206 204 214 210 209 212 211 212 210 208 208 209 208 208 207 206 204 201 188 174 175 176 182 184 179 183 195 197 197 197 197 197 202 199
-32768 -32768 -32768 -32768 -32768 -32768 -32768 -32768 -32768 -32768 -32768 -32768 -32768 -32768 -32768 -32768 -32768 -32768 -32768 -32768 -32768 244 242 239 237 235 233 231 231 230 230 229 229 228 229 228 228 228 228 228 224 222 210 222 219 214 187 182 204 197 209 210 212 215 211 210 212 212 212 211 210 209 209 208 208 207 206 205 203 197 193 195 191 195 184 170 177 194 197 197 198 197 197 197 199
-32768 -32768 -32768 -32768 -32768 -32768 -32768 -32768 -32768 -32768 -32768 -32768 -32768 -32768 -32768 -32768 -32768 -32768 -32768 -32768 -32768 244 241 239 237 235 231 230 231 231 230 229 229 228 228 227 227 227 228 228 225 223 221 223 221 218 214 204 208 210 217 212 216 213 212 212 213 208 211 212 212 210 210 208 209 208 207 205 204 201 201 200 200 198 187 174 158 178 197 198 199 198 198 197 199
-32768 -32768 -32768 -32768 -32768 -32768 -32768 -32768 -32768 -32768 -32768 -32768 -32768 -32768 -32768 -32768 -32768 -32768 -32768 -32768 -32768 245 242 240 238 236 230 231 231 231 231 229 229 228 228 228 227 227 228 228 226 224 222 222 217 213 216 220 216 216 219 217 217 213 214 213 213 202 208 211 212 210 209 209 209 208 207 206 204 200 203 200 194 199 193 174 150 171 197 199 199 198 198 198 198
-32768 -32768 -32768 -32768 -32768 -32768 -32768 -32768 -32768 -32768 -32768 -32768 -32768 -32768 -32768 -32768 -32768 -32768 -32768 -32768 -32768 -32768 245 241 239 237 231 231 231 231 230 229 230 230 228 227 227 227 227 227 225 220 209 218 207 209 218 218 215 219 219 218 215 213 214 213 212 197 207 211 212 210 209 208 209 208 208 206 201 201 199 203 198 199 192 151 154 169 190 197 200 199 199 198 199
-32768 -32768 -32768 -32768 -32768 -32768 -32768 -32768 -32768 -32768 -32768 -32768 -32768 -32768 -32768 -32768 -32768 -32768 -32768 -32768 -32768 -32768 -32768 244 240 238 235 232 231 231 231 230 230 229 230 227 227 227 227 227 225 222 215 221 214 217 221 221 220 220 220 218 216 215 214 212 212 201 211 212 212 209 208 207 209 208 208 207 204 205 205 204 203 201 185 148 168 188 192 198 200 199 200 199 199
-32768 -32768 -32768 -32768 -32768 -32768 -32768 -32768 -32768 -32768 -32768 -32768 -32768 -32768 -32768 -32768 -32768 -32768 -32768 -32768 -32768 -32768 -32768 -32768 242 238 237 233 232 232 231 230 230 230 229 228 228 227 227 227 225 223 223 222 220 222 222 221 221 220 220 219 218 216 213 211 212 207 211 211 211 209 209 208 210 208 209 207 206 206 205 204 203 202 173 155 167 188 200 199 201 201 201 200 200
-32768 -32768 -32768 -32768 -32768 -32768 -32768 -32768 -32768 -32768 -32768 -32768 -32768 -32768 -32768 -32768 -32768 -32768 -32768 -32768 -32768 -32768 -32768 -32768 243 240 237 235 234 232 232 231 232 229 230 228 228 228 227 227 227 224 222 216 218 220 223 222 222 221 220 219 218 216 213 211 210 208 212 211 212 210 209 207 210 209 209 207 206 206 205 205 204 202 199 190 193 197 200 201 201 201 201 200 200
-32768 -32768 -32768 -32768 -32768 -32768 -32768 -32768 -32768 -32768 -32768 -32768 -32768 -32768 -32768 -32768 -32768 -32768 -32768 -32768 -32768 -32768 -32768 -32768 244 241 239 237 235 234 233 232 232 231 230 229 228 227 227 226 226 224 217 215 223 222 222 221 221 221 220 219 219 216 215 210 205 202 211 211 212 210 208 208 209 209 209 208 207 206 206 205 205 203 193 175 173 198 193 200 202 202 203 202 201
-32768 -32768 -32768 -32768 -32768 -32768 -32768 -32768 -32768 -32768 -32768 -32768 -32768 -32768 -32768 -32768 -32768 -32768 -32768 -32768 -32768 -32768 -32768 -32768 244 242 240 238 237 235 235 233 232 231 231 229 229 227 227 226 226 224 223 221 222 221 217 222 222 220 220 219 219 217 215 206 203 179 206 211 212 210 208 207 209 209 209 207 207 205 206 204 205 202 193 178 167 178 193 201 202 203 203 202 202
-32768 -32768 -32768 -32768 -32768 -32768 -32768 -32768 -32768 -32768 -32768 -32768 -32768 -32768 -32768 -32768 -32768 -32768 -32768 -32768 -32768 -32768 -32768 -32768 245 242 241 239 238 237 236 234 233 231 230 229 229 228 227 226 226 224 224 223 220 219 222 222 222 221 221 220 216 218 216 210 212 197 211 211 211 209 209 208 209 209 210 207 207 205 204 205 206 204 203 198 189 178 187 201 203 203 204 203 202
-32768 -32768 -32768 -32768 -32768 -32768 -32768 -32768 -32768 -32768 -32768 -32768 -32768 -32768 -32768 -32768 -32768 -32768 -32768 -32768 -32768 -32768 -32768 -32768 -32768 244 241 240 239 237 236 236 234 231 231 229 229 228 228 226 226 224 224 223 221 221 223 222 222 220 219 221 220 217 214 213 215 210 214 212 210 210 210 208 207 209 210 208 207 204 203 205 205 205 204 203 198 178 182 203 204 204 204 204 204
-32768 -32768 -32768 -32768 -32768 -32768 -32768 -32768 -32768 -32768 -32768 -32768 -32768 -32768 -32768 -32768 -32768 -32768 -32768 -32768 -32768 -32768 -32768 -32768 -32768 -32768 243 241 241 238 237 235 234 232 231 229 229 228 228 227 226 225 223 223 222 223 223 223 220 218 220 220 220 218 215 215 215 214 215 213 213 211 211 209 208 210 210 209 207 200 201 203 205 205 205 204 202 197 203 205 204 205 205 205 205
-32768 -32768 -32768 -32768 -32768 -32768 -32768 -32768 -32768 -32768 -32768 -32768 -32768 -32768 -32768 -32768 -32768 -32768 -32768 -32768 -32768 -32768 -32768 -32768 -32768 -32768 244 242 242 240 238 236 234 233 231 231 230 230 228 227 227 225 223 224 224 221 223 223 223 221 222 220 220 213 217 216 217 216 216 215 214 212 212 210 209 210 210 209 207 201 203 204 205 206 206 203 202 197 201 203 205 205 205 204 205
-32768 -32768 -32768 -32768 -32768 -32768 -32768 -32768 -32768 -32768 -32768 -32768 -32768 -32768 -32768 -32768 -32768 -32768 -32768 -32768 -32768 -32768 -32768 -32768 -32768 -32768 -32768 244 243 241 239 236 234 233 232 231 231 230 229 228 227 221 223 220 222 223 224 222 219 220 222 221 221 215 216 217 218 217 217 216 215 214 214 210 211 210 209 208 207 207 207 207 208 208 207 206 204 200 202 205 206 206 206 206 206
-32768 -32768 -32768 -32768 -32768 -32768 -32768 -32768 -32768 -32768 -32768 -32768 -32768 -32768 -32768 -32768 -32768 -32768 -32768 -32768 -32768 -32768 -32768 -32768 -32768 -32768 -32768 -32768 244 242 240 237 235 233 233 232 232 230 229 228 228 225 225 222 222 225 224 224 218 221 223 221 221 220 218 216 218 217 217 216 215 215 214 212 211 208 208 208 206 208 208 208 208 208 208 206 205 200 203 207 206 207 207 206 206
-32768 -32768 -32768 -32768 -32768 -32768 -32768 -32768 -32768 -32768 -32768 -32768 -32768 -32768 -32768 -32768 -32768 -32768 -32768 -32768 -32768 -32768 -32768 -32768 -32768 -32768 -32768 -32768 -32768 -32768 242 240 237 234 233 232 232 232 231 229 229 225 221 225 226 225 225 224 223 219 222 222 222 221 221 220 220 218 218 216 216 215 215 213 212 207 205 207 208 209 206 209 210 209 209 207 203 202 203 207 208 207 207 207 207
-32768 -32768 -32768 -32768 -32768 -32768 -32768 -32768 -32768 -32768 -32768 -32768 -32768 -32768 -32768 -32768 -32768 -32768 -32768 -32768 -32768 -32768 -32768 -32768 -32768 -32768 -32768 -32768 -32768 -32768 -32768 243 240 235 234 233 233 232 231 230 229 223 214 220 225 224 225 225 223 220 223 222 222 222 221 220 221 220 218 217 217 216 215 214 214 207 202 206 209 208 205 210 210 210 208 206 201 198 200 206 207 207 208 207 207
