12.asc
ncols        384
nrows        456
xllcorner    93.000000000000
yllcorner    -8.000000000000
cellsize     0.041666666667
NODATA_value 0
[rows 385 to 419 of 456, columns 237 to 315 of 384]
-32768 -32768 -32768 -32768 -32768 -32768 -32768 -32768 -32768 -32768 -32768 -32768 -32768 -32768 -32768 -32768 -32768 -32768 2420 2423 2407 2399 2384 2277 2172 2128 2115 2101 2108 2114 2108 2065 2072 2114 2147 2081 2045 2053 2064 2020 2044 2019 1938 1825 1767 1734 1727 1715 1707 1696 1689 1678 1677 1668 1671 1665 1643 1602 1572 1532 1507 1472 1446 1410 1394 1378 1359 1335 1328 1301 1288 1267 1208 1229 1213 1200 1188 1173 1160
-32768 -32768 -32768 -32768 -32768 -32768 -32768 -32768 -32768 -32768 -32768 -32768 -32768 -32768 -32768 -32768 -32768 -32768 -32768 -32768 2404 2411 2404 2380 2308 2237 2202 2113 2110 2096 2134 2081 2060 2088 2178 2122 2070 2042 2026 2055 2044 1978 1916 1841 1808 1788 1722 1705 1692 1677 1667 1651 1648 1637 1641 1635 1617 1573 1541 1503 1477 1453 1421 1390 1382 1358 1338 1315 1301 1280 1273 1251 1186 1208 1197 1181 1169 1153 1142
-32768 -32768 -32768 -32768 -32768 -32768 -32768 -32768 -32768 -32768 -32768 -32768 -32768 -32768 -32768 -32768 -32768 -32768 -32768 -32768 -32768 -32768 2420 2411 2407 2366 2269 2198 2142 2115 2098 2096 2072 2051 2076 2132 2128 2105 2087 2093 2030 1977 1926 1914 1894 1955 1772 1722 1690 1669 1654 1636 1624 1609 1602 1589 1573 1540 1517 1481 1460 1428 1406 1385 1384 1353 1328 1301 1288 1265 1257 1236 1168 1196 1187 1170 1158 1143 1132
-32768 -32768 -32768 -32768 -32768 -32768 -32768 -32768 -32768 -32768 -32768 -32768 -32768 -32768 -32768 -32768 -32768 -32768 -32768 -32768 -32768 -32768 2392 2406 2399 2367 2294 2234 2207 2161 2104 2113 2075 2055 2037 2056 2057 2063 2047 2076 2025 1945 1881 1847 1819 1776 1779 1703 1677 1653 1636 1607 1590 1566 1550 1526 1518 1493 1479 1449 1431 1400 1386 1370 1376 1348 1326 1288 1273 1253 1241 1217 1152 1186 1170 1154 1142 1130 1117
-32768 -32768 -32768 -32768 -32768 -32768 -32768 -32768 -32768 -32768 -32768 -32768 -32768 -32768 -32768 -32768 -32768 -32768 -32768 -32768 -32768 -32768 -32768 2388 2396 2368 2334 2278 2226 2167 2125 2110 2093 2079 2055 2035 2041 2015 2028 2097 2082 2004 1905 1834 1809 1771 1790 1721 1687 1655 1628 1599 1572 1537 1511 1480 1477 1460 1451 1429 1415 1388 1373 1358 1356 1325 1316 1293 1274 1242 1229 1210 1142 1172 1162 1145 1135 1115 1101
-32768 -32768 -32768 -32768 -32768 -32768 -32768 -32768 -32768 -32768 -32768 -32768 -32768 -32768 -32768 -32768 -32768 -32768 -32768 -32768 -32768 -32768 -32768 -32768 2352 2345 2322 2284 2236 2184 2129 2097 2088 2066 2053 2027 2034 2077 2065 2105 2196 2090 1933 1846 1801 1773 1745 1709 1677 1643 1614 1580 1547 1507 1474 1440 1441 1429 1425 1405 1394 1373 1354 1334 1336 1332 1317 1286 1263 1232 1222 1201 1139 1163 1152 1135 1125 1104 1087
-32768 -32768 -32768 -32768 -32768 -32768 -32768 -32768 -32768 -32768 -32768 -32768 -32768 -32768 -32768 -32768 -32768 -32768 -32768 -32768 -32768 -32768 -32768 -32768 -32768 2327 2323 2290 2259 2214 2168 2120 2102 2099 2063 2039 2023 2029 2128 2119 2057 2009 1927 1862 1822 1784 1749 1716 1686 1647 1618 1582 1549 1504 1475 1447 1436 1421 1415 1397 1386 1367 1352 1323 1321 1312 1315 1301 1274 1242 1219 1187 1172 1157 1146 1130 1119 1095 1079
-32768 -32768 -32768 -32768 -32768 -32768 -32768 -32768 -32768 -32768 -32768 -32768 -32768 -32768 -32768 -32768 -32768 -32768 -32768 -32768 -32768 -32768 -32768 -32768 -32768 -32768 2280 2266 2242 2209 2174 2126 2095 2074 2080 2032 2016 1993 1999 2059 2018 2002 2005 1899 1842 1787 1749 1711 1676 1638 1605 1565 1539 1503 1500 1462 1438 1416 1411 1391 1379 1362 1348 1321 1308 1302 1324 1291 1275 1265 1214 1129 1169 1147 1138 1123 1111 1088 1076
-32768 -32768 -32768 -32768 -32768 -32768 -32768 -32768 -32768 -32768 -32768 -32768 -32768 -32768 -32768 -32768 -32768 -32768 -32768 -32768 -32768 -32768 -32768 -32768 -32768 -32768 -32768 2266 2245 2217 2194 2159 2122 2092 2079 2068 2031 2007 1985 1971 1978 1996 2131 2028 1892 1818 1779 1745 1691 1651 1616 1586 1559 1549 1643 1596 1494 1425 1422 1403 1391 1374 1345 1321 1307 1288 1308 1296 1271 1232 1208 1108 1164 1140 1131 1117 1103 1083 1071
-32768 -32768 -32768 -32768 -32768 -32768 -32768 -32768 -32768 -32768 -32768 -32768 -32768 -32768 -32768 -32768 -32768 -32768 -32768 -32768 -32768 -32768 -32768 -32768 -32768 -32768 -32768 2210 2215 2189 2169 2145 2118 2084 2062 2048 2044 2006 1989 1962 1937 1920 2051 2111 1920 1840 1793 1746 1683 1643 1613 1589 1624 1671 1957 1684 1477 1410 1423 1412 1394 1369 1349 1321 1305 1284 1276 1271 1268 1224 1207 -32768 1159 1138 1131 1116 1099 1082 1069
-32768 -32768 -32768 -32768 -32768 -32768 -32768 -32768 -32768 -32768 -32768 -32768 -32768 -32768 -32768 -32768 -32768 -32768 -32768 -32768 -32768 -32768 -32768 -32768 -32768 -32768 -32768 -32768 2205 2195 2177 2151 2130 2102 2081 2058 2055 2030 2012 1990 1974 1952 1904 1883 1894 1951 1859 1774 1708 1668 1641 1653 1887 2024 1882 1695 1497 1409 1397 1461 1421 1386 1363 1323 1308 1283 1271 1264 1253 1222 1208 -32768 1159 1135 1129 1112 1098 1080 1065
-32768 -32768 -32768 -32768 -32768 -32768 -32768 -32768 -32768 -32768 -32768 -32768 -32768 -32768 -32768 -32768 -32768 -32768 -32768 -32768 -32768 -32768 -32768 -32768 -32768 -32768 -32768 -32768 -32768 2150 2143 2123 2106 2084 2066 2042 2028 2024 1984 1970 1955 1936 1908 1870 1834 1898 1817 1816 1771 1724 1690 1706 1963 2100 1819 1659 1503 1423 1398 1444 1467 1410 1384 1337 1307 1285 1271 1256 1244 1227 1211 1107 1162 1139 1130 1115 1101 1082 1065
-32768 -32768 -32768 -32768 -32768 -32768 -32768 -32768 -32768 -32768 -32768 -32768 -32768 -32768 -32768 -32768 -32768 -32768 -32768 -32768 -32768 -32768 -32768 -32768 -32768 -32768 -32768 -32768 -32768 2141 2136 2123 2112 2093 2075 2059 2040 2024 2014 1981 1960 1920 1854 1814 1846 1840 1800 1847 1896 1924 1930 1787 1730 1739 1620 1523 1480 1438 1416 1399 1441 1428 1386 1345 1317 1294 1280 1260 1248 1235 1219 1119 1167 1144 1132 1115 1100 1080 1061
-32768 -32768 -32768 -32768 -32768 -32768 -32768 -32768 -32768 -32768 -32768 -32768 -32768 -32768 -32768 -32768 -32768 -32768 -32768 -32768 -32768 -32768 -32768 -32768 -32768 -32768 -32768 -32768 -32768 -32768 -32768 2063 2066 2060 2046 2029 2015 1999 1988 1973 1948 1903 1863 1824 1819 1795 1766 1818 1774 1750 1880 1847 1634 1576 1551 1496 1475 1446 1429 1413 1414 1413 1394 1354 1329 1307 1288 1269 1258 1243 1230 1144 1181 1158 1141 1122 1104 1082 1062
-32768 -32768 -32768 -32768 -32768 -32768 -32768 -32768 -32768 -32768 -32768 -32768 -32768 -32768 -32768 -32768 -32768 -32768 -32768 -32768 -32768 -32768 -32768 -32768 -32768 -32768 -32768 -32768 -32768 -32768 -32768 -32768 2053 2069 2053 2037 2022 2007 1998 1977 1965 1948 1893 1860 1825 1781 1773 1747 1726 1705 1718 1721 1713 1758 1669 1531 1508 1475 1456 1433 1417 1400 1398 1376 1339 1318 1309 1288 1275 1256 1243 1185 1198 1170 1145 1122 1104 1076 1053
-32768 -32768 -32768 -32768 -32768 -32768 -32768 -32768 -32768 -32768 -32768 -32768 -32768 -32768 -32768 -32768 -32768 -32768 -32768 -32768 -32768 -32768 -32768 -32768 -32768 -32768 -32768 -32768 -32768 -32768 -32768 -32768 -32768 2006 2016 2003 1990 1974 1968 1944 1929 1923 1907 1834 1806 1771 1742 1712 1704 1707 1689 1726 1682 1866 1619 1542 1529 1494 1474 1454 1431 1408 1392 1375 1349 1337 1336 1314 1308 1278 1258 1239 1215 1184 1156 1134 1104 1078 1058
-32768 -32768 -32768 -32768 -32768 -32768 -32768 -32768 -32768 -32768 -32768 -32768 -32768 -32768 -32768 -32768 -32768 -32768 -32768 -32768 -32768 -32768 -32768 -32768 -32768 -32768 -32768 -32768 -32768 -32768 -32768 -32768 -32768 -32768 2009 2003 1999 1977 1972 1958 1939 1923 1903 1847 1822 1792 1770 1739 1711 1698 1678 1673 1726 1887 1634 1582 1554 1528 1509 1485 1463 1439 1419 1397 1371 1382 1440 1363 1342 1313 1283 1258 1225 1190 1162 1136 1104 1081 1066
-32768 -32768 -32768 -32768 -32768 -32768 -32768 -32768 -32768 -32768 -32768 -32768 -32768 -32768 -32768 -32768 -32768 -32768 -32768 -32768 -32768 -32768 -32768 -32768 -32768 -32768 -32768 -32768 -32768 -32768 -32768 -32768 -32768 -32768 1942 1947 1941 1946 1934 1923 1916 1901 1876 1828 1806 1786 1796 1738 1710 1667 1629 1658 1644 1647 1676 1602 1568 1549 1532 1511 1495 1470 1448 1427 1407 1713 2027 1541 1390 1347 1302 1278 1241 1204 1179 1147 1113 1093 1074
-32768 -32768 -32768 -32768 -32768 -32768 -32768 -32768 -32768 -32768 -32768 -32768 -32768 -32768 -32768 -32768 -32768 -32768 -32768 -32768 -32768 -32768 -32768 -32768 -32768 -32768 -32768 -32768 -32768 -32768 -32768 -32768 -32768 -32768 -32768 -32768 1924 1933 1944 1929 1922 1911 1890 1854 1825 1806 1829 1853 1730 1661 -32768 -32768 1669 1651 1668 1654 1626 1628 1579 1552 1534 1511 1492 1465 1455 1574 1941 1595 1510 1391 1312 1297 1256 1221 1188 1152 1120 1095 1077
-32768 -32768 -32768 -32768 -32768 -32768 -32768 -32768 -32768 -32768 -32768 -32768 -32768 -32768 -32768 -32768 -32768 -32768 -32768 -32768 -32768 -32768 -32768 -32768 -32768 -32768 -32768 -32768 -32768 -32768 -32768 -32768 -32768 -32768 -32768 -32768 -32768 1898 1909 1894 1886 1876 1859 1839 1805 1775 1771 1786 1687 -32768 -32768 -32768 -32768 -32768 -32768 1549 1627 1616 1594 1581 1567 1553 1539 1540 1499 1484 1472 1470 1517 1420 1378 1329 1284 1250 1206 1209 1146 1124 1102
-32768 -32768 -32768 -32768 -32768 -32768 -32768 -32768 -32768 -32768 -32768 -32768 -32768 -32768 -32768 -32768 -32768 -32768 -32768 -32768 -32768 -32768 -32768 -32768 -32768 -32768 -32768 -32768 -32768 -32768 -32768 -32768 -32768 -32768 -32768 -32768 -32768 1887 1912 1904 1894 1884 1870 1857 1836 1755 -32768 -32768 -32768 -32768 -32768 -32768 -32768 -32768 -32768 -32768 -32768 1576 1610 1609 1612 1601 1602 1641 1557 1537 1516 1505 1497 1457 1415 1363 1323 1285 1269 1250 1237 1154 1116
-32768 -32768 -32768 -32768 -32768 -32768 -32768 -32768 -32768 -32768 -32768 -32768 -32768 -32768 -32768 -32768 -32768 -32768 -32768 -32768 -32768 -32768 -32768 -32768 -32768 -32768 -32768 -32768 -32768 -32768 -32768 -32768 -32768 -32768 -32768 -32768 -32768 -32768 1856 1882 1873 1858 1845 1829 1819 1741 -32768 -32768 -32768 -32768 -32768 -32768 -32768 -32768 -32768 -32768 -32768 -32768 1594 1624 1642 1649 1758 1655 1613 1598 1579 1555 1515 1471 1480 1445 1382 1325 1298 1420 1424 1182 1131
-32768 -32768 -32768 -32768 -32768 -32768 -32768 -32768 -32768 -32768 -32768 -32768 -32768 -32768 -32768 -32768 -32768 -32768 -32768 -32768 -32768 -32768 -32768 -32768 -32768 -32768 -32768 -32768 -32768 -32768 -32768 -32768 -32768 -32768 -32768 -32768 -32768 -32768 -32768 1861 1874 1865 1852 1830 1820 1755 -32768 -32768 -32768 -32768 -32768 -32768 -32768 -32768 -32768 -32768 -32768 -32768 1622 1673 1693 1705 1740 1679 1671 1660 1639 1601 1553 1514 1472 1496 1416 1356 1323 1289 1225 1168 1128
-32768 -32768 -32768 -32768 -32768 -32768 -32768 -32768 -32768 -32768 -32768 -32768 -32768 -32768 -32768 -32768 -32768 -32768 -32768 -32768 -32768 -32768 -32768 -32768 -32768 -32768 -32768 -32768 -32768 -32768 -32768 -32768 -32768 -32768 -32768 -32768 -32768 -32768 -32768 1817 1838 1839 1835 1820 1806 1753 -32768 -32768 -32768 -32768 -32768 -32768 -32768 -32768 -32768 -32768 -32768 -32768 1634 1701 1727 1743 1736 1720 1723 1723 1688 1656 1628 1596 1552 1500 1497 1440 1374 1316 1238 1180 1140
-32768 -32768 -32768 -32768 -32768 -32768 -32768 -32768 -32768 -32768 -32768 -32768 -32768 -32768 -32768 -32768 -32768 -32768 -32768 -32768 -32768 -32768 -32768 -32768 -32768 -32768 -32768 -32768 -32768 -32768 -32768 -32768 -32768 -32768 -32768 -32768 -32768 -32768 -32768 -32768 1832 1843 1826 1788 1782 1775 -32768 -32768 -32768 -32768 -32768 -32768 -32768 -32768 -32768 -32768 -32768 -32768 -32768 1804 1802 1799 1798 1784 1784 1783 1750 1732 1707 1678 1627 1627 1564 1514 1470 1377 1270 1200 1144
-32768 -32768 -32768 -32768 -32768 -32768 -32768 -32768 -32768 -32768 -32768 -32768 -32768 -32768 -32768 -32768 -32768 -32768 -32768 -32768 -32768 -32768 -32768 -32768 -32768 -32768 -32768 -32768 -32768 -32768 -32768 -32768 -32768 -32768 -32768 -32768 -32768 -32768 -32768 -32768 1800 1812 1769 -32768 -32768 -32768 -32768 -32768 -32768 -32768 -32768 -32768 -32768 -32768 -32768 -32768 -32768 -32768 -32768 1847 1879 1856 1857 1837 1825 1832 1821 1814 1788 1759 1714 1716 1682 1830 1657 1573 1443 1233 1158
-32768 -32768 -32768 -32768 -32768 -32768 -32768 -32768 -32768 -32768 -32768 -32768 -32768 -32768 -32768 -32768 -32768 -32768 -32768 -32768 -32768 -32768 -32768 -32768 -32768 -32768 -32768 -32768 -32768 -32768 -32768 -32768 -32768 -32768 -32768 -32768 -32768 -32768 -32768 -32768 -32768 1819 -32768 -32768 -32768 -32768 -32768 -32768 -32768 -32768 -32768 -32768 -32768 -32768 -32768 -32768 -32768 -32768 1721 1830 1894 1988 1914 1888 1862 1880 1890 1890 1877 1857 1823 1823 1804 2064 1733 1602 1520 1354 1221
-32768 -32768 -32768 -32768 -32768 -32768 -32768 -32768 -32768 -32768 -32768 -32768 -32768 -32768 -32768 -32768 -32768 -32768 -32768 -32768 -32768 -32768 -32768 -32768 -32768 -32768 -32768 -32768 -32768 -32768 -32768 -32768 -32768 -32768 -32768 -32768 -32768 -32768 -32768 -32768 -32768 1796 -32768 -32768 -32768 -32768 -32768 -32768 -32768 -32768 -32768 -32768 -32768 -32768 -32768 -32768 -32768 -32768 1799 1844 1938 1957 1949 1947 1918 1941 1953 1976 1976 1966 1978 1961 1923 1823 1707 1622 1548 1437 1335
-32768 -32768 -32768 -32768 -32768 -32768 -32768 -32768 -32768 -32768 -32768 -32768 -32768 -32768 -32768 -32768 -32768 -32768 -32768 -32768 -32768 -32768 -32768 -32768 -32768 -32768 -32768 -32768 -32768 -32768 -32768 -32768 -32768 -32768 -32768 -32768 -32768 -32768 -32768 -32768 -32768 -32768 1825 1838 1840 1831 -32768 -32768 -32768 -32768 -32768 -32768 -32768 -32768 -32768 -32768 -32768 -32768 1789 1880 1902 1924 1952 1978 1974 2004 2034 2070 2082 2074 2103 2122 2054 1949 2084 1814 1988 1578 1446
-32768 -32768 -32768 -32768 -32768 -32768 -32768 -32768 -32768 -32768 -32768 -32768 -32768 -32768 -32768 -32768 -32768 -32768 -32768 -32768 -32768 -32768 -32768 -32768 -32768 -32768 -32768 -32768 -32768 -32768 -32768 -32768 -32768 -32768 -32768 -32768 -32768 -32768 -32768 -32768 -32768 -32768 1801 1805 1806 1825 -32768 -32768 -32768 -32768 -32768 -32768 -32768 -32768 -32768 -32768 -32768 -32768 1813 1904 1927 1955 1971 2004 2026 2068 2122 2169 2186 2192 2237 2241 2409 2468 2249 2519 2559 1916 1565
-32768 -32768 -32768 -32768 -32768 -32768 -32768 -32768 -32768 -32768 -32768 -32768 -32768 -32768 -32768 -32768 -32768 -32768 -32768 -32768 -32768 -32768 -32768 -32768 -32768 -32768 -32768 -32768 -32768 -32768 -32768 -32768 -32768 -32768 -32768 -32768 -32768 -32768 -32768 -32768 -32768 -32768 1804 -32768 -32768 1780 -32768 -32768 -32768 -32768 -32768 -32768 -32768 -32768 -32768 -32768 -32768 -32768 1867 1935 1959 1988 2007 2043 2080 2131 2182 2238 2271 2308 2375 2409 2234 2428 2306 2167 2155 1720 1656
-32768 -32768 -32768 -32768 -32768 -32768 -32768 -32768 -32768 -32768 -32768 -32768 -32768 -32768 -32768 -32768 -32768 -32768 -32768 -32768 -32768 -32768 -32768 -32768 -32768 -32768 -32768 -32768 -32768 -32768 -32768 -32768 -32768 -32768 -32768 -32768 -32768 -32768 -32768 -32768 -32768 1793 1828 -32768 -32768 -32768 -32768 -32768 -32768 -32768 -32768 -32768 -32768 -32768 -32768 -32768 -32768 -32768 1892 1954 1978 2008 2032 2070 2119 2170 2208 2275 2336 2409 2507 2528 2517 2275 2496 2033 1931 1835 1742
-32768 -32768 -32768 -32768 -32768 -32768 -32768 -32768 -32768 -32768 -32768 -32768 -32768 -32768 -32768 -32768 -32768 -32768 -32768 -32768 -32768 -32768 -32768 -32768 -32768 -32768 -32768 -32768 -32768 -32768 -32768 -32768 -32768 -32768 -32768 -32768 -32768 -32768 -32768 -32768 -32768 1818 1809 -32768 -32768 1787 -32768 -32768 -32768 -32768 -32768 -32768 -32768 -32768 -32768 -32768 -32768 -32768 1886 1939 1990 2027 2059 2103 2152 2207 2244 2315 2386 2477 2545 2575 2568 2534 2330 2191 2048 1927 1810
-32768 -32768 -32768 -32768 -32768 -32768 -32768 -32768 -32768 -32768 -32768 -32768 -32768 -32768 -32768 -32768 -32768 -32768 -32768 -32768 -32768 -32768 -32768 -32768 -32768 -32768 -32768 -32768 -32768 -32768 -32768 -32768 -32768 -32768 -32768 -32768 -32768 -32768 -32768 -32768 -32768 -32768 -32768 -32768 -32768 -32768 -32768 -32768 -32768 -32768 -32768 -32768 -32768 -32768 -32768 -32768 -32768 -32768 -32768 1914 2011 2071 2104 2151 2183 2241 2295 2363 2427 2505 2548 2553 2518 2494 2402 2272 2132 2001 1899
-32768 -32768 -32768 -32768 -32768 -32768 -32768 -32768 -32768 -32768 -32768 -32768 -32768 -32768 -32768 -32768 -32768 -32768 -32768 -32768 -32768 -32768 -32768 -32768 -32768 -32768 -32768 -32768 -32768 -32768 -32768 -32768 -32768 -32768 -32768 -32768 -32768 -32768 -32768 -32768 -32768 -32768 -32768 -32768 -32768 -32768 -32768 -32768 -32768 -32768 -32768 -32768 -32768 -32768 -32768 -32768 -32768 1908 1928 2006 2067 2110 2139 2182 2206 2335 2370 2411 2457 2509 2526 2542 2512 2468 2393 2298 2181 2083 2015
