12.asc
ncols        384
nrows        456
xllcorner    93.000000000000
yllcorner    -8.000000000000
cellsize     0.041666666667
NODATA_value 0
[rows 105 to 139 of 456, columns 79 to 157 of 384]
-32768 -32768 -32768 -32768 -32768 -32768 -32768 -32768 -32768 -32768 -32768 -32768 -32768 -32768 -32768 -32768 -32768 -32768 -32768 -32768 -32768 -32768 -32768 -32768 -32768 -32768 -32768 -32768 -32768 -32768 -32768 -32768 -32768 -32768 -32768 -32768 -32768 -32768 -32768 -32768 -32768 -32768 -32768 -32768 1787 1832 1853 1894 1909 1940 1961 1999 2020 2055 2078 2110 2132 2158 2180 2206 2231 2253 2276 2294 2315 2329 2354 2366 2390 2401 2419 2419 2434 2426 2433 2425 2434 2422 2419
-32768 -32768 -32768 -32768 -32768 -32768 -32768 -32768 -32768 -32768 -32768 -32768 -32768 -32768 -32768 -32768 -32768 -32768 -32768 -32768 -32768 -32768 -32768 -32768 -32768 -32768 -32768 -32768 -32768 -32768 -32768 -32768 -32768 -32768 -32768 -32768 -32768 -32768 -32768 -32768 -32768 -32768 -32768 1758 1782 1830 1850 1888 1905 1942 1961 2004 2021 2058 2079 2115 2138 2168 2193 2221 2246 2266 2291 2309 2332 2346 2370 2385 2414 2457 2491 2482 2495 2458 2467 2459 2462 2453 2455
-32768 -32768 -32768 -32768 -32768 -32768 -32768 -32768 -32768 -32768 -32768 -32768 -32768 -32768 -32768 -32768 -32768 -32768 -32768 -32768 -32768 -32768 -32768 -32768 -32768 -32768 -32768 -32768 -32768 -32768 -32768 -32768 -32768 -32768 -32768 -32768 -32768 -32768 -32768 -32768 -32768 -32768 -32768 1749 1776 1815 1837 1877 1894 1936 1949 1986 2013 2051 2073 2107 2129 2164 2187 2217 2240 2261 2286 2304 2329 2346 2373 2389 2459 2444 2457 2484 2521 2470 2480 2470 2480 2470 2473
-32768 -32768 -32768 -32768 -32768 -32768 -32768 -32768 -32768 -32768 -32768 -32768 -32768 -32768 -32768 -32768 -32768 -32768 -32768 -32768 -32768 -32768 -32768 -32768 -32768 -32768 -32768 -32768 -32768 -32768 -32768 -32768 -32768 -32768 -32768 -32768 -32768 -32768 -32768 -32768 -32768 -32768 1696 1743 1762 1805 1830 1870 1891 1929 1953 1989 2009 2049 2072 2113 2136 2169 2192 2224 2246 2271 2297 2315 2339 2360 2383 2406 2434 2451 2473 2481 2501 2500 2509 2499 2506 2495 2500
-32768 -32768 -32768 -32768 -32768 -32768 -32768 -32768 -32768 -32768 -32768 -32768 -32768 -32768 -32768 -32768 -32768 -32768 -32768 -32768 -32768 -32768 -32768 -32768 -32768 -32768 -32768 -32768 -32768 -32768 -32768 -32768 -32768 -32768 -32768 -32768 -32768 -32768 -32768 -32768 -32768 -32768 1685 1734 1752 1797 1815 1858 1877 1917 1936 1978 2001 2037 2060 2101 2130 2165 2186 2217 2241 2265 2295 2317 2342 2360 2392 2405 2439 2450 2478 2480 2505 2508 2518 2506 2514 2503 2507
-32768 -32768 -32768 -32768 -32768 -32768 -32768 -32768 -32768 -32768 -32768 -32768 -32768 -32768 -32768 -32768 -32768 -32768 -32768 -32768 -32768 -32768 -32768 -32768 -32768 -32768 -32768 -32768 -32768 -32768 -32768 -32768 -32768 -32768 -32768 -32768 -32768 -32768 -32768 -32768 1613 1655 1678 1721 1746 1787 1807 1852 1869 1912 1934 1975 2000 2039 2063 2104 2133 2173 2195 2221 2243 2274 2307 2332 2356 2370 2399 2415 2447 2459 2486 2497 2524 2520 2530 2525 2530 2520 2528
-32768 -32768 -32768 -32768 -32768 -32768 -32768 -32768 -32768 -32768 -32768 -32768 -32768 -32768 -32768 -32768 -32768 -32768 -32768 -32768 -32768 -32768 -32768 -32768 -32768 -32768 -32768 -32768 -32768 -32768 -32768 -32768 -32768 -32768 -32768 -32768 -32768 -32768 -32768 1583 1604 1649 1671 1712 1734 1774 1795 1838 1856 1899 1924 1963 1985 2026 2052 2094 2124 2161 2185 2216 2241 2270 2300 2327 2354 2367 2397 2416 2444 2457 2485 2497 2519 2524 2536 2529 2536 2529 2537
-32768 -32768 -32768 -32768 -32768 -32768 -32768 -32768 -32768 -32768 -32768 -32768 -32768 -32768 -32768 -32768 -32768 -32768 -32768 -32768 -32768 -32768 -32768 -32768 -32768 -32768 -32768 -32768 -32768 -32768 -32768 -32768 -32768 -32768 -32768 -32768 -32768 -32768 1534 1574 1598 1639 1657 1700 1719 1761 1783 1826 1845 1891 1912 1959 1981 2019 2048 2089 2118 2157 2183 2217 2244 2272 2307 2324 2355 2373 2406 2421 2446 2461 2492 2501 2531 2535 2546 2536 2551 2542 2549
-32768 -32768 -32768 -32768 -32768 -32768 -32768 -32768 -32768 -32768 -32768 -32768 -32768 -32768 -32768 -32768 -32768 -32768 -32768 -32768 -32768 -32768 -32768 -32768 -32768 -32768 -32768 -32768 -32768 -32768 -32768 -32768 -32768 -32768 -32768 -32768 -32768 -32768 1522 1563 1583 1626 1641 1686 1706 1750 1767 1813 1835 1879 1901 1946 1970 2014 2038 2078 2105 2147 2175 2205 2234 2261 2292 2316 2346 2367 2401 2409 2442 2462 2487 2500 2525 2528 2544 2537 2544 2543 2552
-32768 -32768 -32768 -32768 -32768 -32768 -32768 -32768 -32768 -32768 -32768 -32768 -32768 -32768 -32768 -32768 -32768 -32768 -32768 -32768 -32768 -32768 -32768 -32768 -32768 -32768 -32768 -32768 -32768 -32768 -32768 -32768 -32768 -32768 -32768 -32768 -32768 1493 1512 1553 1570 1614 1630 1672 1692 1735 1756 1801 1824 1866 1890 1937 1960 2003 2032 2071 2099 2138 2171 2205 2229 2260 2292 2314 2340 2364 2392 2409 2437 2457 2488 2501 2525 2524 2541 2537 2548 2548 2558
-32768 -32768 -32768 -32768 -32768 -32768 -32768 -32768 -32768 -32768 -32768 -32768 -32768 -32768 -32768 -32768 -32768 -32768 -32768 -32768 -32768 -32768 -32768 -32768 -32768 -32768 -32768 -32768 -32768 -32768 -32768 -32768 -32768 -32768 -32768 1430 1447 1488 1500 1541 1559 1600 1618 1659 1681 1721 1745 1787 1810 1856 1876 1922 1949 1993 2017 2058 2086 2128 2160 2194 2219 2252 2286 2303 2329 2349 2379 2402 2427 2449 2480 2495 2513 2522 2535 2532 2546 2541 2553
-32768 -32768 -32768 -32768 -32768 -32768 -32768 -32768 -32768 -32768 -32768 -32768 -32768 -32768 -32768 -32768 -32768 -32768 -32768 -32768 -32768 -32768 -32768 -32768 -32768 -32768 -32768 -32768 -32768 -32768 -32768 -32768 -32768 -32768 1380 1420 1440 1476 1491 1528 1546 1586 1605 1644 1667 1709 1731 1773 1793 1840 1864 1906 1933 1978 2005 2048 2072 2118 2143 2179 2205 2235 2270 2289 2316 2335 2368 2385 2420 2438 2466 2481 2503 2511 2529 2527 2538 2540 2553
-32768 -32768 -32768 -32768 -32768 -32768 -32768 -32768 -32768 -32768 -32768 -32768 -32768 -32768 -32768 -32768 -32768 -32768 -32768 -32768 -32768 -32768 -32768 -32768 -32768 -32768 -32768 -32768 -32768 -32768 -32768 -32768 -32768 -32768 1373 1408 1426 1458 1478 1514 1535 1572 1593 1632 1655 1695 1718 1765 1783 1828 1852 1895 1920 1967 1992 2038 2067 2106 2134 2167 2194 2218 2252 2273 2304 2323 2357 2376 2409 2423 2452 2463 2492 2499 2520 2524 2535 2537 2552
-32768 -32768 -32768 -32768 -32768 -32768 -32768 -32768 -32768 -32768 -32768 -32768 -32768 -32768 -32768 -32768 -32768 -32768 -32768 -32768 -32768 -32768 -32768 -32768 -32768 -32768 -32768 -32768 -32768 -32768 -32768 -32768 -32768 1346 1365 1399 1416 1450 1465 1501 1520 1559 1577 1616 1640 1682 1698 1744 1767 1813 1836 1879 1901 1947 1975 2017 2046 2088 2110 2147 2172 2199 2230 2255 2288 2309 2340 2360 2390 2406 2434 2448 2477 2487 2512 2515 2528 2531 2547
-32768 -32768 -32768 -32768 -32768 -32768 -32768 -32768 -32768 -32768 -32768 -32768 -32768 -32768 -32768 -32768 -32768 -32768 -32768 -32768 -32768 -32768 -32768 -32768 -32768 -32768 -32768 -32768 -32768 -32768 -32768 -32768 1304 1337 1355 1389 1404 1439 1454 1490 1507 1548 1566 1607 1628 1670 1687 1731 1755 1801 1827 1867 1888 1939 1962 2003 2031 2070 2100 2136 2162 2190 2221 2251 2279 2297 2324 2348 2375 2391 2421 2436 2465 2477 2502 2504 2517 2523 2538
-32768 -32768 -32768 -32768 -32768 -32768 -32768 -32768 -32768 -32768 -32768 -32768 -32768 -32768 -32768 -32768 -32768 -32768 -32768 -32768 -32768 -32768 -32768 -32768 -32768 -32768 -32768 -32768 -32768 -32768 -32768 -32768 -32768 1327 1347 1375 1395 1428 1443 1477 1498 1531 1550 1590 1613 1649 1674 1714 1736 1777 1805 1845 1872 1914 1939 1977 2001 2044 2073 2108 2134 2159 2192 2217 2247 2270 2296 2323 2353 2373 2404 2419 2446 2454 2475 2484 2506 2508 2526
-32768 -32768 -32768 -32768 -32768 -32768 -32768 -32768 -32768 -32768 -32768 -32768 -32768 -32768 -32768 -32768 -32768 -32768 -32768 -32768 -32768 -32768 -32768 -32768 -32768 -32768 -32768 -32768 -32768 -32768 -32768 -32768 -32768 1312 1333 1365 1383 1416 1436 1468 1486 1522 1538 1579 1603 1641 1666 1708 1728 1769 1786 1832 1856 1899 1926 1967 1996 2035 2062 2095 2119 2150 2174 2200 2225 2250 2286 2310 2344 2366 2396 2416 2440 2440 2456 2467 2491 2497 2513
-32768 -32768 -32768 -32768 -32768 -32768 -32768 -32768 -32768 -32768 -32768 -32768 -32768 -32768 -32768 -32768 -32768 -32768 -32768 -32768 -32768 -32768 -32768 -32768 -32768 -32768 -32768 -32768 -32768 -32768 -32768 -32768 -32768 1313 1328 1358 1371 1406 1426 1457 1474 1508 1526 1564 1585 1625 1647 1688 1709 1744 1768 1806 1830 1868 1898 1941 1965 2002 2029 2061 2090 2117 2145 2168 2191 2216 2254 2284 2313 2336 2375 2391 2413 2415 2432 2443 2462 2476 2496
-32768 -32768 -32768 -32768 -32768 -32768 -32768 -32768 -32768 -32768 -32768 -32768 -32768 -32768 -32768 -32768 -32768 -32768 -32768 -32768 -32768 -32768 -32768 -32768 -32768 -32768 -32768 -32768 -32768 -32768 -32768 -32768 1275 1300 1321 1347 1364 1397 1414 1445 1465 1498 1516 1556 1575 1615 1638 1677 1699 1732 1753 1794 1818 1859 1889 1925 1951 1992 2018 2049 2077 2109 2130 2156 2182 2202 2242 2272 2299 2320 2354 2372 2393 2399 2421 2430 2453 2463 2487
-32768 -32768 -32768 -32768 -32768 -32768 -32768 -32768 -32768 -32768 -32768 -32768 -32768 -32768 -32768 -32768 -32768 -32768 -32768 -32768 -32768 -32768 -32768 -32768 -32768 -32768 -32768 -32768 -32768 -32768 -32768 1259 1271 1300 1315 1342 1360 1387 1403 1433 1453 1485 1502 1535 1555 1594 1615 1656 1675 1709 1729 1768 1789 1832 1862 1897 1918 1954 1986 2017 2045 2068 2099 2123 2149 2173 2202 2233 2261 2282 2316 2335 2363 2376 2392 2405 2428 2444 2467
-32768 -32768 -32768 -32768 -32768 -32768 -32768 -32768 -32768 -32768 -32768 -32768 -32768 -32768 -32768 -32768 -32768 -32768 -32768 -32768 -32768 -32768 -32768 -32768 -32768 -32768 -32768 -32768 -32768 -32768 1227 1250 1264 1293 1309 1332 1351 1379 1395 1425 1445 1474 1493 1525 1546 1581 1609 1643 1666 1700 1720 1757 1782 1824 1855 1889 1912 1943 1965 2001 2031 2063 2085 2111 2138 2160 2188 2212 2243 2266 2294 2317 2341 2361 2381 2391 2416 2430 2453
-32768 -32768 -32768 -32768 -32768 -32768 -32768 -32768 -32768 -32768 -32768 -32768 -32768 -32768 -32768 -32768 -32768 -32768 -32768 -32768 -32768 -32768 -32768 -32768 -32768 -32768 -32768 -32768 -32768 -32768 1227 1249 1261 1288 1302 1329 1346 1371 1387 1417 1433 1465 1480 1515 1532 1567 1590 1620 1643 1673 1698 1731 1756 1795 1824 1857 1881 1910 1937 1965 1993 2022 2047 2075 2101 2124 2154 2179 2206 2231 2261 2285 2310 2330 2349 2362 2384 2404 2427
-32768 -32768 -32768 -32768 -32768 -32768 -32768 -32768 -32768 -32768 -32768 -32768 -32768 -32768 -32768 -32768 -32768 -32768 -32768 -32768 -32768 -32768 -32768 -32768 -32768 -32768 -32768 -32768 -32768 -32768 1222 1243 1257 1283 1297 1319 1337 1364 1378 1408 1425 1455 1474 1504 1524 1556 1578 1611 1638 1665 1687 1724 1747 1785 1812 1845 1868 1900 1924 1955 1982 2009 2037 2063 2087 2114 2138 2167 2191 2217 2243 2268 2292 2309 2331 2345 2371 2388 2411
-32768 -32768 -32768 -32768 -32768 -32768 -32768 -32768 -32768 -32768 -32768 -32768 -32768 -32768 -32768 -32768 -32768 -32768 -32768 -32768 -32768 -32768 -32768 -32768 -32768 -32768 -32768 -32768 -32768 1213 1223 1241 1257 1280 1294 1318 1332 1358 1370 1399 1415 1444 1464 1490 1508 1537 1559 1592 1612 1639 1665 1696 1720 1751 1777 1809 1836 1864 1888 1919 1944 1974 1999 2028 2052 2079 2100 2130 2160 2183 2209 2231 2256 2276 2295 2317 2341 2358 2379
-32768 -32768 -32768 -32768 -32768 -32768 -32768 -32768 -32768 -32768 -32768 -32768 -32768 -32768 -32768 -32768 -32768 -32768 -32768 -32768 -32768 -32768 -32768 -32768 -32768 -32768 -32768 -32768 -32768 1207 1221 1241 1253 1277 1289 1311 1330 1351 1368 1392 1408 1437 1453 1483 1505 1529 1551 1582 1602 1634 1655 1688 1712 1743 1769 1799 1822 1854 1877 1910 1933 1962 1987 2016 2041 2060 2090 2116 2142 2171 2188 2210 2234 2257 2277 2298 2326 2340 2363
-32768 -32768 -32768 -32768 -32768 -32768 -32768 -32768 -32768 -32768 -32768 -32768 -32768 -32768 -32768 -32768 -32768 -32768 -32768 -32768 -32768 -32768 -32768 -32768 -32768 -32768 -32768 -32768 1196 1214 1223 1243 1256 1276 1288 1308 1325 1345 1363 1383 1400 1424 1443 1470 1489 1512 1533 1559 1585 1611 1633 1660 1683 1711 1731 1762 1786 1819 1841 1872 1897 1923 1946 1976 1998 2027 2050 2078 2105 2131 2154 2176 2200 2222 2246 2266 2292 2308 2327
-32768 -32768 -32768 -32768 -32768 -32768 -32768 -32768 -32768 -32768 -32768 -32768 -32768 -32768 -32768 -32768 -32768 -32768 -32768 -32768 -32768 -32768 -32768 -32768 -32768 -32768 -32768 1191 1195 1211 1225 1241 1256 1274 1286 1306 1321 1340 1359 1378 1395 1416 1436 1463 1482 1508 1524 1554 1573 1601 1623 1655 1675 1700 1721 1752 1778 1806 1829 1862 1885 1914 1935 1964 1988 2013 2036 2062 2085 2112 2134 2157 2179 2205 2229 2252 2270 2289 2311
-32768 -32768 -32768 -32768 -32768 -32768 -32768 -32768 -32768 -32768 -32768 -32768 -32768 -32768 -32768 -32768 -32768 -32768 -32768 -32768 -32768 -32768 -32768 -32768 -32768 -32768 1179 1189 1199 1215 1227 1244 1257 1274 1289 1304 1320 1336 1353 1373 1390 1410 1427 1448 1467 1493 1510 1536 1555 1578 1602 1627 1650 1672 1695 1723 1744 1774 1799 1828 1849 1876 1901 1932 1951 1980 2003 2032 2050 2075 2096 2122 2139 2167 2191 2217 2236 2256 2275
-32768 -32768 -32768 -32768 -32768 -32768 -32768 -32768 -32768 -32768 -32768 -32768 -32768 -32768 -32768 -32768 -32768 -32768 -32768 -32768 -32768 -32768 -32768 -32768 1156 1169 1177 1190 1200 1218 1229 1246 1258 1275 1287 1305 1317 1336 1351 1370 1385 1406 1420 1447 1460 1486 1506 1527 1551 1573 1596 1621 1639 1667 1688 1715 1738 1768 1790 1817 1839 1867 1889 1915 1941 1968 1989 2017 2037 2062 2085 2110 2131 2153 2171 2192 2213 2235 2254
-32768 -32768 -32768 -32768 -32768 -32768 -32768 -32768 -32768 -32768 -32768 -32768 -32768 -32768 -32768 -32768 -32768 -32768 -32768 -32768 -32768 -32768 -32768 1163 1160 1172 1185 1199 1211 1224 1237 1252 1264 1276 1287 1301 1315 1332 1342 1361 1376 1397 1411 1434 1449 1468 1487 1510 1531 1551 1575 1596 1614 1641 1663 1689 1709 1736 1759 1782 1801 1836 1852 1881 1907 1938 1957 1981 2002 2031 2052 2082 2100 2119 2140 2159 2180 2201 2222
-32768 -32768 1121 -32768 -32768 -32768 -32768 -32768 -32768 -32768 -32768 -32768 -32768 -32768 -32768 -32768 -32768 -32768 -32768 -32768 -32768 -32768 -32768 1163 1162 1179 1191 1205 1215 1233 1242 1256 1268 1282 1290 1305 1315 1333 1344 1359 1375 1392 1410 1430 1446 1467 1485 1505 1526 1549 1568 1590 1610 1637 1655 1683 1704 1727 1749 1775 1793 1820 1841 1865 1892 1920 1942 1967 1988 2021 2041 2066 2084 2104 2122 2146 2162 2179 2200
1166 1164 1161 1145 1141 -32768 -32768 -32768 -32768 -32768 -32768 1114 1105 1103 1098 1102 1101 1107 1114 1137 -32768 1155 1157 1164 1172 1190 1202 1216 1229 1241 1251 1261 1270 1282 1292 1303 1316 1328 1339 1354 1369 1384 1400 1418 1436 1453 1473 1490 1511 1529 1552 1570 1588 1613 1635 1657 1679 1697 1720 1745 1764 1792 1810 1839 1859 1886 1909 1933 1957 1984 2006 2036 2055 2078 2094 2114 2129 2150 2167
1225 1224 1218 1202 1183 1166 1156 1156 1145 1129 1129 1128 1127 1123 1120 1121 1117 1115 1116 1121 1135 1149 1162 1175 1188 1205 1215 1230 1236 1254 1257 1269 1277 1287 1296 1308 1316 1329 1345 1352 1369 1386 1399 1415 1432 1453 1471 1492 1509 1529 1547 1566 1587 1606 1626 1650 1673 1692 1708 1737 1760 1783 1803 1832 1852 1877 1892 1924 1943 1974 1991 2019 2033 2061 2079 2096 2106 2125 2143
1300 1290 1278 1270 1258 1222 1221 1204 1189 1175 1167 1160 1155 1148 1144 1140 1133 1131 1127 1131 1141 1157 1170 1191 1204 1219 1228 1243 1251 1262 1270 1274 1281 1292 1299 1306 1315 1325 1338 1350 1359 1375 1392 1408 1423 1438 1457 1476 1494 1511 1530 1548 1568 1588 1606 1627 1645 1665 1685 1709 1730 1756 1780 1805 1823 1848 1868 1899 1917 1941 1958 1981 2000 2028 2047 2065 2076 2098 2111
1374 1356 1345 1332 1308 1286 1281 1254 1239 1229 1216 1205 1191 1183 1176 1166 1160 1151 1149 1148 1153 1174 1193 1212 1225 1242 1249 1262 1270 1277 1282 1288 1294 1299 1303 1310 1321 1330 1339 1348 1366 1380 1392 1410 1423 1439 1457 1475 1491 1513 1532 1549 1567 1587 1603 1624 1642 1658 1678 1701 1721 1749 1771 1801 1815 1838 1859 1886 1903 1928 1943 1967 1983 2012 2026 2051 2059 2075 2091
