12.asc
ncols        384
nrows        456
xllcorner    93.000000000000
yllcorner    -8.000000000000
cellsize     0.041666666667
NODATA_value 0
[rows 315 to 349 of 456, columns 158 to 236 of 384]
3017 3033 3055 3118 3147 -32768 -32768 -32768 -32768 -32768 -32768 -32768 -32768 -32768 -32768 -32768 -32768 -32768 -32768 -32768 -32768 -32768 -32768 -32768 -32768 -32768 -32768 -32768 -32768 3051 3047 3078 3102 3163 3234 3280 3155 2807 2585 1966 1811 1747 1717 1719 1744 1806 1809 1808 1773 1756 1738 1841 1983 2063 2103 2322 2342 2268 2401 2433 2444 2465 2482 2470 2469 2464 2456 2442 2437 2422 2406 2387 2374 2356 2336 2315 2291 2268 2243
3005 2991 3004 3014 3081 3125 -32768 -32768 -32768 -32768 -32768 -32768 -32768 -32768 -32768 -32768 -32768 -32768 -32768 -32768 -32768 -32768 -32768 -32768 -32768 -32768 -32768 -32768 -32768 3059 3056 3081 3117 3169 3210 3239 3168 2998 2495 2070 1994 1774 1724 1727 1725 1758 1777 1790 1830 1830 1856 1899 2104 2214 2197 2217 2284 2347 2346 2379 2424 2456 2448 2456 2448 2453 2440 2437 2430 2410 2395 2381 2365 2350 2334 2308 2283 2258 2230
3020 2973 2983 3025 3040 3060 3126 -32768 -32768 -32768 -32768 -32768 -32768 -32768 -32768 -32768 -32768 -32768 -32768 -32768 -32768 -32768 -32768 -32768 -32768 -32768 -32768 -32768 -32768 3073 3079 3095 3120 3157 3181 3185 3149 3050 2770 2608 2188 1918 1828 1739 1721 1724 1767 1784 1795 1846 1877 1954 2067 2137 2173 2177 2268 2309 2355 2388 2339 2393 2437 2438 2445 2446 2442 2443 2435 2415 2403 2390 2378 2361 2342 2324 2300 2264 2236
3004 2972 2955 2967 3001 3020 3037 3113 -32768 -32768 -32768 -32768 -32768 -32768 -32768 -32768 -32768 -32768 -32768 -32768 -32768 -32768 -32768 -32768 -32768 -32768 -32768 -32768 -32768 -32768 3070 3088 3096 3129 3138 3139 3107 3053 2889 2579 2334 2063 1920 1764 1747 1725 1748 1757 1745 1798 1856 1935 1970 2028 2055 2140 2211 2302 2334 2352 2388 2417 2414 2411 2433 2439 2427 2426 2419 2408 2399 2388 2370 2356 2336 2316 2285 2255 2223
3005 3002 2997 2968 2973 2980 3015 3043 -32768 -32768 -32768 -32768 -32768 -32768 -32768 -32768 -32768 -32768 -32768 -32768 -32768 -32768 -32768 -32768 -32768 -32768 -32768 -32768 -32768 -32768 3066 3075 3083 3096 3103 3093 3067 3037 2940 2754 2534 2303 2061 1900 1842 1752 1756 1744 1726 1736 1793 1902 1918 1971 2005 2076 2165 2253 2323 2369 2345 2345 2392 2399 2403 2417 2420 2426 2423 2397 2392 2386 2381 2368 2350 2324 2289 2263 2227
-32768 3018 2974 2973 2978 2971 2979 3001 3074 -32768 -32768 -32768 -32768 -32768 -32768 -32768 -32768 -32768 -32768 -32768 -32768 -32768 -32768 -32768 -32768 -32768 -32768 -32768 -32768 -32768 -32768 3056 3051 3059 3057 3041 3017 2990 2880 2773 2712 2463 2238 2126 1922 1885 1779 1751 1734 1734 1745 1821 1839 1877 1924 2016 2121 2232 2284 2310 2269 2379 2423 2355 2353 2355 2324 2378 2396 2382 2377 2367 2361 2346 2332 2306 2275 2246 2211
-32768 -32768 2966 2971 2974 2977 2972 2991 3039 3097 -32768 -32768 -32768 -32768 -32768 -32768 -32768 -32768 -32768 -32768 -32768 -32768 -32768 -32768 -32768 -32768 -32768 -32768 -32768 -32768 -32768 -32768 3036 3035 3028 3020 2994 2961 2896 2862 2776 2633 2394 2264 2188 1968 1833 1758 1821 1787 1735 1733 1742 1800 1875 1931 2035 2153 2233 2223 2139 2098 2292 2381 2365 2276 2350 2383 2328 2385 2388 2378 2367 2351 2328 2304 2277 2249 2214
-32768 -32768 -32768 -32768 2997 2962 2954 2981 2997 2994 3011 3068 -32768 -32768 -32768 -32768 -32768 -32768 -32768 -32768 -32768 -32768 -32768 -32768 -32768 -32768 -32768 -32768 -32768 -32768 -32768 -32768 -32768 3001 2977 2967 2953 2933 2894 2862 2799 2706 2549 2417 2301 2166 1933 1792 1903 1940 1775 1737 1726 1765 1787 1752 1825 2030 2118 2205 2157 2179 2389 2413 2366 2373 2374 2318 2282 2271 2357 2360 2344 2324 2303 2281 2261 2229 2200
-32768 -32768 -32768 -32768 -32768 3022 2996 3020 2996 2957 2990 2987 3047 -32768 -32768 -32768 -32768 -32768 -32768 -32768 -32768 -32768 -32768 -32768 -32768 -32768 -32768 -32768 -32768 -32768 -32768 -32768 -32768 2973 2955 2945 2926 2907 2868 2835 2793 2721 2646 2557 2542 2352 2052 1940 2013 1987 1887 1799 1763 1765 1727 1735 1732 1897 1866 2086 2127 2136 2209 2371 2419 2413 2352 2276 2300 2312 2354 2359 2341 2320 2299 2284 2261 2229 2207
-32768 -32768 -32768 -32768 -32768 -32768 -32768 -32768 2916 2911 2891 2929 2967 3042 -32768 -32768 -32768 -32768 -32768 -32768 -32768 -32768 -32768 -32768 -32768 -32768 -32768 -32768 -32768 -32768 -32768 -32768 -32768 -32768 2929 2915 2890 2876 2848 2829 2794 2769 2739 2623 2528 2430 2335 2276 2010 1828 1898 1866 1802 1781 1733 1736 1773 1905 2023 2113 2064 1977 2103 2317 2317 2294 2264 2244 2239 2268 2340 2339 2324 2302 2276 2267 2238 2211 2189
-32768 -32768 -32768 -32768 -32768 -32768 -32768 -32768 2909 2894 2876 2913 2927 2961 3024 -32768 -32768 -32768 -32768 -32768 -32768 -32768 -32768 -32768 -32768 -32768 -32768 -32768 -32768 -32768 -32768 -32768 -32768 -32768 -32768 2890 2865 2855 2840 2830 2801 2778 2675 2606 2571 2550 2469 2238 2045 1979 1852 1884 1839 1821 1788 1800 1855 1949 2029 2047 2048 2244 2259 2364 2154 2210 2250 2275 2238 2326 2317 2331 2321 2300 2278 2258 2232 2213 2190
-32768 -32768 -32768 -32768 -32768 -32768 -32768 -32768 2883 2880 2849 2866 2884 2900 2915 2983 -32768 -32768 -32768 -32768 -32768 -32768 -32768 -32768 -32768 -32768 -32768 -32768 -32768 -32768 -32768 -32768 -32768 -32768 -32768 -32768 2850 2843 2831 2819 2792 2773 2737 2691 2602 2514 2458 2363 2241 2194 1937 1796 1833 1837 1830 1824 1831 1845 1918 2010 2085 2122 2265 2307 2051 2179 2213 2263 2200 2278 2264 2274 2291 2285 2264 2242 2220 2196 2170
-32768 -32768 -32768 -32768 -32768 -32768 -32768 -32768 2879 2877 2816 2804 2859 2872 2894 2913 2985 -32768 -32768 -32768 -32768 -32768 -32768 -32768 -32768 -32768 -32768 -32768 -32768 -32768 -32768 -32768 -32768 -32768 -32768 -32768 3000 2837 2825 2818 2795 2774 2734 2697 2618 2464 2465 2487 2249 2096 2099 1894 1795 1820 1805 1823 1781 1792 1919 2014 1918 1969 2144 2319 2280 2146 2233 2238 2287 2293 2234 2273 2279 2287 2261 2244 2218 2201 2172
-32768 -32768 -32768 -32768 -32768 -32768 -32768 -32768 -32768 2857 2823 2779 2800 2832 2855 2875 2910 -32768 -32768 -32768 -32768 -32768 -32768 -32768 -32768 -32768 -32768 -32768 -32768 -32768 -32768 -32768 -32768 -32768 -32768 -32768 -32768 2963 2822 2820 2800 2777 2753 2731 2653 2534 2406 2525 2401 2305 2194 2109 1890 1800 1775 1780 1768 1767 1842 1816 1814 2046 2085 2248 2378 2412 2363 2286 2267 2289 2142 2261 2272 2262 2241 2216 2197 2175 2155
-32768 -32768 -32768 -32768 -32768 -32768 -32768 -32768 -32768 2851 2831 2819 2781 2785 2834 2859 2907 2955 -32768 -32768 -32768 -32768 -32768 -32768 -32768 -32768 -32768 -32768 -32768 -32768 -32768 -32768 -32768 -32768 -32768 -32768 -32768 -32768 2955 2918 2808 2791 2768 2746 2697 2589 2522 2391 2376 2347 2262 2179 2098 1867 1773 1772 1762 1773 1768 1763 1772 1844 2089 2236 2333 2348 2376 2372 2367 2335 2304 2287 2278 2264 2241 2218 2195 2178 2155
-32768 -32768 -32768 -32768 -32768 -32768 -32768 -32768 -32768 2822 2811 2797 2813 2815 2811 2822 2854 2884 2950 -32768 -32768 -32768 -32768 -32768 -32768 -32768 -32768 -32768 -32768 -32768 -32768 -32768 -32768 -32768 -32768 -32768 -32768 -32768 -32768 -32768 2924 2798 2777 2762 2717 2650 2567 2563 2562 2478 2408 2213 2091 1939 1813 1802 1777 1850 1767 1754 1748 1801 1931 1923 2089 2291 2279 2342 2330 2295 2275 2268 2256 2248 2228 2210 2185 2162 2142
-32768 -32768 -32768 -32768 -32768 -32768 -32768 -32768 -32768 2817 2817 2813 2805 2822 2822 2813 2831 2846 2881 2945 -32768 -32768 -32768 -32768 -32768 -32768 -32768 -32768 -32768 -32768 -32768 -32768 -32768 -32768 -32768 -32768 -32768 -32768 -32768 -32768 -32768 2799 2783 2771 2740 2705 2615 2627 2606 2597 2528 2335 2177 2131 1987 1993 1964 1961 1880 1806 1759 1771 1802 1841 2071 2063 2183 2246 2240 2167 2147 2244 2232 2254 2229 2205 2184 2164 2142
-32768 -32768 -32768 -32768 -32768 -32768 -32768 -32768 -32768 2791 2793 2798 2797 2804 2803 2782 2796 2807 2825 2862 2928 -32768 -32768 -32768 -32768 -32768 -32768 -32768 -32768 -32768 -32768 -32768 -32768 -32768 -32768 -32768 -32768 -32768 -32768 -32768 -32768 2931 2785 2774 2744 2725 2680 2659 2646 2616 2596 2529 2394 2358 2201 2218 2198 2067 2137 2071 1834 1756 1765 1848 1860 1851 1957 2117 2187 2027 2204 2241 2253 2227 2215 2193 2171 2152 2126
-32768 -32768 -32768 -32768 -32768 -32768 -32768 -32768 -32768 -32768 2829 2808 2801 2796 2797 2773 2744 2774 2802 2833 2871 2930 -32768 -32768 -32768 -32768 -32768 -32768 -32768 -32768 -32768 -32768 -32768 -32768 -32768 -32768 -32768 -32768 -32768 -32768 -32768 -32768 2787 2780 2755 2733 2702 2680 2658 2629 2605 2605 2542 2435 2399 2388 2057 1965 1934 2098 1841 1765 1762 1762 1765 1775 1905 2099 2078 2172 2236 2255 2250 2238 2215 2192 2169 2145 2122
-32768 -32768 -32768 -32768 -32768 -32768 -32768 -32768 -32768 -32768 -32768 2855 2812 2781 2775 2734 2710 2733 2757 2776 2814 2842 2910 -32768 -32768 -32768 -32768 -32768 -32768 -32768 -32768 -32768 -32768 -32768 -32768 -32768 -32768 -32768 -32768 -32768 -32768 -32768 2875 2777 2762 2750 2717 2678 2684 2626 2607 2570 2538 2522 2531 2462 2151 1954 2013 1942 2043 1938 1782 1760 1781 1854 1926 1874 2104 2140 2209 2078 2177 2215 2200 2178 2154 2131 2112
-32768 -32768 -32768 -32768 -32768 -32768 -32768 -32768 -32768 -32768 -32768 -32768 -32768 2769 2766 2716 2675 2686 2760 2762 2786 2799 2838 2903 -32768 -32768 -32768 -32768 -32768 -32768 -32768 -32768 -32768 -32768 -32768 -32768 -32768 -32768 -32768 -32768 -32768 -32768 2890 2781 2769 2757 2725 2711 2700 2667 2640 2609 2558 2547 2533 2489 2329 2213 2262 2123 2123 2033 1828 1789 1830 1906 1996 1834 1973 2080 1966 1877 2085 2203 2189 2177 2159 2132 2114
-32768 -32768 -32768 -32768 -32768 -32768 -32768 -32768 -32768 -32768 -32768 -32768 -32768 2741 2746 2715 2658 2673 2713 2737 2761 2772 2785 2831 -32768 -32768 -32768 -32768 -32768 -32768 -32768 -32768 -32768 -32768 -32768 -32768 -32768 -32768 -32768 -32768 -32768 -32768 -32768 2866 2766 2761 2729 2717 2680 2672 2669 2651 2579 2560 2520 2537 2510 2449 2524 2367 2029 2143 1970 1805 1816 1900 1857 1807 1861 1860 1822 1948 2121 2122 2146 2164 2142 2126 2105
-32768 -32768 -32768 -32768 -32768 -32768 -32768 -32768 -32768 -32768 -32768 -32768 -32768 2737 2739 2743 2736 2695 2719 2741 2757 2766 2777 2804 2871 -32768 -32768 -32768 -32768 -32768 -32768 -32768 -32768 -32768 -32768 -32768 -32768 -32768 -32768 -32768 -32768 -32768 -32768 2885 2830 2761 2736 2723 2691 2688 2668 2656 2606 2586 2554 2596 2595 2567 2543 2532 2353 2428 2370 1857 1793 1772 1772 1769 1762 1767 1846 1879 1852 1960 1917 2051 2135 2124 2102
-32768 -32768 -32768 -32768 -32768 -32768 -32768 -32768 -32768 -32768 -32768 -32768 -32768 -32768 2759 2719 2727 2715 2704 2721 2734 2743 2757 2770 2833 -32768 -32768 -32768 -32768 -32768 -32768 -32768 -32768 -32768 -32768 -32768 -32768 -32768 -32768 -32768 -32768 -32768 -32768 -32768 2835 2788 2738 2721 2687 2680 2651 2653 2624 2621 2600 2606 2599 2581 2561 2560 2479 2107 2363 2397 1835 1772 1767 1778 1780 1753 1751 1771 1789 1791 1928 2114 2104 2116 2091
-32768 -32768 -32768 -32768 -32768 -32768 -32768 -32768 -32768 -32768 -32768 -32768 -32768 -32768 -32768 2715 2720 2725 2703 2714 2732 2739 2747 2754 2794 -32768 -32768 -32768 -32768 -32768 -32768 -32768 -32768 -32768 -32768 -32768 -32768 -32768 -32768 -32768 -32768 -32768 -32768 -32768 2822 2766 2741 2730 2706 2692 2663 2671 2634 2649 2633 2628 2613 2594 2550 2510 2374 2247 2210 2416 2302 1855 1768 1771 1797 1759 1758 1774 1953 2090 2149 2121 2132 2112 2086
-32768 -32768 -32768 -32768 -32768 -32768 -32768 -32768 -32768 -32768 -32768 -32768 -32768 -32768 -32768 2744 2706 2701 2690 2701 2713 2718 2723 2732 2755 -32768 -32768 -32768 -32768 -32768 -32768 -32768 -32768 -32768 -32768 -32768 -32768 -32768 -32768 -32768 -32768 -32768 -32768 -32768 2815 2756 2740 2724 2695 2696 2669 2653 2642 2643 2626 2629 2601 2586 2535 2496 2289 2097 1985 1974 2204 2115 1807 1782 1803 1762 1753 1756 1919 2140 2075 2115 2109 2093 2075
-32768 -32768 -32768 -32768 -32768 -32768 -32768 -32768 -32768 -32768 -32768 -32768 -32768 -32768 -32768 -32768 2693 2697 2696 2694 2710 2713 2722 2725 2736 2770 -32768 -32768 -32768 -32768 -32768 -32768 -32768 -32768 -32768 -32768 -32768 -32768 -32768 -32768 -32768 -32768 -32768 -32768 2843 2777 2745 2725 2704 2692 2662 2660 2648 2637 2626 2615 2594 2580 2534 2500 2393 2110 1858 1825 1869 1950 1918 1832 1794 1769 1758 1758 1946 1862 1868 1951 2024 2056 2058
-32768 -32768 -32768 -32768 -32768 -32768 -32768 -32768 -32768 -32768 -32768 -32768 -32768 -32768 -32768 -32768 -32768 2671 2677 2662 2681 2694 2700 2701 2711 2720 2777 -32768 -32768 -32768 -32768 -32768 -32768 -32768 -32768 -32768 -32768 -32768 -32768 -32768 -32768 -32768 -32768 -32768 -32768 2803 2754 2739 2695 2686 2657 2650 2632 2624 2616 2611 2582 2568 2531 2503 2445 2312 2033 1833 1800 1823 1810 1835 1784 1768 1762 1753 1768 1750 1824 1923 1985 2017 2049
-32768 -32768 -32768 -32768 -32768 -32768 -32768 -32768 -32768 -32768 -32768 -32768 -32768 -32768 -32768 -32768 -32768 2667 2673 2673 2673 2683 2699 2710 2711 2720 2747 2790 -32768 -32768 -32768 -32768 -32768 -32768 -32768 -32768 -32768 -32768 -32768 -32768 -32768 -32768 -32768 -32768 -32768 -32768 2795 2766 2717 2716 2668 2654 2634 2628 2599 2604 2574 2570 2531 2515 2456 2394 2243 1880 1815 1811 1798 1790 1781 1773 1764 1757 1758 1754 1741 1870 2001 2047 2052
-32768 -32768 -32768 -32768 -32768 -32768 -32768 -32768 -32768 -32768 -32768 -32768 -32768 -32768 -32768 -32768 -32768 -32768 2711 2667 2660 2660 2680 2680 2689 2707 2722 2730 -32768 -32768 -32768 -32768 -32768 -32768 -32768 -32768 -32768 -32768 -32768 -32768 -32768 -32768 -32768 -32768 -32768 -32768 -32768 2777 2727 2709 2689 2650 2627 2617 2592 2584 2554 2553 2530 2510 2447 2414 2348 2085 1832 1809 1794 1791 1775 1765 1755 1757 1768 1771 1731 1863 1982 2032 2042
-32768 -32768 -32768 -32768 -32768 -32768 -32768 -32768 -32768 -32768 -32768 -32768 -32768 -32768 -32768 -32768 -32768 -32768 -32768 2690 2702 2721 2716 2685 2689 2701 2709 2710 2755 -32768 -32768 -32768 -32768 -32768 -32768 -32768 -32768 -32768 -32768 -32768 -32768 -32768 -32768 -32768 -32768 -32768 -32768 -32768 2742 2720 2682 2676 2626 2620 2594 2579 2558 2545 2520 2499 2458 2436 2402 2327 1970 1820 1807 1800 1775 1758 1733 1746 1758 1776 1734 1818 1968 2012 2032
-32768 -32768 -32768 -32768 -32768 -32768 -32768 -32768 -32768 -32768 -32768 -32768 -32768 -32768 -32768 -32768 -32768 -32768 -32768 -32768 -32768 -32768 2718 2684 2678 2672 2669 2670 2688 2749 -32768 -32768 -32768 -32768 -32768 -32768 -32768 -32768 -32768 -32768 -32768 -32768 -32768 -32768 -32768 -32768 -32768 -32768 2724 2711 2666 2649 2628 2614 2580 2572 2539 2530 2505 2489 2459 2442 2398 2328 2210 1931 1810 1802 1770 1746 1694 1716 1744 1764 1742 1809 1887 1956 1977
-32768 -32768 -32768 -32768 -32768 -32768 -32768 -32768 -32768 -32768 -32768 -32768 -32768 -32768 -32768 -32768 -32768 -32768 -32768 -32768 -32768 -32768 -32768 2699 2651 2648 2662 2661 2675 2703 -32768 -32768 -32768 -32768 -32768 -32768 -32768 -32768 -32768 -32768 -32768 -32768 -32768 -32768 -32768 -32768 -32768 -32768 -32768 2727 2691 2660 2623 2611 2586 2569 2537 2529 2498 2486 2459 2448 2402 2362 2317 2161 1900 1795 1772 1748 1707 1729 1776 1777 1752 1760 1807 1788 1791
-32768 -32768 -32768 -32768 -32768 -32768 -32768 -32768 -32768 -32768 -32768 -32768 -32768 -32768 -32768 -32768 -32768 -32768 -32768 -32768 -32768 -32768 -32768 -32768 -32768 2674 2644 2638 2646 2659 -32768 -32768 -32768 -32768 -32768 -32768 -32768 -32768 -32768 -32768 -32768 -32768 -32768 -32768 -32768 -32768 -32768 -32768 -32768 -32768 -32768 2684 2627 2595 2570 2561 2529 2520 2489 2478 2450 2440 2409 2391 2340 2274 2060 1877 1771 1758 1745 1758 1811 1804 1772 1758 1762 1798 1797
-32768 -32768 -32768 -32768 -32768 -32768 -32768 -32768 -32768 -32768 -32768 -32768 -32768 -32768 -32768 -32768 -32768 -32768 -32768 -32768 -32768 -32768 -32768 -32768 -32768 -32768 2663 2640 2643 2646 2706 -32768 -32768 -32768 -32768 -32768 -32768 -32768 -32768 -32768 -32768 -32768 -32768 -32768 -32768 -32768 -32768 -32768 -32768 -32768 -32768 -32768 2646 2594 2568 2559 2532 2520 2497 2489 2461 2449 2423 2405 2374 2344 2271 2122 1845 1795 1780 1754 1794 1801 1786 1776 1779 1794 1814
