12.asc
ncols        384
nrows        456
xllcorner    93.000000000000
yllcorner    -8.000000000000
cellsize     0.041666666667
NODATA_value 0
[rows 280 to 314 of 456, columns 237 to 315 of 384]
2137 2145 2140 2148 2146 2156 2151 2159 2161 2168 2169 2178 2174 2190 2186 2200 2200 2208 2208 2217 2221 2232 2235 2248 2251 2268 2272 2291 2299 2315 2325 2348 2358 2382 2388 2417 2429 2458 2475 2504 2519 2555 2569 2598 2615 2645 2659 2687 2705 2733 2744 2777 2790 2815 2828 2858 2869 2891 2900 2925 2931 2952 2959 2976 2981 2995 2999 3014 3016 3026 3027 3038 3038 3043 3044 3047 3045 3050 3048
2145 2152 2149 2156 2156 2159 2157 2166 2164 2173 2172 2182 2180 2184 2190 2199 2197 2206 2209 2217 2216 2232 2231 2247 2247 2265 2267 2287 2292 2311 2317 2341 2353 2377 2387 2412 2423 2454 2471 2499 2511 2545 2559 2592 2607 2642 2654 2684 2698 2728 2742 2773 2788 2815 2824 2855 2868 2891 2902 2926 2936 2955 2961 2978 2982 3001 3005 3014 3018 3029 3029 3037 3039 3044 3043 3048 3046 3047 3047
2142 2149 2144 2151 2147 2154 2153 2159 2159 2164 2163 2169 2168 2173 2176 2185 2187 2194 2196 2203 2202 2218 2215 2228 2231 2246 2248 2264 2272 2290 2300 2315 2328 2352 2363 2388 2400 2429 2443 2472 2488 2514 2535 2565 2580 2609 2627 2659 2675 2704 2717 2749 2764 2793 2808 2833 2843 2875 2883 2906 2915 2938 2944 2965 2968 2985 2990 3002 3003 3015 3016 3022 3024 3032 3029 3036 3034 3033 3031
2148 2158 2149 2153 2158 2163 2161 2167 2164 2171 2166 2172 2171 2180 2179 2186 2184 2194 2196 2202 2204 2212 2214 2224 2227 2241 2245 2262 2268 2283 2289 2311 2322 2348 2355 2381 2395 2424 2435 2462 2477 2510 2527 2560 2574 2606 2623 2652 2670 2701 2718 2748 2762 2794 2807 2835 2849 2874 2884 2908 2922 2940 2948 2968 2972 2990 2991 3006 3005 3019 3016 3027 3024 3033 3028 3035 3032 3035 3033
2138 2144 2143 2154 2151 2157 2152 2158 2156 2161 2159 2163 2165 2169 2165 2173 2171 2177 2180 2187 2184 2195 2194 2206 2209 2220 2226 2240 2245 2260 2267 2290 2300 2322 2331 2358 2369 2398 2409 2437 2454 2486 2499 2531 2547 2580 2596 2629 2643 2674 2693 2725 2740 2773 2788 2815 2828 2856 2865 2893 2902 2928 2934 2952 2956 2974 2979 2994 2996 3005 3002 3014 3015 3016 3015 3019 3017 3018 3015
2150 2155 2152 2161 2154 2159 2157 2159 2160 2168 2163 2170 2167 2173 2171 2173 2172 2178 2176 2186 2187 2194 2192 2202 2204 2215 2220 2232 2238 2256 2263 2284 2289 2315 2325 2354 2363 2389 2404 2432 2446 2478 2493 2523 2535 2572 2591 2623 2640 2671 2687 2725 2737 2771 2785 2816 2830 2859 2872 2899 2905 2931 2941 2959 2964 2981 2985 2999 2996 3007 3010 3015 3015 3020 3014 3021 3015 3019 3011
2144 2149 2149 2151 2147 2155 2150 2152 2151 2156 2152 2158 2156 2161 2160 2162 2157 2165 2162 2168 2166 2175 2174 2181 2181 2193 2196 2212 2217 2236 2241 2260 2268 2291 2303 2325 2337 2365 2380 2403 2418 2451 2467 2497 2515 2544 2563 2595 2616 2646 2666 2700 2716 2747 2765 2797 2813 2845 2856 2882 2893 2917 2924 2946 2951 2968 2969 2988 2987 2998 2996 3005 3001 3004 3000 3008 3002 3003 2998
2153 2159 2156 2163 2152 2161 2157 2159 2155 2162 2159 2165 2160 2164 2161 2162 2160 2169 2164 2167 2164 2169 2166 2178 2176 2187 2191 2206 2210 2227 2235 2254 2260 2286 2294 2318 2330 2356 2370 2398 2414 2445 2461 2490 2508 2541 2559 2591 2611 2644 2665 2699 2712 2749 2768 2799 2812 2845 2861 2887 2900 2923 2929 2952 2958 2971 2976 2988 2990 2997 2995 3002 3001 3005 3000 3004 2999 3001 2997
2149 2152 2149 2152 2147 2152 2147 2152 2148 2153 2147 2154 2150 2150 2147 2154 2149 2151 2146 2150 2146 2152 2149 2156 2152 2169 2170 2184 2186 2205 2212 2231 2239 2259 2271 2291 2305 2332 2347 2372 2387 2414 2431 2463 2481 2512 2532 2566 2586 2622 2641 2674 2692 2727 2746 2778 2797 2833 2845 2877 2887 2909 2919 2940 2945 2960 2963 2975 2976 2987 2983 2991 2987 2992 2984 2986 2983 2985 2978
2142 2158 2160 2161 2158 2158 2156 2162 2157 2162 2155 2162 2152 2158 2154 2155 2155 2155 2147 2150 2147 2149 2146 2154 2153 2164 2166 2178 2184 2198 2202 2225 2228 2252 2262 2285 2298 2323 2337 2365 2381 2409 2425 2458 2475 2508 2528 2559 2577 2617 2635 2671 2692 2725 2746 2783 2799 2834 2849 2882 2894 2917 2926 2950 2953 2968 2969 2984 2977 2990 2983 2992 2984 2990 2987 2985 2982 2983 2978
2103 2117 2136 2149 2149 2156 2146 2150 2147 2151 2148 2149 2144 2147 2143 2145 2137 2135 2127 2132 2128 2130 2127 2134 2133 2139 2144 2158 2160 2175 2183 2200 2208 2228 2237 2260 2271 2297 2312 2339 2355 2382 2401 2430 2447 2479 2501 2534 2556 2591 2611 2647 2670 2705 2730 2767 2783 2821 2839 2869 2882 2905 2915 2936 2939 2958 2957 2970 2966 2976 2968 2974 2971 2973 2966 2968 2963 2961 2960
2116 2146 2154 2156 2155 2161 2155 2158 2152 2157 2149 2157 2148 2151 2146 2148 2138 2137 2130 2135 2128 2128 2124 2127 2125 2137 2138 2151 2155 2169 2176 2194 2198 2221 2230 2253 2266 2292 2303 2330 2343 2376 2392 2422 2442 2473 2494 2528 2549 2587 2608 2645 2668 2710 2732 2769 2789 2827 2844 2877 2893 2915 2924 2946 2946 2963 2962 2975 2969 2973 2971 2974 2968 2971 2965 2967 2961 2955 2954
2121 2118 2144 2149 2147 2152 2144 2143 2139 2147 2139 2145 2134 2140 2135 2132 2127 2124 2115 2118 2110 2111 2105 2111 2107 2116 2117 2128 2130 2146 2151 2170 2178 2196 2203 2228 2239 2263 2277 2306 2319 2349 2367 2395 2414 2449 2469 2504 2527 2563 2585 2626 2651 2688 2713 2756 2775 2814 2834 2865 2882 2909 2917 2938 2941 2955 2951 2963 2956 2961 2955 2958 2948 2954 2945 2947 2942 2940 2933
2130 2151 2151 2154 2155 2159 2153 2152 2144 2152 2147 2151 2140 2144 2138 2135 2130 2128 2119 2120 2109 2109 2103 2107 2102 2109 2110 2124 2127 2139 2145 2161 2166 2190 2197 2218 2230 2255 2268 2297 2312 2341 2354 2387 2405 2441 2461 2495 2517 2557 2582 2620 2645 2688 2713 2756 2781 2824 2842 2877 2891 2921 2927 2948 2950 2961 2957 2966 2956 2963 2954 2957 2949 2952 2939 2941 2935 2934 2926
2142 2149 2148 2153 2151 2155 2146 2142 2137 2142 2135 2138 2133 2135 2126 2125 2115 2110 2103 2103 2090 2089 2082 2087 2083 2091 2085 2098 2098 2116 2116 2134 2141 2161 2172 2193 2207 2230 2244 2270 2288 2313 2331 2361 2380 2411 2434 2470 2491 2532 2554 2598 2623 2668 2699 2740 2771 2816 2833 2872 2887 2918 2923 2945 2943 2955 2947 2956 2946 2947 2939 2938 2929 2930 2920 2921 2915 2914 2911
2150 2162 2160 2159 2157 2165 2160 2154 2146 2146 2138 2142 2136 2141 2128 2127 2121 2113 2103 2102 2091 2086 2078 2082 2077 2082 2082 2093 2094 2106 2115 2129 2133 2155 2162 2184 2197 2222 2232 2262 2275 2304 2318 2351 2367 2401 2422 2462 2482 2522 2551 2594 2622 2669 2698 2745 2773 2820 2842 2885 2902 2934 2940 2959 2957 2965 2954 2962 2947 2951 2934 2935 2927 2924 2913 2915 2908 2909 2901
2141 2148 2151 2152 2152 2150 2142 2143 2138 2140 2139 2126 2117 2122 2111 2114 2105 2099 2086 2078 2068 2068 2056 2056 2053 2060 2056 2068 2067 2083 2087 2104 2108 2130 2140 2162 2171 2195 2210 2236 2249 2278 2296 2325 2345 2378 2398 2434 2458 2499 2526 2574 2601 2650 2684 2732 2762 2813 2839 2882 2900 2932 2937 2958 2956 2961 2949 2950 2933 2932 2918 2916 2903 2908 2895 2896 2887 2883 2878
2150 2158 2158 2156 2140 2150 2148 2150 2140 2137 2138 2140 2128 2123 2115 2118 2110 2105 2087 2079 2064 2062 2049 2054 2046 2051 2050 2061 2063 2075 2078 2099 2105 2122 2130 2152 2161 2189 2197 2224 2239 2267 2283 2314 2331 2366 2385 2422 2449 2488 2515 2562 2592 2647 2680 2732 2768 2820 2850 2896 2918 2951 2957 2975 2967 2973 2959 2952 2934 2933 2915 2911 2900 2897 2888 2886 2878 2877 2869
2148 2151 2151 2147 2140 2140 2140 2145 2133 2127 2123 2127 2116 2112 2104 2107 2098 2087 2069 2059 2043 2036 2024 2026 2018 2027 2025 2037 2036 2052 2055 2073 2079 2099 2110 2128 2138 2162 2175 2201 2214 2243 2259 2288 2306 2341 2360 2397 2423 2467 2493 2539 2574 2625 2665 2720 2760 2814 2850 2896 2923 2958 2966 2978 2972 2971 2954 2943 2922 2910 2892 2891 2876 2873 2862 2861 2851 2851 2843
2159 2166 2166 2165 2144 2157 2149 2154 2152 2141 2134 2133 2128 2127 2117 2116 2100 2093 2065 2051 2029 2023 2013 2017 2010 2017 2016 2027 2026 2043 2047 2065 2070 2088 2097 2117 2126 2150 2163 2190 2203 2229 2243 2275 2291 2325 2347 2381 2410 2451 2480 2527 2563 2617 2657 2718 2759 2820 2859 2914 2941 2981 2987 3001 2989 2984 2959 2945 2919 2905 2885 2878 2866 2863 2851 2849 2842 2840 2832
2164 2167 2164 2164 2154 2149 2149 2143 2140 2138 2130 2120 2108 2109 2100 2101 2090 2075 2042 2023 1995 1992 1984 1989 1983 1991 1990 2005 2004 2020 2023 2041 2048 2064 2074 2096 2105 2130 2138 2167 2179 2207 2219 2249 2267 2299 2321 2356 2384 2425 2455 2505 2543 2596 2640 2705 2750 2814 2860 2922 2954 2993 3003 3015 2995 2987 2952 2931 2898 2883 2859 2858 2840 2838 2824 2826 2813 2813 2808
2180 2181 2185 2182 2175 2176 2162 2162 2142 2138 2131 2128 2114 2111 2095 2095 2091 2082 2022 1996 1974 1974 1969 1977 1974 1983 1977 1997 1997 2013 2016 2031 2039 2058 2064 2089 2095 2118 2130 2153 2166 2192 2208 2234 2248 2283 2302 2339 2363 2407 2438 2484 2523 2579 2626 2693 2743 2815 2868 2936 2973 3030 3039 3045 3021 3002 2953 2928 2889 2866 2847 2842 2830 2829 2821 2821 2806 2804 2796
2182 2178 2182 2184 2174 2176 2161 2152 2138 2126 2117 2104 2092 2080 2062 2054 2040 2014 1941 1935 1934 1939 1936 1947 1942 1954 1953 1974 1972 1990 1991 2011 2017 2038 2044 2063 2072 2096 2108 2130 2141 2169 2181 2211 2226 2256 2277 2313 2339 2380 2411 2457 2499 2552 2602 2670 2726 2800 2862 2944 2999 3055 3067 3067 3033 3004 2946 2908 2858 2834 2818 2819 2816 2804 2791 2790 2778 2777 2769
2198 2204 2204 2206 2192 2191 2180 2168 2140 2135 2119 2102 2078 2069 2047 2027 1997 1958 1894 1904 1912 1925 1925 1933 1934 1947 1946 1964 1965 1980 1984 2003 2006 2028 2033 2058 2065 2087 2095 2118 2129 2153 2168 2195 2207 2238 2259 2290 2314 2355 2384 2430 2471 2529 2575 2646 2706 2789 2860 2955 3022 3093 3106 3098 3047 3006 2948 2903 2851 2815 2806 2806 2796 2791 2781 2778 2764 2765 2754
2198 2195 2193 2197 2193 2192 2173 2159 2135 2119 2099 2078 2048 2041 2014 1994 1955 1924 1887 1884 1884 1897 1898 1915 1911 1924 1925 1942 1946 1961 1964 1983 1986 2005 2011 2036 2041 2065 2071 2098 2108 2135 2142 2171 2182 2212 2227 2263 2287 2325 2352 2401 2436 2495 2540 2610 2671 2758 2836 2936 3023 3124 3139 3103 3037 2991 2936 2887 2838 2809 2785 2786 2772 2765 2753 2748 2738 2735 2727
2198 2198 2198 2198 2195 2196 2173 2157 2138 2115 2090 2074 2045 2030 2001 1979 1950 1926 1896 1892 1884 1897 1896 1908 1907 1919 1922 1936 1936 1954 1957 1975 1978 2001 2008 2028 2031 2055 2060 2085 2095 2117 2128 2154 2162 2192 2206 2241 2256 2294 2323 2366 2399 2455 2501 2567 2631 2717 2799 2898 2986 3091 3119 3078 3019 2977 2921 2878 2833 2808 2784 2772 2757 2752 2745 2744 2732 2721 2708
2186 2181 2182 2187 2179 2168 2141 2128 2112 2095 2065 2044 2028 2008 1979 1959 1934 1916 1890 1883 1874 1885 1879 1891 1891 1903 1902 1916 1917 1935 1938 1958 1961 1979 1986 2009 2013 2037 2044 2068 2073 2100 2104 2134 2142 2170 2182 2211 2229 2263 2285 2327 2358 2411 2456 2520 2579 2665 2736 2825 2912 2991 3013 3005 2968 2935 2890 2852 2809 2788 2759 2745 2730 2726 2717 2711 2704 2693 2680
2207 2196 2197 2195 2178 2158 2137 2122 2106 2090 2060 2043 2024 2010 1980 1960 1934 1922 1901 1894 1883 1886 1883 1892 1891 1902 1899 1914 1915 1932 1935 1953 1955 1976 1979 2000 2006 2026 2034 2057 2061 2083 2087 2117 2124 2148 2159 2185 2198 2229 2251 2288 2310 2360 2404 2467 2522 2600 2668 2759 2828 2893 2921 2934 2910 2895 2858 2833 2795 2773 2750 2732 2711 2704 2698 2693 2690 2685 2666
2203 2194 2184 2175 2154 2140 2119 2106 2089 2068 2046 2029 2008 1992 1964 1948 1919 1909 1892 1884 1873 1876 1873 1880 1870 1885 1882 1897 1898 1915 1915 1932 1936 1958 1961 1982 1987 2008 2013 2037 2043 2065 2070 2095 2101 2124 2130 2155 2166 2194 2208 2242 2263 2311 2345 2403 2457 2533 2601 2678 2741 2798 2830 2851 2845 2838 2811 2792 2764 2744 2730 2733 2685 2668 2657 2652 2647 2651 2623
2210 2202 2194 2177 2159 2142 2123 2107 2083 2068 2043 2033 2009 1993 1969 1951 1924 1911 1898 1892 1877 1883 1875 1883 1871 1886 1880 1897 1894 1915 1912 1932 1933 1954 1957 1977 1981 2002 2003 2028 2030 2053 2056 2080 2086 2107 2110 2134 2139 2162 2170 2199 2217 2253 2286 2340 2392 2461 2531 2602 2658 2718 2752 2777 2786 2785 2771 2761 2738 2721 2701 2689 2667 2651 2628 2620 2614 2607 2595
2204 2190 2180 2162 2140 2122 2105 2084 2064 2051 2029 2013 1993 1976 1951 1939 1916 1903 1882 1880 1868 1870 1860 1868 1861 1869 1867 1880 1881 1900 1899 1916 1916 1937 1939 1964 1966 1989 1990 2011 2015 2036 2040 2063 2066 2087 2089 2110 2115 2131 2136 2159 2171 2195 2220 2272 2323 2395 2454 2530 2583 2642 2675 2708 2719 2728 2720 2721 2704 2694 2672 2655 2630 2608 2586 2569 2553 2541 2532
2213 2201 2187 2167 2140 2126 2104 2082 2067 2053 2030 2012 1992 1975 1951 1939 1920 1909 1890 1881 1871 1874 1863 1870 1861 1870 1867 1881 1880 1896 1895 1914 1915 1936 1937 1958 1963 1981 1984 2005 2005 2028 2028 2052 2049 2071 2070 2087 2088 2102 2105 2123 2127 2139 2162 2209 2259 2331 2394 2466 2521 2578 2614 2650 2671 2684 2687 2691 2681 2675 2656 2638 2615 2586 2556 2529 2508 2493 2492
2207 2196 2175 2154 2134 2110 2085 2063 2047 2028 2008 1993 1969 1955 1934 1923 1902 1894 1877 1872 1856 1859 1850 1856 1852 1859 1855 1868 1866 1883 1880 1900 1899 1920 1924 1944 1946 1969 1968 1993 1991 2013 2015 2035 2036 2054 2053 2072 2068 2082 2077 2091 2089 2088 2107 2194 2195 2271 2337 2407 2462 2516 2555 2598 2620 2637 2646 2654 2647 2639 2627 2609 2580 2555 2521 2479 2445 2427 2426
2223 2203 2174 2153 2139 2112 2081 2064 2044 2028 2011 1998 1975 1955 1937 1923 1904 1895 1878 1876 1863 1863 1854 1861 1853 1862 1854 1868 1866 1880 1879 1899 1902 1921 1920 1941 1943 1963 1965 1988 1986 2007 2009 2028 2028 2045 2044 2061 2054 2065 2059 2069 2060 2053 2042 2078 2143 2223 2292 2363 2421 2474 2518 2556 2584 2609 2621 2628 2625 2626 2613 2596 2568 2542 2510 2462 2410 2379 2390
2212 2192 2163 2141 2120 2091 2061 2049 2024 2013 1990 1980 1956 1941 1919 1903 1888 1882 1863 1858 1847 1849 1839 1844 1836 1848 1843 1855 1854 1871 1868 1886 1887 1906 1908 1930 1927 1954 1953 1976 1975 1999 1997 2020 2016 2036 2031 2048 2041 2053 2045 2052 2045 2043 2037 2081 2125 2195 2256 2327 2379 2433 2477 2518 2547 2573 2587 2601 2601 2602 2594 2584 2559 2532 2493 2442 2377 2319 2366
