13.asc
ncols        384
nrows        456
xllcorner    93.000000000000
yllcorner    -8.000000000000
cellsize     0.041666666667
NODATA_value 0
[rows 37 to 73 of 456, columns 170 to 254 of 384]
294 294 297 292 294 294 290 290 290 290 293 295 301 303 310 310 316 318 327 329 335 337 343 348 353 358 364 368 376 378 386 390 395 400 407 412 418 423 429 434 440 445 453 458 463 468 473 480 485 489 494 499 506 510 515 519 526 531 535 540 544 551 555 560 563 568 572 576 580 584 587 592 595 600 600 605 607 609 611 616 615 617 619 621 620
293 288 291 291 287 287 288 288 288 284 291 293 298 300 307 309 315 317 324 326 333 335 341 346 352 354 362 365 373 377 383 387 395 400 404 409 416 421 428 433 439 444 450 455 463 468 473 478 483 488 495 500 505 510 515 522 527 532 537 542 549 554 558 563 567 572 576 581 585 590 593 598 601 606 609 612 615 619 620 624 624 629 628 631 630
288 284 286 286 287 283 283 283 284 284 291 291 298 300 304 307 313 315 322 324 330 333 339 341 349 352 358 362 368 373 380 383 390 395 402 404 411 416 423 428 434 439 445 450 455 460 466 473 478 483 488 493 498 505 510 515 520 525 532 537 541 546 551 556 560 565 569 574 577 582 586 591 594 599 602 605 607 612 612 617 617 622 621 624 623
282 278 280 280 281 281 277 280 283 283 287 289 294 296 303 303 310 312 319 321 327 330 336 338 345 349 356 358 366 371 377 381 387 391 399 401 409 413 421 425 432 437 443 448 454 459 465 470 476 481 489 494 499 504 510 515 520 528 533 538 543 548 553 558 563 568 572 580 584 587 591 596 600 605 608 613 614 619 622 625 628 635 633 635 635
274 274 275 275 276 276 280 280 283 283 287 289 294 296 301 303 307 310 316 319 325 327 334 336 343 345 353 356 364 366 374 377 384 387 394 399 404 409 416 421 427 432 439 443 450 454 460 465 471 476 481 486 492 497 502 510 515 520 525 530 535 540 545 550 555 563 567 572 577 582 583 588 592 597 601 606 607 612 615 617 620 625 625 628 628
269 269 274 274 278 278 282 282 285 285 288 288 292 292 299 299 306 306 313 315 322 324 331 333 340 342 348 353 359 364 370 372 380 383 390 395 400 405 413 417 425 427 434 439 445 450 457 462 468 473 481 486 492 498 504 509 514 520 525 530 536 541 549 554 560 565 570 575 580 585 590 592 597 602 606 611 615 617 621 624 627 632 633 635 636
274 274 278 274 278 278 282 282 285 285 288 288 291 292 297 297 304 306 310 313 320 322 329 331 337 340 346 348 357 359 365 370 375 380 385 390 395 400 408 413 417 422 429 434 440 445 452 457 463 468 474 479 485 490 496 501 507 514 520 525 531 536 542 547 552 557 562 567 572 577 582 587 589 594 598 603 607 610 614 619 620 625 625 628 631
275 275 280 280 284 284 288 288 291 291 294 289 292 292 300 295 299 301 306 308 316 318 323 325 332 334 343 345 352 354 362 365 371 375 381 386 394 396 404 409 414 419 426 431 438 443 450 455 459 464 471 476 482 490 496 501 508 513 519 525 531 536 542 547 553 558 564 569 574 579 585 590 595 597 602 607 612 617 619 624 625 631 632 637 638
279 279 284 284 284 284 288 288 291 291 294 294 297 297 300 300 299 299 306 306 313 313 320 323 329 332 338 341 349 352 358 360 368 371 379 381 389 391 399 404 409 414 421 426 430 435 442 447 454 459 466 471 477 482 489 494 500 505 512 517 523 528 534 539 545 550 556 561 567 572 577 582 587 592 594 600 604 609 611 616 620 623 624 629 631
284 284 289 284 288 288 292 292 291 291 295 295 298 298 301 301 299 299 302 302 309 309 316 318 325 328 335 337 343 346 352 357 363 365 373 376 384 386 394 399 405 410 417 420 427 432 439 444 452 457 464 469 474 479 486 491 498 506 513 518 524 530 536 541 548 550 556 562 567 573 578 584 589 594 600 602 607 613 618 620 625 627 632 635 639
288 288 289 289 293 293 292 292 296 291 295 295 298 298 301 301 299 299 302 302 306 306 314 316 323 323 330 332 341 343 350 352 358 363 369 371 379 381 389 394 400 405 412 415 422 427 434 437 444 449 456 461 468 474 481 486 493 498 505 510 517 522 528 534 540 545 551 556 562 567 571 576 581 586 592 597 599 605 610 612 617 622 624 627 631
291 291 292 292 296 292 296 296 295 295 294 294 298 298 302 302 300 300 304 304 307 307 310 311 316 318 325 328 335 337 343 346 354 357 363 367 373 376 384 389 395 400 405 410 418 423 428 433 441 446 454 459 467 469 477 482 489 495 502 507 514 520 527 532 539 544 550 556 562 567 574 579 582 587 593 599 604 607 612 618 620 626 628 634 636
295 295 296 296 296 296 300 296 300 295 299 294 298 298 302 302 300 300 304 304 307 302 306 306 314 316 323 325 330 332 341 343 349 352 358 363 369 373 379 384 390 395 400 405 413 416 423 428 436 441 446 451 459 464 472 477 484 489 497 502 509 514 521 524 531 536 543 548 554 559 566 571 577 580 585 591 596 602 604 610 615 618 623 626 631
296 296 298 298 298 298 298 298 298 294 298 298 297 297 301 301 300 300 304 304 303 303 306 306 310 310 315 318 325 327 334 336 342 345 353 356 362 367 373 378 384 389 395 400 408 411 419 424 430 435 443 448 456 461 467 472 480 485 493 498 506 511 519 524 531 536 543 546 553 558 565 570 577 582 585 591 597 602 608 611 617 620 625 631 634
301 301 302 298 302 298 303 298 298 298 298 298 302 297 301 301 300 300 304 304 303 303 306 306 310 310 313 315 320 322 329 331 340 342 349 351 357 362 368 373 379 384 390 395 401 406 414 416 425 430 438 443 448 454 462 467 475 480 488 493 498 503 511 516 523 528 535 541 547 553 557 562 568 574 580 585 589 594 600 603 609 614 617 623 626
300 300 302 297 303 298 299 295 300 295 300 295 300 295 300 300 299 299 303 299 303 303 306 306 305 305 309 309 314 316 323 326 332 335 341 344 353 355 362 367 373 378 384 389 395 400 409 411 420 425 431 436 445 450 458 461 469 475 483 488 496 502 509 515 520 525 532 538 545 550 557 563 567 572 579 585 591 594 600 606 609 615 621 624 630
308 304 306 302 307 303 304 299 300 300 300 295 300 295 300 300 299 299 303 299 303 303 301 301 305 305 309 309 312 312 319 321 328 330 339 341 348 350 357 362 368 373 379 384 390 395 401 406 415 417 426 431 440 442 451 456 464 469 478 480 488 494 501 507 514 520 527 530 537 542 549 555 561 567 571 576 583 588 592 598 604 607 613 618 622
306 302 304 300 302 298 299 295 300 296 296 296 297 292 297 297 297 297 297 297 302 297 301 301 305 305 309 309 312 312 316 316 322 324 331 333 340 343 352 354 361 366 373 378 384 389 396 401 410 412 421 426 433 438 447 452 458 463 472 477 486 491 499 502 510 515 523 528 536 541 546 552 559 564 571 574 581 587 594 596 603 609 613 618 625
310 306 308 304 306 302 303 299 300 296 296 296 297 292 297 297 297 297 297 297 302 297 301 301 305 300 304 304 307 307 310 310 319 319 326 329 335 338 347 350 356 361 368 373 379 384 391 396 402 407 416 419 427 433 441 444 453 458 467 472 478 483 491 496 504 510 515 520 528 533 541 546 551 556 563 569 576 578 585 591 595 600 607 610 617
310 306 309 301 304 300 302 298 299 295 297 292 293 293 294 294 295 295 295 295 295 295 300 295 299 299 303 303 307 307 310 310 314 314 318 320 327 332 339 342 349 354 361 365 372 377 384 389 396 401 408 413 422 428 434 439 448 454 460 465 474 479 488 491 499 504 513 518 526 529 536 542 549 555 560 565 573 578 583 588 596 601 606 611 616
318 310 313 309 308 304 302 298 299 295 297 292 293 293 294 294 295 295 295 295 295 295 295 295 299 299 298 298 302 302 305 310 314 314 317 318 325 327 334 337 346 349 356 361 367 372 379 384 391 396 403 408 417 420 429 434 440 446 455 460 466 471 480 485 494 499 504 510 518 523 531 534 541 547 554 560 564 570 577 583 587 593 600 603 610
317 309 309 305 305 296 299 295 294 289 292 287 289 289 291 291 292 292 293 293 293 288 293 293 298 293 297 297 301 301 305 305 308 308 311 311 316 319 326 329 338 341 348 353 360 363 372 375 384 390 397 402 409 414 424 426 436 441 450 453 462 467 476 479 487 493 501 507 512 518 526 531 539 542 550 555 563 566 574 579 587 590 598 603 608
317 313 313 305 305 300 299 295 298 289 292 287 289 289 291 291 292 287 293 288 293 288 293 293 293 293 297 297 301 296 300 300 303 303 306 311 314 314 321 326 333 336 343 348 355 360 367 370 379 382 391 397 404 409 418 421 430 436 442 447 456 462 468 473 482 487 493 498 507 512 520 523 531 536 544 547 555 560 568 571 579 584 589 595 602
311 307 308 300 300 292 296 288 291 287 286 282 288 284 286 286 288 284 290 285 286 286 291 286 291 291 291 291 295 295 298 298 302 302 305 305 307 308 315 318 325 327 337 340 347 352 360 362 372 375 385 390 397 403 410 415 425 427 437 442 449 454 463 469 475 480 489 495 500 506 514 520 528 531 539 545 553 556 564 569 577 580 588 594 599
311 307 308 300 300 292 296 288 291 287 286 282 284 284 286 282 288 284 285 285 286 286 286 286 286 286 291 291 295 295 293 298 297 297 300 305 307 307 310 313 320 323 333 335 342 347 355 357 367 370 380 382 392 397 405 410 417 422 432 434 443 449 458 461 469 475 483 486 495 500 509 511 520 525 533 536 544 550 558 561 569 575 580 586 594
304 297 298 291 292 288 288 285 285 280 280 276 279 275 282 277 284 279 281 281 283 278 284 279 284 284 284 284 288 288 292 292 295 295 298 298 301 301 303 308 312 316 324 327 334 339 347 352 360 362 373 375 386 391 398 403 411 416 426 429 438 444 450 456 465 467 476 482 490 493 502 507 516 519 527 533 541 544 553 559 564 570 578 584 590
304 297 298 291 292 288 288 281 285 280 280 276 279 275 282 277 279 279 281 277 278 278 279 279 284 279 284 284 288 288 292 292 295 295 298 293 301 301 303 303 309 312 319 322 332 334 342 347 355 360 368 373 380 386 393 398 406 411 418 423 433 435 445 450 456 462 471 476 482 488 496 499 508 513 522 524 533 539 547 550 558 564 570 576 584
294 287 289 282 283 276 281 273 278 270 274 270 273 269 272 272 275 271 273 273 275 270 276 271 277 277 282 282 281 281 285 285 288 288 291 291 294 294 296 296 303 303 311 313 323 326 334 339 347 352 360 365 373 378 386 391 399 404 412 417 427 430 439 442 451 456 463 468 477 483 489 495 503 509 515 521 530 532 541 547 556 559 568 573 579
291 287 289 282 283 272 281 273 278 270 274 270 273 269 272 268 275 271 273 268 275 270 271 271 277 272 277 277 281 281 285 285 288 283 286 286 288 294 296 296 298 298 308 311 319 321 332 334 342 347 355 360 368 373 381 386 394 399 406 412 419 424 434 436 445 451 457 463 472 474 483 489 495 501 509 515 521 527 535 538 547 553 562 565 574
281 274 276 273 275 264 269 265 267 263 267 259 263 259 267 263 266 262 264 264 266 262 268 268 269 269 274 274 279 274 277 277 281 281 283 283 286 286 288 288 295 295 299 302 310 315 323 326 334 339 347 352 361 366 374 379 387 392 400 405 412 418 425 430 440 442 452 457 463 469 478 481 490 496 502 508 517 523 529 535 544 547 556 562 571
281 274 276 269 271 268 269 265 267 263 263 259 263 259 263 263 266 262 264 260 262 262 263 263 269 264 269 269 274 274 277 277 281 276 278 278 281 286 288 288 290 290 297 297 308 310 318 321 331 334 342 347 356 361 369 374 382 387 394 400 407 412 419 425 434 437 446 449 458 463 470 475 484 487 496 502 511 514 523 529 535 541 550 553 563
268 262 264 261 263 256 262 255 260 252 257 253 258 254 258 253 257 252 255 255 258 253 260 260 261 261 266 262 266 266 270 270 273 273 275 275 278 278 280 285 287 287 289 294 299 301 310 314 323 326 337 339 350 353 361 366 375 380 388 393 400 406 413 418 425 430 440 443 452 455 464 470 476 482 492 497 504 510 519 522 532 537 544 550 560
268 262 264 257 263 256 255 255 256 252 257 253 258 254 258 249 252 252 255 251 258 253 255 255 261 256 262 262 266 266 265 265 268 273 270 270 273 278 280 280 282 282 289 289 294 296 307 310 318 321 332 334 345 348 359 361 369 375 382 388 395 400 407 413 419 425 432 437 446 449 459 464 471 476 486 489 498 504 510 516 526 529 538 544 551
257 251 257 250 253 249 244 244 250 246 247 244 248 244 248 244 247 243 246 246 249 249 251 251 252 252 258 253 258 258 261 261 264 264 267 267 269 269 277 277 279 279 280 286 287 290 298 301 310 314 323 326 337 339 351 353 364 367 375 380 388 393 400 406 413 418 425 430 440 443 453 455 465 471 478 483 493 496 506 512 519 525 534 537 547
257 251 253 247 253 246 244 244 250 242 247 244 248 240 248 244 247 243 246 242 249 244 251 246 252 248 253 253 258 258 261 256 259 259 267 267 269 269 272 272 274 274 280 280 283 287 294 298 307 310 318 323 332 334 346 348 359 362 372 375 382 388 395 400 407 413 419 425 432 437 447 450 459 462 472 478 484 490 500 503 513 519 526 532 541
248 247 247 246 246 245 244 243 242 240 242 238 238 236 239 235 238 238 241 237 240 240 242 242 243 243 249 244 248 248 252 252 255 255 258 258 260 260 263 263 270 270 272 277 279 279 287 289 298 301 312 315 323 328 337 342 351 353 364 367 374 380 387 393 400 405 412 418 425 431 441 443 453 456 466 472 479 485 495 498 508 514 521 527 535
248 247 246 246 245 244 243 242 241 240 239 237 238 235 239 235 238 234 237 237 240 235 242 237 243 243 244 244 248 248 247 247 250 255 258 258 260 260 263 263 265 265 272 272 273 279 282 287 296 298 307 310 321 323 332 337 346 351 359 361 372 374 382 387 394 400 407 412 419 425 432 438 448 450 460 463 473 479 486 492 502 505 515 521 529
