13.asc
ncols        384
nrows        456
xllcorner    93.000000000000
yllcorner    -8.000000000000
cellsize     0.041666666667
NODATA_value 0
[rows 296 to 332 of 456, columns 170 to 254 of 384]
-32768 -32768 -32768 -32768 -32768 -32768 454 429 404 390 376 358 300 263 245 219 217 217 219 226 215 219 218 220 219 227 228 239 239 248 254 258 261 264 264 270 272 275 277 280 281 281 283 284 286 287 288 288 290 289 290 289 292 297 300 300 298 293 286 280 280 278 279 277 278 276 277 275 276 274 275 274 274 273 275 273 274 273 274 272 273 272 273 271 273
-32768 -32768 -32768 -32768 -32768 -32768 -32768 438 411 391 374 357 318 289 239 221 221 217 223 226 217 221 217 217 220 221 226 231 238 243 255 257 259 263 264 267 271 274 276 278 281 282 284 286 288 289 290 290 292 292 293 292 296 302 307 307 303 297 288 282 282 280 281 279 280 279 279 277 278 276 277 276 276 275 276 275 276 274 275 274 275 273 274 273 274
-32768 -32768 -32768 -32768 -32768 -32768 -32768 444 417 396 380 360 338 331 282 238 254 217 216 218 218 217 224 218 219 221 225 227 230 237 250 253 255 258 260 263 267 268 271 274 277 279 282 284 286 287 290 290 291 291 293 292 295 304 311 312 305 296 284 278 278 277 277 276 277 276 276 274 275 273 274 273 273 271 271 269 271 268 270 269 269 268 268 267 267
-32768 -32768 -32768 -32768 -32768 -32768 -32768 -32768 417 393 380 360 347 318 289 281 224 221 219 217 221 217 221 226 223 219 218 228 227 240 241 250 252 255 257 259 262 266 269 272 276 278 282 284 287 287 291 293 296 295 296 294 295 304 314 317 305 290 280 279 280 279 279 278 279 278 278 276 277 275 276 274 275 273 272 270 272 269 271 269 270 269 269 268 268
-32768 -32768 -32768 -32768 -32768 -32768 -32768 -32768 412 383 373 370 350 322 306 272 251 224 218 216 216 218 215 222 220 216 219 224 231 230 236 241 246 250 252 254 257 260 264 269 272 274 278 280 284 287 290 291 294 294 293 291 292 298 303 306 299 285 278 277 277 276 277 275 276 275 274 273 273 271 271 270 270 268 267 265 265 264 264 262 263 262 264 262 262
-32768 -32768 -32768 -32768 -32768 -32768 -32768 -32768 -32768 402 384 371 352 342 325 270 276 231 224 216 216 219 220 215 219 217 219 223 226 230 231 232 236 242 248 251 256 259 264 268 271 274 277 280 284 287 290 291 294 294 294 293 293 294 299 301 294 284 282 280 280 278 279 277 278 277 276 274 275 273 273 271 271 269 268 266 266 264 264 262 263 261 263 262 262
-32768 -32768 -32768 -32768 -32768 -32768 -32768 -32768 -32768 -32768 393 370 353 345 337 317 287 240 230 215 215 216 220 215 214 214 214 216 215 221 220 220 223 229 241 244 250 254 260 263 266 269 272 276 279 283 286 287 290 289 291 290 290 289 288 288 285 281 280 278 278 276 276 275 274 273 273 271 270 268 268 266 266 264 263 260 260 258 258 256 256 254 254 253 250
-32768 -32768 -32768 -32768 -32768 -32768 -32768 -32768 -32768 -32768 402 374 359 350 345 339 321 276 234 218 218 215 216 221 227 219 216 215 218 216 216 218 218 224 235 241 246 254 259 259 264 267 273 278 280 282 285 287 289 290 291 291 290 290 289 287 287 284 283 281 281 279 279 277 277 275 275 273 272 270 269 268 267 265 263 261 260 258 258 255 255 252 252 248 244
-32768 -32768 -32768 -32768 -32768 -32768 -32768 -32768 -32768 -32768 -32768 400 378 363 349 343 336 299 260 248 221 213 213 217 227 228 225 228 247 218 217 225 225 217 225 235 239 243 249 252 261 266 271 272 275 278 281 281 285 286 287 286 287 286 285 284 283 281 280 278 278 276 276 274 273 271 271 269 268 266 265 263 262 259 258 256 254 252 251 248 247 244 243 239 236
-32768 -32768 -32768 -32768 -32768 -32768 -32768 -32768 -32768 -32768 -32768 -32768 -32768 375 352 349 344 324 287 253 219 216 213 214 219 223 227 229 228 217 216 223 223 219 220 226 225 224 235 238 253 245 267 266 272 277 281 282 285 286 287 287 288 287 287 285 285 283 283 281 281 279 278 277 276 274 273 271 270 267 266 264 263 260 258 256 254 252 251 248 246 243 242 238 235
-32768 -32768 -32768 -32768 -32768 -32768 -32768 -32768 -32768 -32768 -32768 -32768 -32768 386 363 354 349 342 317 261 219 215 211 211 213 213 215 217 215 214 214 218 219 216 216 219 218 220 222 227 237 235 244 244 249 271 276 277 280 282 282 282 284 283 283 282 282 280 280 278 278 276 276 274 273 270 270 267 266 264 262 259 258 255 253 251 249 246 244 242 240 237 235 231 231
-32768 -32768 -32768 -32768 -32768 -32768 -32768 -32768 -32768 -32768 -32768 -32768 -32768 394 370 360 355 348 334 301 234 236 226 215 213 212 212 213 214 214 215 218 214 216 217 218 220 222 222 224 236 242 250 256 263 269 272 274 279 281 283 283 284 284 285 284 283 283 282 280 280 279 277 276 275 272 272 269 267 265 263 260 259 256 254 251 248 246 244 241 239 236 234 230 231
-32768 -32768 -32768 -32768 -32768 -32768 -32768 -32768 -32768 -32768 -32768 -32768 -32768 391 374 365 360 358 349 337 308 286 253 217 209 209 211 210 211 212 213 217 213 213 214 216 216 218 219 223 228 234 248 256 263 267 270 271 276 276 279 280 280 280 281 281 280 279 279 278 277 275 274 273 271 269 268 265 263 261 258 255 254 250 249 245 244 240 238 234 232 230 228 224 226
-32768 -32768 -32768 -32768 -32768 -32768 -32768 -32768 -32768 -32768 -32768 -32768 -32768 390 374 370 368 364 361 353 332 282 229 211 209 212 210 210 210 211 215 218 213 214 215 219 218 219 220 225 223 227 241 250 262 266 269 273 275 276 280 280 281 282 282 282 283 282 281 280 279 278 277 275 274 271 269 267 265 262 260 256 254 251 249 245 244 240 237 234 232 229 227 224 226
-32768 -32768 -32768 -32768 -32768 -32768 -32768 -32768 -32768 -32768 -32768 -32768 -32768 -32768 387 381 375 374 367 364 349 292 280 226 207 207 207 210 207 208 208 214 211 212 215 217 215 216 217 226 232 228 244 254 256 263 266 270 273 274 276 276 278 278 279 278 279 278 278 276 277 275 273 271 271 268 265 263 260 257 255 252 249 246 243 240 237 234 232 228 226 222 222 220 222
-32768 -32768 -32768 -32768 -32768 -32768 -32768 -32768 -32768 -32768 -32768 -32768 -32768 -32768 -32768 397 388 383 375 373 368 349 317 251 210 210 207 213 209 209 208 210 211 212 213 215 215 216 217 229 227 240 241 248 258 263 265 270 273 274 277 278 279 279 281 280 281 280 280 279 278 277 276 274 272 270 267 265 262 258 256 252 250 246 244 240 237 234 232 228 226 222 221 220 222
-32768 -32768 -32768 -32768 -32768 -32768 -32768 -32768 -32768 -32768 -32768 -32768 -32768 -32768 -32768 -32768 396 389 381 379 375 370 356 277 259 209 205 207 208 208 205 207 207 209 211 214 214 216 220 222 219 224 239 249 254 262 272 278 280 283 286 288 287 285 281 279 277 276 277 275 275 274 273 270 268 266 263 261 257 254 251 248 245 241 238 235 232 228 226 222 220 216 216 214 217
-32768 -32768 -32768 -32768 -32768 -32768 -32768 -32768 -32768 -32768 -32768 -32768 -32768 -32768 -32768 -32768 -32768 398 389 388 387 389 390 347 301 254 208 206 205 208 208 207 209 209 211 212 213 214 217 220 220 229 235 244 259 259 260 272 281 286 291 293 292 289 285 283 279 279 279 278 278 276 275 273 271 268 266 261 259 255 252 249 245 242 238 235 232 228 225 221 219 216 215 213 216
-32768 -32768 -32768 -32768 -32768 -32768 -32768 -32768 -32768 -32768 -32768 -32768 -32768 -32768 -32768 -32768 -32768 406 393 395 396 401 404 391 349 316 221 205 203 206 210 206 206 208 209 211 211 212 214 222 227 234 238 236 265 282 276 280 286 293 295 298 294 293 291 290 285 283 279 277 274 273 272 269 268 264 261 258 255 251 247 244 241 236 234 230 227 222 220 216 214 211 209 209 212
-32768 -32768 -32768 -32768 -32768 -32768 -32768 -32768 -32768 -32768 -32768 -32768 -32768 -32768 -32768 -32768 -32768 396 397 400 404 409 416 417 395 336 298 207 203 206 210 208 207 209 211 213 213 214 214 221 230 236 240 264 267 258 279 284 287 291 295 295 294 294 293 291 289 286 282 280 276 275 274 272 269 266 263 259 256 252 248 244 241 237 233 230 227 222 219 216 213 210 210 208 211
-32768 -32768 -32768 -32768 -32768 -32768 -32768 -32768 -32768 -32768 -32768 -32768 -32768 -32768 -32768 -32768 -32768 399 399 401 406 411 413 413 398 368 286 220 206 203 206 205 205 206 207 210 213 215 218 221 234 251 250 254 264 275 276 282 290 296 295 298 297 298 296 296 294 291 288 286 282 280 275 272 266 262 259 254 251 247 243 239 236 232 229 224 221 217 214 210 207 204 205 203 206
-32768 -32768 -32768 -32768 -32768 -32768 -32768 -32768 -32768 -32768 -32768 -32768 -32768 -32768 -32768 -32768 -32768 401 402 403 406 409 410 406 397 377 330 301 235 205 204 207 212 208 208 210 212 216 219 224 231 241 246 249 262 269 277 284 277 287 294 295 296 298 297 297 295 293 289 288 284 283 278 275 269 264 260 256 252 248 244 239 236 232 229 224 221 216 213 209 207 203 203 202 206
-32768 -32768 -32768 -32768 -32768 -32768 -32768 -32768 -32768 -32768 -32768 -32768 -32768 -32768 -32768 -32768 -32768 -32768 401 402 403 405 403 400 392 379 350 298 258 219 204 204 205 208 206 207 208 212 215 221 224 230 235 248 259 273 279 283 289 295 295 296 300 302 300 300 298 297 295 294 290 289 284 281 274 270 263 258 253 249 243 239 234 232 227 224 220 218 213 211 208 207 204 202 201
-32768 -32768 -32768 -32768 -32768 -32768 -32768 -32768 -32768 -32768 -32768 -32768 -32768 -32768 -32768 -32768 -32768 -32768 400 400 401 400 399 394 387 378 360 327 290 251 220 206 205 206 207 208 209 210 213 219 222 226 229 239 252 266 277 285 283 285 292 294 295 298 298 300 299 296 295 295 292 291 286 283 276 272 264 260 254 251 245 241 236 233 229 226 221 219 216 213 210 208 205 204 202
-32768 -32768 -32768 -32768 -32768 -32768 -32768 -32768 -32768 -32768 -32768 -32768 -32768 -32768 -32768 -32768 -32768 -32768 -32768 397 395 394 392 386 380 374 354 331 319 275 247 234 212 209 206 207 207 208 209 213 215 218 222 235 250 268 277 281 277 294 301 292 293 294 289 299 301 300 298 297 294 294 289 286 279 275 268 264 258 254 248 245 240 237 232 230 225 223 219 217 213 211 209 207 205
-32768 -32768 -32768 -32768 -32768 -32768 -32768 -32768 -32768 -32768 -32768 -32768 -32768 -32768 -32768 -32768 -32768 -32768 -32768 -32768 393 391 388 384 379 372 360 351 334 304 267 252 244 219 207 207 209 209 209 210 210 214 219 224 238 256 269 269 257 252 281 296 294 282 293 299 291 300 299 298 295 294 289 286 280 276 269 266 260 257 251 247 242 239 234 232 227 225 221 218 215 213 210 209 206
-32768 -32768 -32768 -32768 -32768 -32768 -32768 -32768 -32768 -32768 -32768 -32768 -32768 -32768 -32768 -32768 -32768 -32768 -32768 -32768 -32768 386 381 379 376 372 364 355 342 322 293 277 264 247 219 206 218 224 208 208 210 210 211 210 215 243 256 270 264 269 301 306 299 302 301 295 289 289 300 301 297 295 290 288 283 279 273 269 264 261 255 251 246 243 238 235 231 229 225 222 219 216 214 212 210
384 -32768 -32768 -32768 -32768 -32768 -32768 -32768 -32768 -32768 -32768 -32768 -32768 -32768 -32768 -32768 -32768 -32768 -32768 -32768 -32768 381 380 378 375 371 362 353 344 327 311 297 297 272 235 222 232 229 217 209 209 210 212 214 210 224 220 253 259 262 274 299 306 306 298 288 291 294 299 301 297 294 290 288 283 279 273 270 264 262 257 253 247 244 239 236 232 230 226 224 221 219 215 213 211
373 383 -32768 -32768 -32768 -32768 -32768 -32768 -32768 -32768 -32768 -32768 -32768 -32768 -32768 -32768 -32768 -32768 -32768 -32768 -32768 -32768 379 378 375 371 363 357 348 340 332 312 300 288 276 270 235 212 222 219 211 208 209 209 209 229 247 262 255 242 262 296 296 294 290 288 287 292 302 303 299 296 292 290 285 282 277 274 268 265 260 256 251 248 242 240 236 233 229 227 224 222 219 217 214
368 373 384 -32768 -32768 -32768 -32768 -32768 -32768 -32768 -32768 -32768 -32768 -32768 -32768 -32768 -32768 -32768 -32768 -32768 -32768 -32768 -32768 376 374 370 364 359 351 343 321 311 306 305 295 265 240 233 216 221 216 214 209 212 221 235 247 251 252 282 285 302 272 281 287 292 287 301 299 301 298 296 291 289 284 282 277 274 269 267 262 258 253 250 245 242 238 235 231 229 225 223 220 218 216
361 364 368 377 -32768 -32768 -32768 -32768 -32768 -32768 -32768 -32768 -32768 -32768 -32768 -32768 -32768 -32768 -32768 -32768 -32768 -32768 -32768 -32768 373 370 365 359 352 345 336 328 316 305 298 286 270 265 231 212 218 219 219 219 220 223 235 250 262 269 291 298 260 281 286 295 286 299 296 299 299 299 294 291 287 285 280 277 273 270 265 263 257 254 249 246 242 240 235 232 229 226 223 222 218
358 360 365 368 379 -32768 -32768 -32768 -32768 -32768 -32768 -32768 -32768 -32768 -32768 -32768 -32768 -32768 -32768 -32768 -32768 -32768 -32768 -32768 391 369 365 360 354 346 337 329 319 298 299 303 271 252 253 226 213 217 215 218 212 215 235 250 237 245 272 300 295 276 289 291 299 300 291 298 298 299 294 292 287 285 280 278 273 271 266 263 258 255 251 248 244 241 237 234 230 228 224 222 220
350 355 360 363 369 -32768 -32768 -32768 -32768 -32768 -32768 -32768 -32768 -32768 -32768 -32768 -32768 -32768 -32768 -32768 -32768 -32768 -32768 -32768 -32768 386 365 362 357 349 342 339 328 312 295 313 297 285 270 259 229 217 213 215 213 214 227 223 223 261 268 294 313 320 313 303 300 305 283 301 302 301 296 294 290 288 284 282 277 274 269 267 262 259 254 252 247 245 240 238 234 232 228 226 223
347 349 357 361 370 378 -32768 -32768 -32768 -32768 -32768 -32768 -32768 -32768 -32768 -32768 -32768 -32768 -32768 -32768 -32768 -32768 -32768 -32768 -32768 -32768 384 377 358 352 345 341 335 319 311 294 293 290 279 269 259 226 211 211 211 214 214 213 217 229 268 291 306 310 314 315 314 311 306 304 302 301 296 294 290 288 284 282 278 275 270 268 263 260 255 252 249 247 243 240 236 234 230 228 224
356 357 356 359 364 369 381 -32768 -32768 -32768 -32768 -32768 -32768 -32768 -32768 -32768 -32768 -32768 -32768 -32768 -32768 -32768 -32768 -32768 -32768 -32768 -32768 -32768 378 355 350 348 342 333 322 322 323 312 303 278 261 241 222 221 217 231 217 214 214 225 248 248 274 305 305 315 313 310 306 306 304 304 300 298 293 292 288 285 280 279 273 271 266 264 259 256 252 251 247 244 240 237 234 232 228
355 359 359 358 361 364 370 382 -32768 -32768 -32768 -32768 -32768 -32768 -32768 -32768 -32768 -32768 -32768 -32768 -32768 -32768 -32768 -32768 -32768 -32768 -32768 -32768 -32768 355 351 349 345 340 328 330 328 328 320 294 273 268 248 250 247 248 235 224 216 219 226 233 271 272 290 300 300 291 287 303 301 304 300 298 294 292 288 286 281 279 274 272 268 266 261 258 254 252 248 246 242 240 236 234 230
358 358 359 356 358 361 364 371 382 -32768 -32768 -32768 -32768 -32768 -32768 -32768 -32768 -32768 -32768 -32768 -32768 -32768 -32768 -32768 -32768 -32768 -32768 -32768 -32768 379 354 353 349 346 341 339 338 334 333 324 307 303 282 286 285 267 278 269 233 219 222 238 241 241 259 286 296 274 301 307 308 306 303 301 297 295 291 289 285 282 278 276 272 270 265 263 258 256 253 250 246 244 241 238 234
