13.asc
ncols        384
nrows        456
xllcorner    93.000000000000
yllcorner    -8.000000000000
cellsize     0.041666666667
NODATA_value 0
[rows 74 to 110 of 456, columns 170 to 254 of 384]
249 248 248 247 247 245 244 243 242 240 240 237 236 236 235 233 233 232 232 230 230 230 232 232 233 233 239 239 238 238 242 242 246 246 248 248 251 251 254 254 261 261 263 268 270 270 277 278 287 289 301 303 312 315 326 328 337 342 350 353 363 366 376 379 387 392 399 405 412 418 425 431 441 444 454 457 467 470 481 487 494 500 511 514 524
249 248 247 246 246 244 243 242 241 239 238 236 236 234 233 232 233 231 232 229 230 228 232 228 233 233 234 234 238 238 237 237 241 241 244 244 251 251 254 254 256 256 263 263 270 270 273 277 285 287 296 298 310 312 321 323 334 337 348 350 358 361 371 374 384 387 397 399 407 412 420 425 433 438 449 451 462 465 475 481 488 494 502 508 518
250 249 248 247 247 245 244 242 241 239 238 237 236 234 233 232 232 230 229 229 229 228 228 227 228 227 228 228 228 228 232 232 235 235 239 239 241 241 244 244 251 251 254 259 261 266 268 268 275 280 289 292 301 303 314 317 325 331 339 342 350 355 363 365 376 379 389 392 402 405 412 418 426 431 442 445 455 458 469 472 483 489 496 502 513
250 249 248 247 246 243 243 240 239 238 237 235 234 233 232 231 230 229 229 228 227 226 226 226 228 225 228 225 228 228 232 227 231 231 234 234 241 241 244 244 247 251 254 254 261 261 268 268 274 275 284 289 298 301 309 312 323 325 334 339 347 350 357 363 370 376 383 386 397 399 410 412 423 426 436 439 450 452 463 466 477 483 491 496 507
251 250 249 247 246 244 243 241 240 238 236 235 234 232 232 230 229 229 228 227 227 226 225 225 226 225 225 225 225 225 226 226 227 227 228 228 232 232 234 239 242 242 249 249 252 256 259 264 266 270 278 280 289 291 303 305 314 316 327 330 338 343 351 354 362 367 375 378 389 391 402 405 415 418 429 432 443 446 457 460 471 474 485 491 499
250 249 248 246 245 243 241 240 239 237 236 234 233 231 230 229 228 227 227 225 225 224 225 224 224 224 224 223 224 224 225 224 226 226 228 228 232 232 234 234 242 242 244 249 252 256 259 264 265 270 275 278 287 289 298 300 311 314 322 325 336 338 346 349 359 362 373 375 383 386 396 399 410 413 423 426 437 440 451 454 465 468 479 485 493
252 250 249 246 244 243 241 239 238 236 235 233 232 231 230 228 228 226 226 224 224 223 223 223 223 223 223 223 223 223 224 224 225 225 226 226 228 228 230 230 232 237 240 240 247 247 254 254 261 261 268 273 280 282 291 293 302 307 316 318 326 329 337 342 351 356 364 367 375 380 388 391 402 405 416 419 430 433 444 447 458 461 472 478 487
251 249 247 245 244 241 239 238 236 234 233 232 231 229 228 226 226 225 224 224 223 222 222 222 222 221 222 221 222 222 223 223 224 224 225 225 227 227 229 229 232 232 240 240 247 247 254 254 261 261 268 268 277 280 288 291 300 302 311 313 324 326 335 337 348 351 359 361 372 375 383 388 396 399 410 413 424 427 438 441 452 455 466 472 481
251 249 247 244 243 241 239 237 236 234 233 231 230 228 227 226 225 224 223 222 222 221 221 220 220 220 221 221 221 221 222 222 223 223 225 225 227 227 229 229 231 231 234 234 237 242 245 250 252 257 264 264 271 276 279 284 292 295 304 306 315 317 325 331 339 341 350 355 363 366 377 380 388 394 402 405 416 419 431 433 445 448 460 463 474
249 247 245 243 241 238 237 235 234 231 231 229 228 227 225 225 224 223 222 221 221 220 220 219 219 219 219 219 220 219 221 221 222 222 224 224 226 226 228 228 230 230 233 234 237 242 245 250 252 257 264 264 271 271 277 282 288 290 301 304 312 315 323 325 334 339 347 350 358 363 372 374 383 388 396 402 411 413 425 428 439 442 454 457 468
248 246 244 241 240 238 236 234 233 230 229 228 227 226 225 224 222 222 220 220 219 219 218 218 218 217 218 218 219 219 219 219 221 221 223 224 226 226 228 228 230 231 233 233 235 237 240 245 247 252 255 259 266 266 273 278 280 284 291 294 302 307 316 318 327 329 338 340 351 354 362 365 376 379 388 393 402 408 417 422 431 434 446 452 461
246 243 241 239 238 236 234 232 231 229 228 226 225 224 223 221 221 220 219 218 218 217 217 217 217 216 217 217 217 217 219 219 220 220 222 222 225 225 227 227 229 230 232 232 235 237 240 245 247 252 255 259 266 266 273 278 279 284 290 291 300 302 311 313 322 327 335 338 346 349 357 362 371 374 385 388 396 402 411 417 425 431 440 446 455
254 245 243 239 237 234 233 230 229 227 226 225 224 222 222 220 220 219 218 217 216 216 215 215 215 215 215 215 217 217 218 218 220 220 222 222 225 225 227 227 230 230 232 233 235 235 238 239 242 247 254 254 262 262 268 273 275 280 285 285 292 296 303 306 314 317 325 328 336 342 350 353 361 367 376 378 390 393 402 408 417 423 432 438 447
262 254 251 245 243 237 237 231 231 225 225 223 222 221 220 219 218 217 216 215 215 214 215 214 214 214 215 215 215 215 216 216 219 219 221 221 224 224 226 226 229 229 232 232 234 235 239 239 242 247 254 254 262 266 268 273 280 280 285 285 291 296 301 303 312 314 323 325 334 336 345 350 359 361 370 376 385 387 399 402 414 417 429 432 444
268 259 256 251 248 242 239 230 230 224 223 221 221 220 218 218 217 215 215 214 214 213 213 212 213 212 213 213 214 214 216 216 217 218 220 220 223 223 226 226 229 229 232 232 235 235 237 238 242 242 249 249 257 261 263 268 275 275 281 285 286 291 291 296 301 304 312 315 326 329 337 340 349 351 363 366 375 380 390 393 405 408 420 423 435
279 270 268 256 257 245 245 236 236 230 227 220 219 218 217 216 215 214 213 212 212 212 212 211 211 211 212 212 213 213 215 215 217 217 219 219 222 222 226 226 228 229 231 232 234 234 237 237 242 242 249 254 257 261 268 268 275 279 281 285 286 291 291 296 301 301 310 312 321 323 332 335 346 349 358 360 372 375 384 390 399 405 414 417 429
287 276 273 262 262 250 247 238 238 229 228 222 221 216 216 214 214 213 212 211 211 211 210 210 211 210 211 211 212 212 214 214 216 217 219 219 222 222 225 225 229 229 232 232 234 235 237 238 240 240 243 248 251 256 263 263 269 274 280 280 286 286 291 291 295 295 302 304 313 315 324 327 335 338 347 353 362 365 377 379 389 395 404 410 420
298 287 281 273 267 259 256 247 244 235 234 225 224 218 216 212 211 210 211 210 209 209 210 209 209 209 210 210 211 211 213 214 215 216 218 219 221 222 224 225 228 229 231 232 234 234 237 237 239 240 243 248 256 256 263 267 274 274 280 280 286 286 291 295 295 295 300 300 308 310 319 321 333 335 344 347 356 362 371 374 386 389 401 404 417
314 295 289 278 275 264 261 249 245 237 232 227 228 219 211 211 210 209 210 209 209 208 209 209 209 208 209 210 211 211 212 213 215 216 219 219 222 222 225 225 228 228 232 232 235 235 237 237 240 240 242 243 249 254 257 261 268 273 274 279 280 284 285 289 289 294 294 294 299 302 310 313 322 324 334 339 348 351 360 366 375 381 391 394 406
339 306 300 289 284 275 269 258 251 242 241 232 237 222 220 211 209 208 208 207 207 207 207 207 207 207 208 208 210 210 212 212 215 215 218 219 221 222 224 225 227 228 231 232 234 235 237 237 239 240 242 246 249 254 261 261 268 273 274 279 284 284 289 289 294 294 294 298 298 299 308 310 319 322 331 334 343 348 358 360 373 375 385 391 401
347 315 311 298 294 286 277 263 256 244 243 234 235 226 221 215 210 207 207 207 207 207 207 207 207 207 208 208 210 210 212 212 215 216 218 219 222 223 225 226 228 229 231 232 235 235 237 238 240 240 242 243 247 247 254 259 266 266 272 272 277 277 283 283 287 287 292 292 292 296 296 299 308 310 319 325 334 337 346 352 361 364 377 380 392
355 334 350 328 305 300 288 274 264 253 263 249 250 235 230 221 216 207 205 205 206 206 206 206 207 207 207 207 209 209 212 212 214 215 218 219 222 223 225 226 228 229 231 231 235 235 237 237 240 240 242 244 247 251 259 259 266 270 272 276 277 282 283 287 287 292 292 292 296 296 296 301 305 308 317 319 329 334 344 346 359 361 371 377 387
367 353 390 366 316 302 293 282 275 260 262 253 254 239 231 225 220 211 206 206 206 206 206 206 207 207 208 209 210 210 212 213 215 216 219 220 223 224 226 227 230 230 232 233 236 236 238 238 240 240 243 243 245 248 251 256 263 263 269 269 274 274 280 280 285 285 285 289 290 290 290 294 296 299 308 310 320 322 332 337 347 350 362 365 377
372 367 401 369 330 316 307 296 286 277 279 265 286 257 243 234 229 220 214 206 206 206 206 206 207 207 208 208 210 210 212 213 215 216 219 220 223 224 227 227 230 230 233 233 236 236 238 238 240 240 242 242 245 248 256 260 263 267 269 273 274 279 280 280 285 285 289 289 290 290 294 294 294 299 303 305 317 320 329 332 344 347 357 362 372
376 370 396 372 343 327 317 306 296 288 294 294 293 261 250 238 233 224 218 207 207 207 208 207 207 207 209 209 210 211 213 214 217 219 221 222 225 226 228 229 231 232 234 234 236 236 239 239 241 241 243 244 247 247 252 252 258 258 265 265 271 271 276 276 277 281 282 286 287 287 287 287 292 292 293 296 305 308 320 322 332 335 347 350 362
384 381 398 382 360 340 331 325 313 302 303 306 287 270 262 250 244 236 233 218 207 207 208 208 208 207 209 209 210 211 213 214 218 219 222 223 226 226 229 230 232 232 234 235 236 236 239 239 241 241 244 244 248 249 252 256 258 263 269 269 271 275 276 276 281 281 286 286 287 287 287 291 292 292 292 297 302 305 314 317 329 332 344 347 357
396 393 410 386 376 354 344 333 323 315 310 304 296 279 268 260 251 251 248 225 212 209 210 210 210 210 211 211 213 213 215 217 220 221 224 225 228 229 231 232 234 234 236 236 238 238 240 240 242 243 247 248 251 252 255 256 259 259 261 264 266 266 272 272 273 277 278 278 283 283 284 284 285 285 290 290 293 295 305 307 317 322 332 334 346
414 406 426 402 387 368 358 344 337 331 326 326 316 293 282 274 274 280 251 233 224 210 211 211 211 211 212 212 214 214 217 218 221 222 226 226 229 230 233 233 235 235 237 237 239 238 240 240 242 244 248 249 252 253 256 257 259 262 264 268 270 270 272 276 277 277 278 282 283 283 284 284 285 289 290 290 290 290 302 305 314 317 329 332 341
427 424 435 411 392 379 368 360 349 341 341 333 319 305 294 286 286 277 257 243 231 219 214 214 214 214 215 215 217 218 220 221 225 228 230 229 232 233 235 235 237 237 239 239 240 240 241 242 246 248 251 253 256 257 261 261 264 264 267 266 269 268 270 269 272 272 274 274 275 275 276 280 281 281 282 282 287 287 290 294 304 306 316 321 331
440 435 429 413 405 395 384 373 366 357 355 352 336 322 311 305 303 294 274 257 245 234 225 217 217 217 218 218 219 220 222 223 229 229 232 231 234 235 237 237 239 239 241 240 241 240 241 242 246 248 252 253 257 258 261 262 265 265 268 267 270 269 271 271 272 272 274 278 279 279 280 280 281 281 286 286 287 287 288 290 301 304 313 316 328
449 444 441 417 408 400 394 384 375 370 367 364 347 337 325 314 319 300 285 269 257 246 236 236 302 236 222 222 223 224 226 228 230 231 234 234 237 238 240 239 242 242 243 242 243 242 243 245 250 252 256 257 261 262 266 266 269 269 272 272 274 273 275 275 276 275 277 276 277 276 277 275 277 277 279 279 280 280 281 286 289 294 303 306 315
455 452 451 425 419 414 408 400 394 386 383 383 380 358 344 336 336 319 299 285 274 262 256 285 320 251 230 224 226 226 229 230 232 233 235 237 240 240 243 243 245 244 245 244 244 242 243 245 250 252 256 258 262 263 266 267 270 270 273 273 275 275 276 276 278 277 278 277 278 277 278 277 278 277 279 279 280 284 286 286 287 289 301 303 313
451 462 450 429 425 422 418 413 409 401 395 400 413 378 361 352 352 330 315 299 287 276 284 301 281 267 239 236 230 231 232 233 236 237 240 246 258 244 246 247 248 248 248 246 246 244 246 249 253 255 260 262 266 267 270 271 274 275 277 277 279 279 280 280 282 281 282 281 282 281 283 281 282 280 281 279 280 280 282 282 283 284 288 293 302
451 470 444 436 432 432 429 426 428 417 416 422 434 399 380 374 365 346 343 335 318 293 287 287 278 267 258 253 250 242 235 237 239 240 242 248 267 247 248 249 251 250 249 248 247 245 245 248 253 255 259 262 266 267 271 272 275 275 278 278 280 279 281 280 282 281 283 282 283 282 283 282 283 281 283 281 281 281 282 282 283 284 285 290 300
450 471 440 437 438 438 439 436 434 429 430 438 442 418 398 390 375 375 366 363 332 308 299 294 280 274 268 263 266 254 241 241 243 244 246 249 264 253 252 252 255 254 253 250 249 246 248 251 255 258 263 265 269 271 275 276 279 279 282 281 284 283 285 285 286 285 287 286 287 286 287 286 287 285 286 285 285 284 284 283 284 285 286 286 289
453 453 440 443 448 451 460 449 447 447 451 451 447 447 430 411 402 402 382 366 343 338 318 324 301 296 299 279 271 291 258 258 256 247 251 251 253 255 254 255 257 257 257 252 249 246 246 249 254 257 262 265 269 272 275 276 279 280 282 282 284 283 285 285 287 286 287 286 288 287 288 287 288 286 288 286 286 285 285 283 285 285 286 286 287
454 449 443 449 456 461 464 464 459 467 477 467 451 443 431 426 413 408 393 380 365 357 329 327 318 299 299 288 277 302 278 261 254 251 253 257 259 258 258 258 260 260 258 254 250 247 247 250 255 259 264 268 273 275 279 280 283 284 286 286 288 287 289 288 290 289 291 290 291 290 292 291 292 290 291 290 291 289 289 287 288 285 287 287 288
