13.asc
ncols        384
nrows        456
xllcorner    93.000000000000
yllcorner    -8.000000000000
cellsize     0.041666666667
NODATA_value 0
[rows 74 to 110 of 456, columns 255 to 339 of 384]
530 538 544 554 557 567 574 581 587 594 600 610 613 622 625 635 638 647 650 660 663 669 675 681 684 693 696 701 705 710 713 719 722 728 731 736 736 742 742 747 751 753 753 759 759 762 762 764 764 766 766 768 768 769 766 767 767 764 764 765 761 758 758 753 753 749 745 740 740 735 732 727 723 718 714 709 705 699 696 686 683 676 673 665 662
521 532 538 545 551 561 564 574 581 587 594 600 606 616 619 629 632 641 644 650 656 662 669 674 677 686 689 695 698 704 707 712 716 721 724 730 730 735 738 741 744 747 750 753 753 758 758 761 761 763 763 765 765 766 763 764 764 764 761 761 758 758 754 753 750 745 745 740 737 732 729 723 723 718 714 709 705 696 693 686 683 676 673 665 662
516 527 533 541 547 557 561 571 574 584 590 597 603 610 616 623 629 635 642 648 654 660 667 673 676 685 688 694 697 703 706 711 715 720 724 729 732 735 738 744 744 750 750 756 756 758 762 764 764 766 766 768 768 769 769 767 767 767 764 764 764 760 760 756 752 751 748 743 743 737 734 728 725 719 716 710 707 700 697 690 687 680 677 669 666
510 521 524 535 541 548 554 565 568 578 581 591 597 604 610 616 623 629 635 641 648 654 660 666 669 678 682 687 690 696 699 708 711 714 717 723 726 732 735 737 741 743 747 749 752 755 755 761 761 763 763 765 765 766 766 763 763 764 764 761 761 757 757 752 752 748 744 743 739 734 730 728 725 719 716 710 707 700 697 690 687 680 677 666 662
505 516 519 530 536 544 550 557 563 574 577 587 593 600 607 613 620 626 632 639 645 651 658 664 667 676 679 685 688 694 701 706 710 715 719 724 724 730 734 739 739 745 745 752 752 758 758 760 760 766 766 767 767 768 768 766 766 766 766 763 763 762 759 758 754 753 749 744 744 739 735 729 726 724 720 714 711 704 701 694 691 680 677 669 666
499 510 513 524 527 537 544 551 557 568 571 581 584 594 600 607 613 619 626 632 639 645 651 657 660 669 673 678 682 691 694 700 703 709 712 718 721 727 727 733 736 739 742 748 748 751 754 757 757 762 762 764 764 765 765 766 762 763 763 763 759 759 759 754 754 749 746 744 741 735 735 729 726 720 717 711 707 701 698 691 688 680 677 669 666
493 501 507 518 521 532 538 546 552 563 566 576 579 590 593 603 609 616 622 628 635 641 648 654 657 666 669 675 682 688 691 697 700 706 709 715 719 725 728 734 734 740 744 746 750 752 756 758 758 760 764 765 765 767 767 767 767 764 764 764 764 760 760 755 755 750 750 745 745 739 736 734 730 724 721 715 711 705 701 694 691 684 680 672 666
487 495 501 512 515 526 532 540 546 553 560 570 573 583 586 596 603 609 616 622 628 635 641 647 654 660 663 672 675 681 685 690 697 703 706 712 715 718 721 727 731 737 737 743 743 749 749 755 755 757 760 762 762 763 763 764 764 764 761 760 760 760 756 755 752 750 747 745 742 739 736 730 727 721 721 715 711 705 701 694 691 684 680 669 666
480 489 495 506 509 520 523 534 540 548 554 565 568 578 581 591 598 604 611 617 624 630 637 643 649 655 659 668 671 677 684 690 693 699 703 709 712 718 721 728 728 734 737 743 743 749 749 752 755 758 758 763 763 764 764 764 764 765 765 764 761 760 760 756 756 751 751 745 745 739 736 734 730 724 721 714 711 704 704 697 694 683 680 672 669
474 483 489 500 503 514 517 528 534 542 548 558 561 572 575 585 591 598 604 611 617 623 630 636 643 649 655 661 665 674 677 683 687 693 696 705 705 711 715 721 724 730 734 737 740 743 746 749 752 754 754 759 759 760 760 761 761 761 761 761 761 757 757 756 752 751 747 745 742 739 736 730 730 724 721 714 711 704 701 694 694 683 680 672 669
467 475 482 493 496 507 511 521 528 535 542 552 555 566 572 579 585 592 598 605 612 621 624 631 637 644 650 656 663 669 672 678 685 691 695 701 704 710 714 720 723 726 730 736 739 742 746 748 752 754 754 759 759 760 760 761 761 761 761 761 761 760 756 755 755 750 750 745 745 739 739 733 730 723 723 717 714 707 704 697 693 686 682 674 671
461 469 475 487 490 501 507 515 521 529 535 546 549 559 566 572 579 586 592 602 605 615 618 628 631 640 644 653 656 662 669 675 678 685 688 697 701 707 707 713 717 723 726 733 733 739 742 745 748 750 750 755 755 756 756 757 761 761 761 757 757 756 756 755 752 750 747 745 741 739 735 733 730 723 720 714 714 707 704 697 693 686 682 674 671
453 465 468 479 482 494 500 508 514 522 528 539 542 552 559 566 572 582 585 595 598 608 611 621 624 634 637 647 650 660 663 669 673 682 686 692 695 702 705 711 715 721 725 731 731 737 737 743 747 749 749 754 754 755 759 759 759 760 760 759 759 755 755 754 754 749 749 743 743 737 737 732 732 725 722 716 712 706 706 699 695 688 684 676 673
447 459 462 473 476 488 494 502 508 519 522 532 539 546 552 559 566 576 579 589 592 602 608 615 621 628 634 640 647 653 657 666 669 676 679 689 692 698 702 708 711 718 721 724 727 734 734 740 743 745 749 750 750 755 755 756 756 756 756 756 756 755 755 750 750 749 745 743 743 737 734 732 728 722 722 716 712 706 702 699 695 688 684 676 673
438 450 453 465 471 479 486 494 500 511 514 524 531 538 544 555 558 568 574 581 588 594 601 607 614 624 627 637 640 646 653 659 663 672 676 682 685 692 695 702 705 712 715 721 725 731 731 737 741 743 746 748 748 753 753 754 754 754 754 754 754 753 753 752 752 747 747 745 741 739 735 729 729 723 720 717 713 707 703 696 693 686 686 678 674
435 444 450 459 465 473 479 490 494 504 511 518 524 535 538 548 555 561 568 575 581 591 594 604 607 617 620 630 633 643 646 656 659 666 672 679 682 688 692 698 702 708 712 718 721 728 728 734 737 739 743 745 748 749 749 750 754 754 754 754 754 753 753 748 748 747 747 741 741 735 735 729 729 723 720 713 713 707 703 696 693 686 682 678 674
425 435 441 450 456 467 470 481 485 495 502 512 515 526 529 539 546 553 559 569 572 583 586 596 602 609 615 622 629 635 642 648 652 661 665 671 678 685 688 694 698 704 708 714 718 724 724 730 734 736 739 741 745 746 749 750 750 751 751 751 751 750 750 749 749 744 744 741 738 735 732 729 726 723 720 714 710 707 704 697 693 686 683 675 671
420 432 435 447 450 461 467 475 481 489 495 506 509 520 526 533 539 550 553 563 569 576 583 589 596 606 609 619 622 632 635 645 648 655 661 668 671 681 685 691 694 701 704 711 714 721 721 727 730 736 736 741 741 742 746 747 747 751 751 751 751 750 750 745 745 744 744 738 738 735 732 729 726 720 720 714 710 707 704 697 693 686 683 675 671
409 422 425 437 443 451 457 468 471 482 485 496 502 510 516 527 530 540 546 553 560 570 573 583 587 597 603 610 616 623 630 636 643 650 653 663 666 673 676 686 690 696 700 706 710 716 719 722 726 731 731 737 737 741 741 746 746 746 746 746 746 746 746 745 745 743 739 737 737 731 731 725 725 719 716 713 710 703 703 696 693 686 682 675 671
406 416 422 431 437 445 451 462 465 476 482 490 496 507 510 520 527 534 540 550 553 563 570 577 583 593 597 607 610 620 623 633 636 646 650 656 663 670 673 679 686 693 696 703 706 713 716 719 722 728 731 733 737 738 741 742 742 743 746 746 746 746 746 745 741 739 739 737 734 731 728 725 722 719 716 710 710 703 700 693 693 686 682 675 671
395 408 411 423 426 437 440 451 458 465 472 482 485 496 502 510 516 526 530 540 546 553 560 570 577 583 590 597 603 610 617 624 630 637 644 650 657 664 667 674 681 687 691 697 701 707 710 717 717 722 726 728 731 736 736 737 740 741 741 741 741 741 741 739 739 738 738 732 732 730 726 724 720 718 714 708 708 702 698 692 692 685 681 674 671
392 402 405 417 423 431 437 445 451 462 465 476 482 490 496 507 513 520 526 537 540 550 557 564 570 580 583 594 597 607 614 620 627 634 640 647 650 660 664 671 677 684 687 694 697 704 707 713 717 719 722 728 728 732 732 737 737 737 741 741 741 741 741 739 739 738 734 732 732 726 726 720 720 714 714 708 705 702 698 692 688 685 681 674 671
380 390 396 405 411 422 425 437 443 451 457 465 471 482 485 495 502 512 515 526 532 539 546 556 559 570 576 583 590 600 603 614 617 627 630 641 644 654 657 664 671 678 681 688 691 697 701 707 710 716 716 721 725 726 729 730 734 734 734 734 738 737 737 733 733 731 731 729 726 724 724 718 718 712 709 706 703 696 696 690 687 680 676 669 669
375 387 390 402 405 416 422 431 437 448 451 462 465 475 482 492 495 506 512 519 526 536 542 550 556 566 570 580 586 593 600 610 614 624 627 637 641 647 654 661 668 674 678 684 688 694 697 703 707 713 716 718 721 726 726 730 730 734 734 734 734 734 734 733 733 731 731 726 726 724 720 718 714 712 709 706 703 696 696 690 687 680 676 669 666
365 374 380 389 395 404 410 421 424 436 442 450 456 467 470 480 486 497 500 511 517 525 531 541 548 555 561 572 575 586 592 599 606 616 619 630 633 640 647 654 660 667 670 677 680 687 690 696 700 705 709 714 717 719 722 723 726 727 727 730 730 730 730 729 729 727 724 722 722 720 717 714 711 709 705 700 700 694 694 687 684 677 674 667 663
362 372 374 387 389 401 407 415 421 430 436 447 450 460 467 477 480 491 497 508 511 521 528 538 541 552 558 565 572 582 589 596 603 610 616 623 630 637 643 650 657 664 667 674 680 687 690 696 700 705 705 710 714 719 719 723 723 727 727 727 727 730 730 729 725 724 724 722 722 717 717 714 711 705 705 700 700 694 690 687 684 677 674 667 663
349 361 364 374 379 391 394 406 408 420 426 434 440 451 454 465 471 482 485 495 502 512 516 526 532 543 546 557 563 574 577 588 594 602 608 615 622 629 636 643 649 656 659 669 673 679 682 688 692 697 701 706 709 711 714 715 718 718 722 722 722 721 721 720 720 719 719 717 714 712 712 707 707 702 702 696 696 690 687 684 681 674 671 664 660
346 356 361 371 376 385 391 400 406 414 420 431 434 445 451 462 468 476 482 492 499 506 512 523 529 537 543 554 560 568 574 585 591 598 605 612 619 629 632 639 646 653 659 666 669 676 679 688 692 697 697 702 706 711 711 715 718 718 718 722 722 721 721 720 720 719 719 717 714 712 712 707 707 702 702 696 693 690 687 681 677 674 671 664 660
333 346 348 360 363 375 378 389 392 404 409 418 424 435 441 449 455 466 472 483 486 497 503 514 517 528 534 545 548 559 565 576 579 590 596 604 610 621 624 634 637 648 651 658 661 671 674 680 683 689 692 697 701 702 705 709 709 713 713 713 716 716 716 715 715 714 714 709 709 707 707 702 702 697 694 692 688 686 683 677 674 671 667 660 657
331 340 346 355 360 369 375 384 389 401 404 415 421 429 435 446 452 463 466 477 483 494 497 507 514 524 531 542 545 555 562 573 576 586 593 600 607 617 621 631 634 644 648 658 661 667 671 676 683 689 692 697 697 702 705 706 709 710 713 713 713 716 716 715 715 714 714 709 709 707 704 702 699 697 694 692 688 683 683 677 674 667 667 660 657
320 330 335 344 347 359 362 373 379 388 393 405 407 419 424 436 439 450 456 467 473 481 487 498 504 515 521 529 535 546 552 563 567 577 584 595 598 608 615 622 629 636 642 649 652 662 665 671 674 680 683 688 691 696 699 700 703 704 707 707 707 706 710 709 709 708 704 703 703 702 699 697 694 692 689 687 684 678 678 673 669 663 663 656 653
318 327 330 342 344 356 359 370 373 385 390 399 405 416 419 430 436 447 453 464 467 478 484 495 501 512 515 526 532 543 549 560 563 574 581 591 595 605 612 622 625 632 639 649 652 658 662 671 674 680 683 688 691 696 696 700 700 704 704 707 707 706 706 705 709 708 704 703 703 699 699 697 694 692 689 687 684 678 678 673 669 663 660 656 653
305 317 319 328 334 343 348 357 363 374 377 388 394 402 408 419 425 436 439 450 456 468 473 485 491 499 505 516 522 534 540 551 554 565 571 582 589 596 603 613 616 626 630 640 643 652 656 662 665 670 674 682 685 686 690 694 694 697 697 700 700 700 700 699 703 698 698 697 697 693 693 691 688 687 683 679 679 673 670 668 665 659 656 649 649
302 311 317 326 331 340 345 354 360 369 374 385 388 400 405 416 422 430 436 447 453 465 470 482 485 496 502 513 519 530 537 548 554 562 568 579 585 596 599 610 613 623 630 636 643 649 652 662 665 670 674 678 682 686 690 694 694 697 697 700 700 700 700 699 703 698 698 697 697 693 693 691 688 687 683 679 679 673 670 668 665 659 656 649 649
292 301 306 315 320 330 332 344 349 358 363 375 378 389 395 403 409 420 426 437 443 454 457 469 475 486 492 503 509 521 527 538 544 552 559 570 576 587 593 601 607 617 620 630 633 643 646 652 659 664 667 672 675 680 683 687 687 691 691 694 694 693 693 693 696 692 692 691 691 687 687 682 682 681 678 673 673 668 665 663 660 654 651 645 642
289 299 304 313 315 327 330 341 344 355 361 369 375 386 392 400 406 417 423 434 440 448 454 466 472 483 489 500 506 518 524 535 541 552 559 567 573 584 590 601 604 614 620 627 633 640 646 652 655 664 667 672 675 680 683 687 687 691 691 694 694 693 693 696 696 692 692 691 691 687 687 682 682 678 678 673 673 668 665 663 660 654 651 645 642
288 288 291 302 305 317 319 331 333 345 347 359 364 376 378 390 395 407 412 424 430 438 444 455 461 473 479 490 496 508 514 526 532 543 549 560 563 574 581 591 598 608 611 621 624 633 637 646 649 654 661 665 669 673 676 680 680 684 684 687 687 687 687 689 689 685 685 685 685 681 681 677 677 672 672 668 668 663 660 658 655 650 647 641 637
