14.asc
ncols        384
nrows        456
xllcorner    93.000000000000
yllcorner    -8.000000000000
cellsize     0.041666666667
NODATA_value 0
[rows 152 to 189 of 456, columns 174 to 260 of 384]
33 34 35 36 38 39 41 42 44 45 46 46 49 50 50 41 41 45 49 42 42 43 45 51 54 57 59 59 58 57 59 54 48 48 48 47 45 44 44 52 52 42 43 44 45 49 63 65 64 62 61 59 60 63 67 64 67 70 71 74 75 76 73 75 74 77 84 84 84 83 82 80 79 76 74 72 70 69 68 67 66 65 64 63 62 61 60
33 34 35 36 38 39 40 41 43 44 45 45 48 51 47 42 42 42 49 43 44 44 49 55 57 57 58 58 59 59 61 60 53 55 54 48 46 45 45 52 47 43 43 44 46 48 63 65 66 55 55 57 57 59 64 63 66 69 71 73 75 76 72 72 78 83 84 84 84 83 82 81 79 77 76 74 72 71 70 68 67 66 65 64 63 62 61
34 34 36 37 38 39 40 42 43 44 45 45 49 51 47 43 43 45 45 44 45 46 49 55 57 57 56 58 60 60 60 60 58 57 55 48 47 46 46 47 50 45 44 45 46 48 56 66 64 54 54 54 55 57 60 61 64 67 70 72 74 74 72 77 81 83 83 84 83 84 83 82 81 79 78 76 74 73 72 71 69 68 67 66 65 64 63
34 35 36 37 38 39 40 41 42 43 43 44 44 45 44 43 44 46 45 45 46 47 51 55 57 57 55 54 58 59 59 58 57 56 56 49 49 47 47 47 47 46 46 46 47 48 50 62 65 57 56 52 53 55 57 60 62 65 68 72 74 75 76 78 81 82 83 84 84 84 84 83 82 81 79 78 76 75 73 72 71 70 69 68 67 66 65
34 35 36 37 38 39 40 41 42 42 43 43 44 44 45 44 45 45 46 47 48 50 52 54 56 58 57 50 55 58 60 58 53 53 53 50 50 48 48 48 47 47 48 48 48 48 50 51 54 57 54 52 55 56 57 59 62 64 68 72 74 76 77 79 81 82 83 85 84 85 85 85 83 82 81 80 78 77 75 74 73 72 71 69 68 67 66
34 35 36 37 38 38 39 40 42 42 43 43 43 44 44 44 46 46 47 48 50 51 52 54 57 57 56 57 57 60 60 58 54 53 52 51 52 50 49 49 49 49 52 49 48 49 51 52 50 51 55 50 53 54 57 60 61 64 67 70 73 76 77 79 81 82 83 83 84 84 86 85 85 84 83 82 80 78 77 76 75 73 72 71 70 69 67
35 36 36 37 38 39 40 40 43 42 43 43 44 44 45 46 47 48 50 51 52 53 55 56 58 58 58 59 59 60 60 61 57 55 53 53 52 51 51 51 50 52 56 50 49 50 53 53 50 50 52 49 55 59 61 61 66 64 68 71 74 76 78 80 80 83 83 85 84 86 87 87 86 86 85 83 82 81 79 78 76 75 74 73 72 70 69
35 35 36 37 38 38 39 40 41 41 42 43 44 44 45 46 48 49 51 53 54 55 56 56 57 58 58 58 53 57 59 61 61 56 55 54 53 52 53 52 52 53 54 51 50 51 51 51 49 48 49 47 57 58 64 61 69 64 70 71 74 76 77 80 81 83 85 86 87 87 88 88 88 87 86 85 84 82 80 79 78 76 75 74 73 72 71
36 36 37 37 38 39 39 40 41 41 42 43 44 45 46 47 49 51 53 55 57 58 57 58 58 58 59 59 54 56 60 60 58 57 56 56 55 54 54 54 53 53 53 52 52 51 52 52 54 51 48 47 53 55 64 64 69 65 71 73 75 76 78 78 78 83 86 87 88 90 90 90 89 88 88 86 85 84 82 81 79 78 77 76 74 73 72
35 36 36 37 38 38 39 40 40 41 41 42 43 44 46 47 49 51 53 55 58 59 58 60 58 58 59 59 57 59 60 60 61 58 57 57 56 55 54 55 54 54 54 54 53 53 53 52 51 49 48 50 51 56 57 64 65 65 72 74 75 77 78 78 77 84 86 88 89 90 91 91 90 90 89 88 87 85 83 82 80 79 78 77 76 74 74
36 36 37 37 38 39 39 40 41 41 41 42 44 45 47 48 50 52 54 56 58 60 61 62 62 61 60 60 55 59 61 62 62 59 58 58 57 56 56 56 55 55 55 55 55 55 53 53 53 49 48 51 53 59 58 64 65 65 71 75 76 77 78 80 81 84 87 89 90 91 92 92 91 90 89 89 88 86 84 83 82 80 80 78 77 76 75
36 36 37 37 38 38 39 40 41 40 41 42 43 45 46 48 50 52 54 56 58 59 61 62 62 62 60 60 58 60 60 61 61 59 58 58 57 56 56 56 56 55 55 55 55 55 53 53 52 51 51 52 57 54 59 60 67 66 68 74 75 77 79 81 83 86 88 89 91 92 92 92 90 90 89 89 88 86 85 84 83 81 80 79 78 77 76
36 37 38 38 38 39 39 40 40 41 42 43 44 45 47 48 50 52 54 56 58 59 61 62 63 62 61 60 60 61 61 62 62 60 59 59 58 57 57 57 56 56 56 56 56 57 54 53 53 52 51 53 55 57 59 63 66 69 71 73 75 78 79 81 84 87 88 90 91 91 91 91 90 89 88 87 87 86 85 84 83 82 81 80 80 79 77
36 37 37 38 38 38 39 40 40 41 41 42 44 45 47 48 50 51 53 55 57 59 60 61 62 62 61 60 60 61 61 61 62 61 59 59 58 57 57 58 57 57 56 57 58 58 55 54 54 53 52 54 57 59 63 66 66 68 71 73 74 77 80 82 85 87 89 90 92 91 91 91 89 89 87 87 86 86 85 85 84 83 82 81 81 79 79
37 37 38 38 39 39 40 40 41 41 42 43 44 45 47 48 50 52 54 55 57 59 60 61 62 62 62 61 61 61 62 62 63 61 60 59 58 58 58 58 58 58 57 58 58 58 57 55 55 54 54 54 59 63 66 69 64 68 72 72 75 78 80 82 86 88 89 90 91 91 92 90 89 89 87 87 86 86 85 85 84 84 83 82 82 81 80
37 37 38 38 39 39 40 40 41 41 42 43 44 45 46 48 50 51 53 54 56 57 59 60 61 61 61 61 60 61 61 62 62 60 58 58 58 57 57 57 57 57 57 58 57 57 56 56 56 56 54 55 58 62 64 64 63 64 68 72 75 78 80 79 84 89 89 91 90 90 92 90 89 88 87 87 85 86 86 85 85 84 84 83 83 82 81
38 38 39 39 40 40 40 41 42 42 43 43 44 45 47 48 50 51 53 54 56 57 59 60 61 61 61 61 61 61 61 63 62 60 62 60 58 57 57 57 58 58 62 62 58 57 56 56 57 56 54 54 56 60 61 61 62 63 67 70 74 78 80 82 85 89 89 91 90 90 90 89 88 87 87 86 86 86 86 86 86 85 85 84 84 83 82
38 38 39 39 39 40 40 41 41 42 42 43 44 45 46 47 49 50 52 53 55 56 57 58 59 60 60 60 60 61 60 62 63 61 62 63 61 57 57 57 58 59 59 66 65 58 56 56 57 56 55 54 54 57 57 59 61 65 66 69 73 77 80 81 84 90 91 90 89 89 89 88 88 87 86 86 86 86 86 86 86 86 86 85 85 84 83
39 39 39 40 40 41 41 41 42 42 43 44 44 45 46 48 49 51 52 54 55 56 57 58 59 60 60 60 60 60 60 63 64 64 64 65 61 58 57 57 58 59 66 68 68 62 56 60 61 57 54 53 54 55 57 58 61 68 68 69 72 76 80 82 84 87 92 92 89 89 88 87 87 87 86 85 86 86 87 87 87 87 87 86 86 85 85
39 39 39 40 40 40 41 41 42 42 43 43 44 45 46 47 49 50 51 53 54 55 56 57 58 59 59 59 58 58 60 63 63 64 65 63 59 58 57 57 58 61 67 69 69 69 60 60 61 56 53 53 53 55 56 58 60 68 69 68 71 74 80 83 83 87 90 91 91 89 87 86 85 86 87 86 86 87 87 88 88 88 88 87 87 86 86
40 40 41 41 41 41 42 42 43 43 44 44 45 46 47 48 49 50 52 53 54 55 56 57 58 58 58 59 59 59 60 64 63 64 63 63 63 60 57 57 57 61 67 69 68 69 61 58 60 56 53 53 54 55 56 58 60 63 72 74 71 73 77 80 83 82 88 91 91 91 88 86 84 84 85 86 87 88 88 89 89 89 89 88 88 87 87
40 40 40 41 41 41 42 42 43 43 44 44 45 46 47 47 49 50 51 52 53 54 55 56 57 57 58 58 58 58 58 62 64 65 64 63 61 59 57 57 57 59 62 67 69 68 63 57 58 56 53 53 53 55 56 58 59 63 69 75 73 76 76 79 83 83 88 90 91 90 88 86 84 84 85 87 88 89 89 90 90 90 90 90 89 88 88
41 41 41 42 42 42 43 43 44 44 44 45 46 46 47 48 49 50 51 52 53 54 55 56 57 57 58 58 58 58 58 60 62 66 65 66 63 59 58 58 57 57 58 64 65 60 59 55 54 54 53 53 53 55 55 57 58 60 69 70 74 74 74 77 80 84 87 89 90 90 88 87 86 86 87 88 89 90 91 91 92 92 92 91 91 90 90
41 41 41 42 42 42 43 43 43 44 44 45 46 46 47 48 49 50 51 51 52 53 54 55 56 56 57 58 58 58 57 59 62 64 64 65 65 61 59 57 57 57 57 57 57 56 55 54 54 53 52 52 53 54 54 56 57 58 65 73 70 69 72 76 79 82 85 88 89 89 88 87 88 88 89 90 91 92 93 93 93 93 93 92 92 91 91
42 42 43 43 43 43 44 44 44 45 45 46 47 47 48 49 49 50 51 52 53 54 54 55 56 57 57 58 58 59 57 56 60 62 64 64 65 63 60 57 57 57 57 58 56 57 62 57 53 53 52 52 52 53 54 55 56 58 59 67 67 67 71 75 78 81 84 86 88 88 87 88 89 90 92 93 94 94 95 95 95 95 94 94 93 93 92
42 42 42 43 43 43 44 44 44 45 45 46 46 47 48 48 49 50 51 51 52 53 54 55 55 56 57 57 58 58 56 55 53 60 61 61 63 66 61 58 56 57 57 57 56 57 59 54 53 52 51 51 51 52 53 54 55 56 58 60 63 66 70 74 77 80 82 85 86 87 87 88 90 93 94 96 96 97 97 97 97 96 96 95 95 94 93
43 43 43 44 44 44 45 45 45 46 46 47 47 48 48 49 50 50 51 52 52 53 54 55 56 57 57 58 58 58 56 55 53 52 57 62 65 67 62 58 58 57 58 57 56 56 55 54 53 52 51 50 50 51 52 53 54 56 57 59 61 64 69 72 76 80 81 83 85 87 88 90 92 95 97 99 99 99 99 99 98 98 97 97 96 95 95
43 43 43 44 44 44 45 45 45 46 46 47 47 48 48 49 49 50 50 51 52 52 53 54 55 56 57 58 58 58 56 55 53 51 54 63 66 65 62 57 58 58 57 57 57 56 55 54 52 51 50 50 49 50 51 52 53 55 56 60 59 63 69 72 75 78 80 83 85 87 89 92 94 97 99 101 101 101 101 100 100 99 99 98 97 97 96
44 45 45 45 45 46 46 46 47 47 47 48 48 49 49 49 50 50 51 52 52 53 53 55 56 57 58 59 59 60 58 56 54 53 52 63 66 66 63 59 59 59 58 58 57 57 56 55 52 51 49 49 49 50 50 52 53 55 56 59 61 64 67 70 74 77 80 83 86 88 91 93 96 99 102 104 103 103 102 102 101 101 100 100 99 98 97
44 45 45 45 45 46 46 46 47 47 47 48 48 48 49 49 50 50 51 51 52 52 53 54 55 57 58 59 59 60 59 57 55 54 54 62 66 67 63 59 63 60 58 58 58 57 56 55 53 51 49 48 48 49 50 51 52 54 56 58 60 63 66 70 73 77 80 83 86 89 91 94 97 100 103 104 104 104 102 102 101 101 101 101 100 99 99
45 46 46 46 46 47 47 47 48 48 48 49 49 49 50 51 51 51 52 52 53 53 54 55 56 58 59 60 61 62 60 58 56 57 59 65 66 67 64 62 64 64 60 60 59 59 57 56 53 51 49 48 48 49 50 51 53 55 56 61 66 67 70 71 73 77 80 83 86 89 92 95 98 101 103 105 104 104 103 103 101 101 102 102 101 101 100
46 46 46 46 46 47 47 47 48 48 48 49 49 49 50 51 51 51 52 52 53 53 54 55 56 57 59 60 61 62 61 58 56 58 62 64 64 63 62 64 63 63 61 61 60 59 57 55 53 52 49 48 48 49 50 51 53 55 57 62 66 69 71 71 74 77 80 84 87 89 92 95 98 101 103 104 105 104 103 103 102 102 102 102 101 101 101
47 47 47 48 48 48 48 49 49 49 50 50 50 51 51 52 52 52 53 53 54 54 55 56 57 59 60 61 62 63 61 59 57 61 60 60 62 64 64 65 66 65 64 62 62 61 58 56 53 52 50 49 48 49 50 51 53 55 63 66 63 65 70 71 75 78 81 84 87 90 93 96 99 102 104 105 105 105 104 104 103 103 102 102 102 101 101
47 47 47 48 48 48 48 49 49 49 50 50 50 51 51 52 52 52 53 53 54 55 55 56 57 58 59 60 61 61 59 58 58 55 54 55 56 60 65 66 65 65 64 61 63 62 60 56 53 51 49 49 48 49 50 51 53 57 61 63 63 66 69 72 75 78 81 84 87 90 93 96 99 102 103 105 105 105 105 105 103 103 103 102 102 100 101
48 48 49 49 49 49 50 50 50 51 51 51 52 52 52 53 53 54 54 55 55 56 57 58 58 59 60 61 62 61 59 57 57 53 54 55 55 61 59 62 64 65 66 64 60 62 59 56 53 51 49 48 48 49 50 52 54 57 59 62 65 67 69 73 76 79 82 85 88 91 94 97 100 102 104 106 106 107 106 105 104 104 103 102 101 100 100
48 49 49 49 49 49 50 50 50 51 51 51 52 52 52 53 54 54 54 55 56 56 57 58 58 59 60 61 61 60 59 57 55 54 54 54 55 58 56 57 64 61 63 66 62 59 57 55 53 51 48 47 48 49 50 52 54 57 59 62 66 69 70 73 76 79 83 85 89 92 94 97 100 102 104 106 106 107 106 106 105 104 103 102 101 100 99
50 50 50 50 51 51 51 52 52 52 52 53 53 54 54 54 55 55 56 56 57 58 58 59 60 60 61 62 62 61 59 58 56 56 55 55 55 56 55 56 61 61 58 65 63 57 57 55 54 53 49 48 48 50 51 53 55 57 60 64 66 68 71 74 77 80 83 86 89 93 95 98 101 104 106 108 108 107 107 105 105 104 104 102 102 100 99
50 50 50 51 51 51 51 52 52 52 53 53 53 54 54 55 55 55 56 57 57 58 58 59 60 60 61 61 61 61 59 58 57 57 56 55 55 54 55 56 57 60 59 55 55 56 54 54 52 57 49 49 49 50 51 53 55 58 60 63 66 68 71 74 77 80 83 87 89 93 95 99 101 104 106 108 108 108 107 106 106 105 105 103 102 100 100
