14.asc
ncols        384
nrows        456
xllcorner    93.000000000000
yllcorner    -8.000000000000
cellsize     0.041666666667
NODATA_value 0
[rows 228 to 265 of 456, columns 261 to 347 of 384]
103 101 99 98 97 98 98 99 100 100 100 101 101 102 102 102 102 102 102 102 102 102 102 101 101 101 101 101 101 101 100 101 100 101 101 101 100 101 101 101 101 102 101 102 102 102 102 103 103 103 103 104 104 104 104 105 105 105 105 106 106 106 106 107 107 108 108 108 108 109 109 109 109 110 110 111 111 112 112 113 113 114 114 115 115 116 117
103 100 97 95 96 97 98 98 99 99 100 101 101 101 102 102 102 102 102 102 102 102 102 101 101 101 101 101 101 101 100 101 100 101 101 101 101 101 101 101 101 102 102 102 102 102 102 103 103 103 103 104 104 104 104 105 105 105 105 106 106 106 107 107 107 108 108 108 108 109 109 109 110 110 110 111 111 112 112 113 113 114 114 115 115 116 117
98 96 94 94 95 97 98 99 100 100 101 101 102 102 103 103 103 103 103 103 103 103 103 102 102 102 102 102 102 102 101 102 101 102 101 101 101 102 102 102 102 102 102 103 103 103 103 104 104 104 104 105 105 105 105 106 106 106 106 107 107 107 107 108 108 108 108 109 109 109 110 110 110 111 111 112 112 112 113 113 114 114 115 116 116 117 117
91 92 94 94 95 96 97 98 99 100 101 101 102 102 103 103 103 103 103 103 103 103 103 102 102 102 102 102 101 102 101 102 101 102 101 102 101 102 102 102 102 103 102 103 103 103 103 104 104 104 104 105 105 105 105 106 106 107 107 107 107 108 108 108 108 109 109 109 109 110 110 110 111 111 111 112 112 112 113 114 114 114 115 116 116 117 117
90 91 93 94 96 97 98 99 100 101 102 103 103 103 104 104 104 104 104 104 104 104 103 103 103 103 102 103 102 102 102 102 102 102 102 103 102 103 102 103 103 103 103 104 104 104 104 104 104 105 105 105 105 106 106 107 107 107 107 108 108 108 108 109 109 109 109 110 110 110 111 111 111 112 112 112 112 113 113 114 114 115 115 116 116 117 118
92 92 93 94 96 97 98 99 100 101 102 103 103 103 104 104 104 104 104 104 104 104 103 103 103 103 102 103 102 102 102 102 102 102 102 103 102 103 102 103 103 103 103 104 104 104 104 105 104 105 105 106 106 106 106 107 107 107 107 108 108 108 108 109 109 110 110 110 110 111 111 111 111 112 112 112 112 113 113 114 114 115 115 116 116 117 118
93 94 95 95 97 98 99 100 102 102 104 104 105 105 105 105 105 105 105 105 105 104 104 104 104 103 103 103 103 103 103 103 103 103 103 103 103 103 103 104 104 104 104 105 104 105 105 105 105 106 106 106 106 107 107 107 107 108 108 108 108 109 109 110 110 110 110 111 111 111 111 112 112 112 113 113 113 114 114 114 115 115 116 116 117 118 118
93 93 94 95 97 98 99 100 102 103 104 104 105 105 105 106 106 105 105 105 105 104 104 104 104 103 103 103 103 103 103 103 103 103 103 103 103 103 103 104 104 104 104 105 105 105 105 105 105 106 106 107 107 107 107 108 108 108 108 109 109 109 109 110 110 110 110 111 111 111 111 112 112 113 113 113 113 114 114 114 115 115 116 116 117 117 118
93 94 95 96 98 99 100 102 103 104 105 106 106 106 107 107 107 106 106 106 105 105 105 105 104 104 104 104 104 104 103 104 103 104 104 104 104 104 104 104 104 105 105 105 105 106 106 106 106 107 107 107 107 108 108 108 108 109 109 109 109 110 110 111 111 111 111 112 112 112 112 113 113 113 113 114 114 115 115 115 115 116 116 117 117 118 118
92 94 95 96 98 99 101 102 103 104 105 106 107 107 107 107 107 106 106 105 105 105 105 104 104 104 104 104 104 103 103 103 103 104 103 104 104 104 104 104 104 105 105 105 105 106 106 106 106 107 107 107 107 108 108 109 109 109 109 110 110 110 110 111 111 111 111 112 112 112 112 113 113 113 113 114 114 115 115 115 115 116 116 117 117 118 118
93 94 96 97 99 100 102 103 105 106 107 108 109 109 109 108 108 107 107 106 106 106 106 105 105 105 105 105 104 104 104 104 104 104 104 104 104 104 104 105 105 105 105 106 106 106 106 107 107 107 107 108 108 109 109 109 109 110 110 110 110 111 111 111 111 112 112 112 112 113 113 113 114 114 114 114 115 115 115 116 116 116 117 117 117 118 118
92 94 96 97 99 100 102 104 105 106 108 109 109 109 109 108 107 107 107 106 106 106 105 105 105 105 105 104 104 104 104 104 104 104 104 104 104 104 104 105 105 105 105 106 106 106 106 107 107 107 107 108 108 109 109 109 109 110 110 111 111 111 111 111 111 112 112 112 112 113 113 114 114 114 114 115 115 115 115 116 116 116 116 117 117 118 118
93 95 97 98 100 102 103 105 107 108 110 111 112 111 110 109 108 108 107 107 107 106 106 106 106 105 105 105 105 105 104 104 104 104 104 105 105 105 105 105 105 106 106 106 106 107 107 107 107 108 108 109 109 109 109 110 110 111 111 111 111 111 112 112 112 113 113 113 113 114 114 114 114 114 115 115 115 115 115 116 116 117 117 118 118 118 118
93 95 97 98 100 101 103 105 107 108 110 111 113 112 111 108 108 107 107 106 106 106 106 105 105 105 105 105 104 104 104 104 104 104 104 105 104 105 105 105 105 106 106 106 106 107 107 107 107 108 108 109 109 109 109 110 110 111 111 111 111 112 112 112 112 113 113 113 113 114 114 114 114 115 115 115 115 115 116 116 116 117 117 118 118 118 118
94 95 97 99 101 102 104 105 107 109 111 113 115 115 111 109 108 108 108 107 107 106 106 106 106 105 105 105 105 105 105 105 105 105 105 105 105 105 105 106 106 106 106 107 107 107 107 108 108 109 109 109 109 110 110 111 111 111 111 112 112 112 112 113 113 113 113 114 114 114 114 115 115 115 115 116 116 116 116 117 117 117 117 118 118 119 119
94 95 97 98 100 102 104 105 107 109 110 112 113 112 111 109 108 107 107 107 107 106 106 105 105 105 105 105 105 104 104 104 104 105 105 104 104 105 105 105 106 106 106 107 107 107 107 108 108 109 109 109 109 110 110 111 111 111 111 112 112 113 113 113 113 113 113 114 114 115 115 115 115 115 115 116 116 116 116 117 117 117 117 118 118 118 119
95 96 98 100 101 103 104 106 108 109 110 112 112 112 111 110 109 108 108 107 107 106 106 106 106 105 105 105 105 105 105 105 105 105 105 105 105 105 105 106 106 106 106 107 107 108 108 108 108 109 109 110 110 110 111 111 111 112 112 113 113 113 113 114 114 114 114 115 115 115 115 115 115 116 116 116 116 117 117 117 117 118 118 118 118 119 119
95 96 98 99 101 102 104 105 107 108 109 110 110 110 110 109 108 107 107 107 106 106 106 105 105 105 105 105 104 104 104 104 104 104 104 105 105 105 105 106 106 106 106 107 107 108 108 108 108 109 109 110 110 111 111 111 111 112 112 113 113 113 113 114 114 114 114 115 115 115 115 116 116 116 116 116 116 117 117 117 117 118 118 118 118 119 119
96 97 99 100 101 103 105 105 107 108 109 109 110 110 110 109 109 108 107 107 106 106 106 105 105 105 105 105 105 105 105 104 104 105 105 105 105 105 105 106 106 106 107 107 107 108 108 109 109 110 110 110 111 111 111 112 112 113 113 113 113 114 114 114 114 115 115 115 115 116 116 116 116 116 116 117 117 117 117 118 118 118 118 119 119 119 119
96 97 98 99 101 102 104 105 106 107 108 108 109 109 109 108 108 107 107 106 106 105 105 105 105 104 104 104 104 104 104 104 104 104 104 104 105 105 105 105 106 106 106 107 107 108 108 109 109 110 110 110 111 111 111 112 112 113 113 114 114 114 114 114 115 115 115 115 115 116 116 116 116 116 116 117 117 117 117 118 118 118 118 119 119 119 119
97 98 99 100 102 103 104 105 106 107 108 108 108 108 108 108 108 107 107 106 106 106 106 105 105 105 105 104 104 104 104 104 104 104 104 105 105 105 105 106 106 107 107 107 108 108 108 109 109 110 110 111 111 112 112 113 113 113 113 114 114 114 115 115 115 115 115 116 116 116 116 117 117 117 117 118 118 118 118 118 118 119 119 119 119 120 119
97 98 99 100 101 102 104 104 105 106 107 107 107 107 107 107 107 106 106 106 105 105 105 105 105 104 104 104 104 104 104 104 104 104 104 104 104 105 105 105 106 106 107 107 107 108 108 109 109 110 110 111 111 112 112 113 113 113 113 114 114 115 115 115 115 115 115 116 116 117 117 117 117 117 117 118 118 118 118 118 118 119 119 119 119 119 119
98 98 100 101 102 103 104 104 105 106 107 107 107 107 107 106 107 106 106 105 105 105 105 104 104 104 104 104 104 104 104 103 104 104 104 104 104 105 105 106 106 107 107 107 107 108 108 109 109 110 110 111 111 112 112 113 113 114 114 115 115 115 115 115 116 116 116 117 117 117 117 117 117 118 118 118 118 118 118 119 118 119 119 119 119 120 120
98 98 100 100 102 102 103 104 104 105 106 105 106 106 106 106 106 105 105 105 104 104 104 104 104 103 103 103 103 103 103 103 103 103 103 104 104 105 105 105 105 106 107 107 107 108 108 109 109 110 110 111 111 112 112 113 113 114 114 115 115 115 115 116 116 116 116 117 117 117 117 118 118 118 118 118 118 118 118 119 119 119 119 119 119 120 120
99 99 101 101 102 103 104 104 105 105 106 105 106 106 106 105 105 105 105 104 104 104 104 103 103 103 103 103 103 103 103 103 103 103 103 104 104 104 104 105 106 106 106 107 108 108 109 109 109 110 110 111 111 113 113 114 114 114 114 115 115 116 116 116 116 117 117 117 117 118 118 118 118 118 118 119 118 119 119 119 119 119 119 120 120 120 120
99 99 101 101 102 102 103 103 104 104 105 105 105 104 105 104 104 104 104 103 103 103 103 102 102 102 102 102 102 102 102 102 103 103 103 103 103 104 104 105 105 106 106 107 107 108 109 109 109 110 110 111 111 113 113 114 114 114 114 115 115 116 116 117 117 117 117 117 117 118 118 118 118 118 118 119 119 119 119 119 119 120 119 120 120 120 120
100 100 101 102 103 103 104 104 104 104 105 105 105 104 104 104 104 103 103 103 103 102 102 102 102 102 102 102 102 102 102 102 102 102 103 103 103 104 104 105 105 106 106 107 107 108 108 109 110 111 111 112 112 113 113 114 114 115 115 115 115 116 116 117 117 117 117 118 118 118 118 119 119 119 118 119 119 119 119 119 119 120 119 120 120 120 120
100 100 101 101 102 102 103 103 104 104 104 104 104 103 103 103 103 103 102 102 102 101 101 101 101 101 101 101 101 101 101 101 102 102 102 102 103 103 104 105 105 106 106 107 107 108 108 109 110 111 111 112 112 113 113 114 114 115 115 115 116 116 116 117 117 117 117 118 118 118 118 119 119 119 119 119 119 119 119 120 119 120 120 120 120 120 120
101 101 102 102 103 103 104 103 104 104 104 104 104 103 103 103 103 102 102 101 101 101 101 100 101 100 100 100 100 100 101 101 101 101 102 102 102 103 103 104 105 105 106 107 107 108 108 109 110 111 111 112 112 113 113 114 114 115 115 116 116 116 117 117 117 118 118 118 118 119 119 119 119 119 119 119 119 120 119 120 120 120 120 120 120 120 120
101 101 102 102 103 103 103 103 103 103 103 103 103 102 102 102 102 101 101 100 100 100 100 99 99 99 99 99 99 99 100 100 100 101 101 102 102 103 103 104 105 105 106 107 107 108 108 109 110 111 111 112 112 113 114 114 115 115 116 116 116 117 117 117 118 118 118 118 118 119 119 119 119 119 119 119 119 120 120 120 120 120 120 120 120 121 120
103 102 103 103 104 103 104 103 104 103 103 103 103 102 102 101 101 101 101 100 100 99 99 99 99 98 99 99 99 99 99 99 100 100 101 101 102 102 103 104 104 105 106 107 107 108 108 109 110 111 111 112 113 113 114 115 115 116 116 116 116 117 117 118 118 118 118 119 119 119 119 119 119 120 120 120 120 120 120 120 120 120 120 121 120 121 120
103 103 103 103 104 103 104 103 103 103 103 102 102 101 101 101 101 99 99 99 99 98 98 98 98 97 98 98 98 98 98 99 99 100 100 101 101 102 103 103 104 105 105 107 107 108 108 109 110 111 111 112 113 114 114 115 115 116 116 116 117 117 117 118 118 119 119 119 119 119 119 120 120 120 120 120 120 120 120 120 120 120 120 121 121 121 120
104 104 104 104 105 104 104 104 104 103 103 102 102 101 101 100 100 99 99 98 98 97 97 97 97 97 97 97 97 97 98 98 98 99 100 100 101 102 102 103 104 105 105 106 107 108 108 109 110 111 111 113 113 114 114 115 115 116 116 117 117 118 118 118 118 119 119 119 119 120 120 120 120 120 120 120 120 120 120 121 120 121 121 121 121 121 121
104 104 105 104 104 104 104 103 104 103 103 102 102 101 101 99 99 98 98 97 97 96 96 96 96 95 96 96 96 96 97 97 98 98 99 100 100 101 102 103 104 105 105 106 107 108 108 110 110 111 111 113 113 114 114 115 115 116 116 117 117 118 118 119 119 119 119 119 119 120 120 120 120 120 120 120 120 121 120 121 121 121 121 121 121 121 121
106 105 106 105 105 104 105 104 104 103 103 102 101 101 100 99 98 97 97 96 96 95 95 94 95 95 95 95 95 95 96 97 97 98 99 99 100 101 102 103 103 104 105 106 107 108 109 110 110 111 111 113 113 114 114 115 116 116 117 117 118 118 119 119 119 119 119 120 120 120 120 121 121 120 120 121 120 121 121 121 121 121 121 121 121 121 121
106 106 106 105 105 104 104 104 104 103 102 101 101 100 99 98 98 96 96 95 95 94 94 93 94 93 94 94 95 95 95 96 97 97 98 99 99 101 101 102 103 104 105 106 107 108 109 110 110 111 112 113 113 114 115 116 116 117 117 118 118 119 119 119 119 120 120 120 120 121 121 121 121 121 121 121 121 121 121 121 121 121 121 121 121 121 121
108 106 107 106 106 105 105 104 104 103 103 101 101 100 99 97 97 95 95 93 93 93 93 92 92 92 93 93 94 94 94 95 96 96 97 99 99 100 101 102 103 104 105 106 107 108 108 110 110 111 112 113 114 115 115 116 116 117 118 118 119 119 119 120 120 120 120 121 121 121 121 121 121 121 121 121 121 121 121 121 121 121 121 121 121 122 121
108 107 107 106 106 105 105 104 104 103 103 101 101 99 98 97 96 94 94 92 92 91 91 91 91 91 92 92 92 93 94 95 95 96 97 98 99 100 101 102 103 104 105 106 107 108 109 110 111 112 112 114 114 115 116 116 117 118 118 119 119 119 119 120 120 121 121 121 121 121 121 121 121 122 121 122 122 122 122 122 121 122 121 122 121 122 122
