14.asc
ncols        384
nrows        456
xllcorner    93.000000000000
yllcorner    -8.000000000000
cellsize     0.041666666667
NODATA_value 0
[rows 342 to 379 of 456, columns 174 to 260 of 384]
-32768 133 135 135 137 138 139 140 142 142 144 -32768 -32768 -32768 -32768 -32768 -32768 -32768 -32768 -32768 -32768 -32768 -32768 -32768 -32768 -32768 -32768 -32768 -32768 132 127 126 121 120 117 116 114 112 112 111 108 106 102 98 92 82 68 60 57 58 57 57 55 55 53 53 54 53 58 65 69 73 75 76 74 74 72 71 69 69 66 66 63 62 60 60 58 57 55 54 52 52 50 50 48 48 46
-32768 133 135 135 137 138 139 140 142 142 143 145 -32768 -32768 -32768 -32768 -32768 -32768 -32768 -32768 -32768 -32768 -32768 -32768 -32768 -32768 -32768 -32768 -32768 -32768 131 129 124 124 119 117 115 114 111 111 108 108 104 102 96 90 79 61 58 58 57 56 55 55 54 53 53 52 53 61 71 75 75 75 74 74 72 71 69 69 67 66 63 62 61 60 58 57 55 54 52 52 50 50 48 48 47
-32768 -32768 132 132 134 135 137 137 139 139 140 140 -32768 -32768 -32768 -32768 -32768 -32768 -32768 -32768 -32768 -32768 -32768 -32768 -32768 -32768 -32768 -32768 -32768 -32768 -32768 129 125 123 121 116 114 113 110 110 106 106 105 102 96 93 87 70 58 57 54 55 54 54 52 53 52 52 51 60 68 72 73 74 73 73 71 70 68 67 66 65 62 62 60 59 57 56 55 54 52 51 50 50 48 48 46
-32768 -32768 -32768 132 134 134 137 137 139 139 140 140 141 -32768 -32768 -32768 -32768 -32768 -32768 -32768 -32768 -32768 -32768 -32768 -32768 -32768 -32768 -32768 -32768 -32768 -32768 -32768 127 125 121 121 115 114 112 110 108 107 106 103 99 97 95 88 64 58 54 56 54 53 52 52 52 53 51 58 67 71 72 73 73 73 71 70 68 67 66 65 63 62 60 59 57 57 55 54 52 52 50 50 48 48 47
-32768 -32768 -32768 -32768 -32768 -32768 134 135 137 137 135 135 135 140 -32768 -32768 -32768 -32768 -32768 -32768 -32768 -32768 -32768 -32768 -32768 -32768 -32768 -32768 -32768 -32768 -32768 -32768 125 124 119 117 115 114 111 110 107 106 104 103 100 98 95 89 80 62 56 55 53 52 49 50 51 52 50 57 61 66 67 69 71 72 70 69 67 66 65 64 62 61 59 58 56 56 54 53 51 51 50 49 48 48 46
-32768 -32768 -32768 -32768 -32768 -32768 -32768 134 136 135 135 135 134 136 -32768 -32768 -32768 -32768 -32768 -32768 -32768 -32768 -32768 -32768 -32768 -32768 -32768 -32768 -32768 -32768 -32768 -32768 -32768 127 123 119 116 114 112 111 108 107 105 104 101 101 96 93 90 78 61 55 53 52 50 51 52 52 51 53 56 55 54 61 67 70 70 70 67 67 66 65 62 62 59 59 57 56 54 53 52 51 50 50 48 48 47
-32768 -32768 -32768 -32768 -32768 -32768 -32768 -32768 -32768 134 132 131 130 131 -32768 -32768 -32768 -32768 -32768 -32768 -32768 -32768 -32768 -32768 -32768 -32768 -32768 -32768 -32768 -32768 -32768 -32768 -32768 -32768 -32768 123 116 112 110 110 107 106 104 103 101 100 97 96 92 87 71 60 53 53 52 52 51 52 51 51 52 51 51 53 59 66 68 69 67 67 65 64 62 61 59 58 56 55 53 53 51 51 50 49 48 47 46
-32768 -32768 -32768 -32768 -32768 -32768 -32768 -32768 -32768 -32768 134 132 130 130 134 -32768 -32768 -32768 -32768 -32768 -32768 -32768 -32768 -32768 -32768 -32768 -32768 -32768 -32768 -32768 -32768 -32768 -32768 -32768 -32768 -32768 119 114 111 110 109 108 105 105 103 102 100 99 96 95 89 78 58 56 54 53 53 53 52 52 52 52 51 52 54 61 66 69 68 67 65 65 63 61 59 58 56 55 54 53 52 51 50 50 48 47 47
-32768 -32768 -32768 -32768 -32768 -32768 -32768 -32768 -32768 -32768 133 130 127 126 127 -32768 -32768 -32768 -32768 -32768 -32768 -32768 -32768 -32768 -32768 -32768 -32768 -32768 -32768 -32768 -32768 -32768 -32768 -32768 -32768 -32768 -32768 114 109 109 107 107 105 105 103 102 100 98 99 98 95 89 80 72 55 55 52 53 52 53 53 53 52 51 52 56 64 68 67 67 65 64 62 61 59 58 56 55 53 53 51 51 50 49 48 47 46
-32768 -32768 -32768 -32768 -32768 -32768 -32768 -32768 -32768 -32768 -32768 131 128 126 126 128 -32768 -32768 -32768 -32768 -32768 -32768 -32768 -32768 -32768 -32768 -32768 -32768 -32768 -32768 -32768 -32768 -32768 -32768 -32768 -32768 -32768 119 113 111 108 108 106 106 106 104 102 102 101 101 98 97 92 84 59 60 59 57 56 57 58 57 54 54 53 59 66 70 68 67 66 65 62 62 59 58 56 55 53 53 52 51 50 50 49 48 46
-32768 -32768 -32768 -32768 -32768 -32768 -32768 -32768 -32768 -32768 -32768 128 124 123 123 123 126 -32768 -32768 -32768 -32768 -32768 -32768 -32768 -32768 -32768 -32768 -32768 -32768 -32768 -32768 -32768 -32768 -32768 -32768 -32768 -32768 -32768 116 113 109 107 105 105 104 105 102 102 100 100 99 99 97 92 71 59 62 64 67 65 62 62 57 60 63 66 66 67 68 67 65 64 61 61 59 58 55 54 53 53 52 51 50 49 48 47 46
-32768 -32768 -32768 -32768 -32768 -32768 -32768 -32768 -32768 -32768 -32768 -32768 125 124 123 123 124 -32768 -32768 -32768 -32768 -32768 -32768 -32768 -32768 -32768 -32768 -32768 -32768 -32768 -32768 -32768 -32768 -32768 -32768 -32768 -32768 -32768 -32768 116 113 109 106 106 106 108 105 103 103 104 103 103 102 97 82 63 60 60 67 73 69 68 63 59 66 65 63 60 63 67 65 64 61 61 59 58 56 54 53 53 52 52 50 49 49 48 46
-32768 -32768 -32768 -32768 -32768 -32768 -32768 -32768 -32768 -32768 -32768 -32768 123 121 120 121 120 121 -32768 -32768 -32768 -32768 -32768 -32768 -32768 -32768 -32768 -32768 -32768 -32768 -32768 -32768 -32768 -32768 -32768 -32768 -32768 -32768 -32768 -32768 113 110 106 106 106 106 104 103 103 106 106 106 103 98 78 60 55 60 70 75 73 74 72 70 71 67 62 57 56 62 62 62 60 59 58 57 56 55 53 53 51 51 49 49 48 48 46
-32768 -32768 -32768 -32768 -32768 -32768 -32768 -32768 -32768 -32768 -32768 -32768 -32768 124 122 122 120 120 -32768 -32768 -32768 -32768 -32768 -32768 -32768 -32768 -32768 -32768 -32768 -32768 -32768 -32768 -32768 -32768 -32768 -32768 -32768 -32768 -32768 -32768 -32768 -32768 113 111 110 110 108 107 107 111 112 111 100 90 82 63 55 56 65 79 72 69 71 70 70 69 65 61 56 56 57 57 55 56 55 55 54 54 53 52 52 51 48 48 48 48 46
-32768 -32768 -32768 -32768 -32768 -32768 -32768 -32768 -32768 -32768 -32768 -32768 -32768 -32768 119 118 116 115 118 -32768 -32768 -32768 -32768 -32768 -32768 -32768 -32768 -32768 -32768 -32768 -32768 -32768 -32768 -32768 -32768 -32768 -32768 -32768 -32768 -32768 -32768 -32768 -32768 114 111 110 109 110 113 117 115 112 97 85 75 67 58 57 55 64 76 63 64 66 65 65 63 61 57 53 56 56 55 56 55 53 51 52 51 52 51 50 48 47 48 47 46
-32768 -32768 -32768 -32768 -32768 -32768 -32768 -32768 -32768 -32768 -32768 -32768 -32768 -32768 -32768 -32768 116 113 114 -32768 -32768 -32768 -32768 -32768 -32768 -32768 -32768 -32768 -32768 -32768 -32768 -32768 -32768 -32768 -32768 -32768 -32768 -32768 -32768 -32768 -32768 -32768 -32768 -32768 114 113 113 115 117 119 118 114 107 91 80 68 67 60 58 55 60 67 61 60 58 59 62 60 59 58 56 51 49 51 55 56 51 51 51 50 48 47 46 46 48 48 46
-32768 -32768 -32768 -32768 -32768 -32768 -32768 -32768 -32768 -32768 -32768 -32768 -32768 -32768 -32768 -32768 112 109 108 111 -32768 -32768 -32768 -32768 -32768 -32768 -32768 -32768 -32768 -32768 -32768 -32768 -32768 -32768 -32768 -32768 -32768 -32768 -32768 -32768 -32768 -32768 -32768 -32768 -32768 114 114 115 116 118 116 114 109 98 91 76 71 69 66 57 53 58 59 55 53 54 57 58 57 58 58 58 57 58 56 53 50 51 51 49 48 48 47 46 47 47 46
-32768 -32768 -32768 -32768 -32768 -32768 -32768 -32768 -32768 -32768 -32768 -32768 -32768 -32768 -32768 -32768 114 111 110 110 110 -32768 -32768 -32768 -32768 -32768 -32768 -32768 -32768 -32768 -32768 -32768 -32768 -32768 -32768 -32768 -32768 -32768 -32768 -32768 -32768 -32768 -32768 -32768 -32768 116 115 116 116 116 115 113 110 106 102 88 81 77 65 59 56 53 56 55 50 52 55 54 48 51 57 58 57 56 54 53 50 51 50 49 50 48 47 46 47 47 46
-32768 -32768 -32768 -32768 -32768 -32768 -32768 -32768 -32768 -32768 -32768 -32768 -32768 -32768 -32768 -32768 -32768 108 108 106 104 105 108 -32768 -32768 -32768 -32768 -32768 -32768 -32768 -32768 -32768 -32768 -32768 -32768 -32768 -32768 -32768 -32768 -32768 -32768 -32768 -32768 -32768 -32768 114 113 113 114 114 113 112 109 107 103 98 91 79 73 77 61 61 59 58 53 51 48 50 43 45 55 58 57 57 55 53 51 50 49 50 50 48 46 46 46 46 45
-32768 -32768 -32768 -32768 -32768 -32768 -32768 -32768 -32768 -32768 -32768 -32768 -32768 -32768 -32768 -32768 -32768 -32768 109 106 105 104 105 -32768 -32768 -32768 -32768 -32768 -32768 -32768 -32768 -32768 -32768 -32768 -32768 -32768 -32768 -32768 -32768 -32768 -32768 -32768 -32768 -32768 -32768 114 113 113 113 114 112 111 108 107 104 101 96 87 85 88 80 70 64 56 55 56 54 55 50 50 56 58 57 57 56 55 54 53 52 52 49 48 47 46 46 47 47
-32768 -32768 -32768 -32768 -32768 -32768 -32768 -32768 -32768 -32768 -32768 -32768 -32768 -32768 -32768 -32768 -32768 -32768 106 103 101 101 100 103 -32768 -32768 -32768 -32768 -32768 -32768 -32768 -32768 -32768 -32768 -32768 -32768 -32768 -32768 -32768 -32768 -32768 -32768 -32768 -32768 111 -32768 112 111 110 110 109 109 107 106 103 101 98 94 89 88 81 79 70 61 54 59 59 58 57 55 54 56 56 57 56 56 51 48 49 47 49 49 47 46 46 46 45
-32768 -32768 -32768 -32768 -32768 -32768 -32768 -32768 -32768 -32768 -32768 -32768 -32768 -32768 -32768 -32768 -32768 -32768 106 103 101 101 100 101 104 -32768 -32768 -32768 -32768 -32768 -32768 -32768 -32768 -32768 -32768 -32768 -32768 -32768 -32768 -32768 -32768 -32768 -32768 -32768 111 -32768 -32768 112 110 109 108 108 106 105 103 101 98 97 93 89 83 85 77 72 63 59 61 62 59 54 51 53 53 53 53 49 49 47 46 48 49 49 47 47 46 45 43
-32768 -32768 -32768 -32768 -32768 -32768 -32768 -32768 -32768 -32768 -32768 -32768 -32768 -32768 -32768 -32768 -32768 -32768 -32768 100 97 97 97 97 99 -32768 -32768 -32768 -32768 -32768 -32768 -32768 -32768 -32768 -32768 -32768 -32768 -32768 -32768 -32768 -32768 -32768 -32768 -32768 -32768 -32768 -32768 109 107 106 105 105 104 103 101 100 98 96 93 91 88 85 84 78 70 67 64 62 59 53 48 49 47 48 48 47 46 44 45 49 48 46 45 46 45 44 42
-32768 -32768 -32768 -32768 -32768 -32768 -32768 -32768 -32768 -32768 -32768 -32768 -32768 -32768 -32768 -32768 -32768 -32768 -32768 101 98 98 97 98 99 102 -32768 -32768 -32768 -32768 -32768 -32768 -32768 -32768 -32768 -32768 -32768 -32768 -32768 -32768 -32768 -32768 -32768 -32768 -32768 -32768 -32768 108 105 105 104 104 103 103 102 101 97 96 93 92 89 88 82 80 82 79 70 64 60 52 46 45 43 44 42 42 44 45 46 48 44 43 45 46 45 44 42
-32768 -32768 -32768 -32768 -32768 -32768 -32768 -32768 -32768 -32768 -32768 -32768 -32768 -32768 -32768 -32768 -32768 -32768 -32768 99 97 97 95 95 95 97 -32768 -32768 -32768 -32768 -32768 -32768 -32768 -32768 -32768 -32768 -32768 -32768 -32768 -32768 -32768 -32768 -32768 -32768 -32768 -32768 -32768 106 103 102 102 102 102 101 99 98 97 95 93 91 89 88 85 84 81 77 72 69 63 56 51 46 43 42 42 43 43 44 45 47 43 43 46 46 45 44 43
-32768 -32768 -32768 -32768 -32768 -32768 -32768 -32768 -32768 -32768 -32768 -32768 -32768 -32768 -32768 -32768 -32768 -32768 -32768 -32768 -32768 -32768 98 96 94 94 97 -32768 -32768 -32768 -32768 -32768 -32768 -32768 -32768 -32768 -32768 -32768 -32768 -32768 -32768 -32768 -32768 -32768 -32768 -32768 -32768 -32768 103 101 101 103 102 100 98 98 98 97 92 91 89 88 86 85 82 78 76 73 67 61 55 49 46 44 44 43 42 42 44 45 42 43 45 46 45 45 44
-32768 -32768 -32768 -32768 -32768 -32768 -32768 -32768 -32768 -32768 -32768 -32768 -32768 -32768 -32768 -32768 -32768 -32768 -32768 -32768 -32768 -32768 96 93 92 92 92 96 -32768 -32768 -32768 -32768 -32768 -32768 -32768 -32768 -32768 -32768 -32768 -32768 -32768 -32768 -32768 -32768 -32768 -32768 -32768 -32768 102 99 98 100 99 97 96 96 96 96 92 90 89 88 86 84 82 79 78 74 70 66 59 56 54 51 50 47 44 42 42 44 43 45 45 46 46 45 46
-32768 -32768 -32768 -32768 -32768 -32768 -32768 -32768 -32768 -32768 -32768 -32768 -32768 -32768 -32768 -32768 -32768 -32768 -32768 -32768 -32768 -32768 -32768 94 93 92 92 93 97 -32768 -32768 -32768 -32768 -32768 -32768 -32768 -32768 -32768 -32768 -32768 -32768 -32768 -32768 -32768 -32768 -32768 -32768 -32768 -32768 100 97 98 98 97 96 95 96 96 93 90 88 88 86 84 82 81 80 78 73 69 64 62 59 58 54 53 49 48 44 45 44 45 46 46 46 46 47
-32768 -32768 -32768 -32768 -32768 -32768 -32768 -32768 -32768 -32768 -32768 -32768 -32768 -32768 -32768 -32768 -32768 -32768 -32768 -32768 -32768 -32768 -32768 -32768 92 90 90 90 93 -32768 -32768 -32768 -32768 -32768 -32768 -32768 -32768 -32768 -32768 -32768 -32768 -32768 -32768 -32768 -32768 -32768 -32768 -32768 -32768 99 96 95 96 95 94 93 93 93 92 91 87 86 84 84 82 81 79 78 74 71 69 66 64 61 58 56 53 52 49 49 46 44 44 45 46 47 48
-32768 -32768 -32768 -32768 -32768 -32768 -32768 -32768 -32768 -32768 -32768 -32768 -32768 -32768 -32768 -32768 -32768 -32768 -32768 -32768 -32768 -32768 -32768 -32768 -32768 91 90 91 93 -32768 -32768 -32768 -32768 -32768 -32768 -32768 -32768 -32768 -32768 -32768 -32768 -32768 -32768 -32768 -32768 -32768 -32768 -32768 -32768 -32768 98 96 96 95 94 93 92 92 91 92 89 85 85 79 80 80 78 77 76 75 72 71 68 66 62 59 57 54 51 49 47 47 45 46 48 49 50
-32768 -32768 -32768 -32768 -32768 -32768 -32768 -32768 -32768 -32768 -32768 -32768 -32768 -32768 -32768 -32768 -32768 -32768 -32768 -32768 -32768 -32768 -32768 -32768 -32768 91 89 89 91 -32768 -32768 -32768 -32768 -32768 -32768 -32768 -32768 -32768 -32768 -32768 -32768 -32768 -32768 -32768 -32768 -32768 -32768 -32768 -32768 -32768 -32768 96 94 93 91 90 90 88 85 87 88 84 79 75 76 78 77 77 76 76 74 72 71 69 64 61 55 52 51 50 47 47 47 48 51 51 52
-32768 -32768 -32768 -32768 -32768 -32768 -32768 -32768 -32768 -32768 -32768 -32768 -32768 -32768 -32768 -32768 -32768 -32768 -32768 -32768 -32768 -32768 -32768 -32768 -32768 -32768 -32768 91 91 92 -32768 -32768 -32768 -32768 -32768 -32768 -32768 -32768 -32768 -32768 -32768 -32768 -32768 -32768 -32768 -32768 -32768 -32768 -32768 -32768 -32768 -32768 -32768 -32768 93 92 91 88 85 85 85 83 78 76 76 78 78 79 77 77 75 75 74 71 68 60 54 50 47 49 47 47 47 47 49 51 53
-32768 -32768 -32768 -32768 -32768 -32768 -32768 -32768 -32768 -32768 -32768 -32768 -32768 -32768 -32768 -32768 -32768 -32768 -32768 -32768 -32768 -32768 -32768 -32768 -32768 -32768 -32768 -32768 91 -32768 -32768 -32768 -32768 -32768 -32768 -32768 -32768 -32768 -32768 -32768 -32768 -32768 -32768 -32768 -32768 -32768 -32768 -32768 -32768 -32768 -32768 -32768 -32768 -32768 -32768 -32768 -32768 88 85 86 87 84 78 77 78 78 78 78 78 78 77 76 75 74 68 61 56 50 48 47 47 47 47 50 48 50 52
-32768 -32768 -32768 -32768 -32768 -32768 -32768 -32768 -32768 -32768 -32768 -32768 -32768 -32768 -32768 -32768 -32768 -32768 -32768 -32768 -32768 -32768 -32768 -32768 -32768 -32768 -32768 -32768 -32768 -32768 -32768 -32768 -32768 -32768 -32768 -32768 -32768 -32768 -32768 -32768 -32768 -32768 -32768 -32768 -32768 -32768 -32768 -32768 -32768 -32768 -32768 -32768 -32768 -32768 -32768 -32768 -32768 -32768 -32768 -32768 -32768 -32768 -32768 83 82 81 80 80 79 79 78 78 77 77 71 65 59 54 51 48 49 47 46 51 50 45 51
-32768 -32768 -32768 -32768 -32768 -32768 -32768 -32768 -32768 -32768 -32768 -32768 -32768 -32768 -32768 -32768 -32768 -32768 -32768 -32768 -32768 -32768 -32768 -32768 -32768 -32768 -32768 -32768 -32768 -32768 -32768 -32768 -32768 -32768 -32768 -32768 -32768 -32768 -32768 -32768 -32768 -32768 -32768 -32768 -32768 -32768 -32768 -32768 -32768 -32768 -32768 -32768 -32768 -32768 -32768 -32768 -32768 -32768 -32768 -32768 -32768 -32768 -32768 -32768 -32768 -32768 83 83 81 81 80 79 77 77 76 67 62 59 55 53 49 46 45 46 51 51 49
-32768 -32768 -32768 -32768 -32768 -32768 -32768 -32768 -32768 -32768 -32768 -32768 -32768 -32768 -32768 -32768 -32768 -32768 -32768 -32768 -32768 -32768 -32768 -32768 -32768 -32768 -32768 -32768 -32768 -32768 -32768 -32768 -32768 -32768 -32768 -32768 -32768 -32768 -32768 -32768 -32768 -32768 -32768 -32768 -32768 -32768 -32768 -32768 -32768 -32768 -32768 -32768 -32768 -32768 -32768 -32768 -32768 -32768 -32768 -32768 -32768 -32768 -32768 -32768 -32768 -32768 -32768 -32768 -32768 -32768 -32768 81 78 78 77 74 66 63 57 58 48 47 45 45 46 50 49
-32768 -32768 -32768 -32768 -32768 -32768 -32768 -32768 -32768 -32768 -32768 -32768 -32768 -32768 -32768 -32768 -32768 -32768 -32768 -32768 -32768 -32768 -32768 -32768 -32768 -32768 -32768 -32768 -32768 -32768 -32768 -32768 -32768 -32768 -32768 -32768 -32768 -32768 -32768 -32768 -32768 -32768 -32768 -32768 -32768 -32768 -32768 -32768 -32768 -32768 -32768 -32768 -32768 -32768 -32768 -32768 -32768 -32768 -32768 -32768 -32768 -32768 -32768 -32768 -32768 -32768 -32768 -32768 -32768 -32768 -32768 -32768 80 79 78 77 73 66 61 63 51 47 46 46 44 44 47
-32768 -32768 -32768 -32768 -32768 -32768 -32768 -32768 -32768 -32768 -32768 -32768 -32768 -32768 -32768 -32768 -32768 -32768 -32768 -32768 -32768 -32768 -32768 -32768 -32768 -32768 -32768 -32768 -32768 -32768 -32768 -32768 -32768 -32768 -32768 -32768 -32768 -32768 -32768 -32768 -32768 -32768 -32768 -32768 -32768 -32768 -32768 -32768 -32768 -32768 -32768 -32768 -32768 -32768 -32768 -32768 -32768 -32768 -32768 -32768 -32768 -32768 -32768 -32768 -32768 -32768 -32768 -32768 -32768 -32768 -32768 -32768 80 80 79 79 77 74 71 62 57 51 48 46 45 44 43
