14.asc
ncols        384
nrows        456
xllcorner    93.000000000000
yllcorner    -8.000000000000
cellsize     0.041666666667
NODATA_value 0
[rows 114 to 151 of 456, columns 87 to 173 of 384]
-32768 -32768 -32768 -32768 -32768 -32768 -32768 -32768 -32768 -32768 -32768 -32768 -32768 -32768 -32768 -32768 -32768 -32768 -32768 -32768 -32768 -32768 -32768 -32768 -32768 -32768 -32768 -32768 -32768 22 21 21 21 20 20 19 19 19 18 18 18 17 17 17 16 16 16 16 15 15 15 15 14 14 14 14 14 14 13 13 13 13 13 13 12 12 12 12 12 12 12 12 11 11 11 11 11 11 12 12 12 12 12 12 12 13 13
-32768 -32768 -32768 -32768 -32768 -32768 -32768 -32768 -32768 -32768 -32768 -32768 -32768 -32768 -32768 -32768 -32768 -32768 -32768 -32768 -32768 -32768 -32768 -32768 -32768 -32768 -32768 23 22 22 22 21 21 21 20 20 20 19 19 18 18 18 17 17 17 17 16 16 16 15 15 15 15 14 14 14 14 14 13 13 13 13 13 13 12 12 12 12 12 12 12 12 11 11 11 11 12 12 12 12 12 12 12 12 12 13 13
-32768 -32768 -32768 -32768 -32768 -32768 -32768 -32768 -32768 -32768 -32768 -32768 -32768 -32768 -32768 -32768 -32768 -32768 -32768 -32768 -32768 -32768 -32768 -32768 -32768 -32768 24 24 23 23 23 22 22 21 21 21 20 20 20 19 19 19 18 18 17 17 17 17 16 16 16 15 15 15 15 14 14 14 14 14 13 13 13 13 13 13 12 12 12 12 12 12 12 12 11 12 12 12 12 12 12 12 12 12 12 13 13
-32768 -32768 -32768 -32768 -32768 -32768 -32768 -32768 -32768 -32768 -32768 -32768 -32768 -32768 -32768 -32768 -32768 -32768 -32768 -32768 -32768 -32768 -32768 -32768 -32768 -32768 25 24 24 23 23 23 22 22 21 21 21 20 20 20 19 19 19 18 18 17 17 17 17 16 16 16 15 15 15 15 14 14 14 14 14 13 13 13 13 13 13 12 12 12 12 12 12 12 12 12 12 12 12 12 12 12 12 13 13 13 13
-32768 -32768 -32768 -32768 -32768 -32768 -32768 -32768 -32768 -32768 -32768 -32768 -32768 -32768 -32768 -32768 -32768 -32768 -32768 -32768 -32768 -32768 -32768 -32768 -32768 26 26 25 25 24 24 24 23 23 22 22 22 21 21 20 20 20 19 19 18 18 18 17 17 17 16 16 16 15 15 15 15 15 14 14 14 14 13 13 13 13 13 13 12 12 12 12 12 12 12 12 12 12 12 12 12 12 12 13 13 13 13
-32768 -32768 -32768 -32768 -32768 -32768 -32768 -32768 -32768 -32768 -32768 -32768 -32768 -32768 -32768 -32768 -32768 -32768 -32768 -32768 -32768 -32768 -32768 -32768 27 26 26 26 25 25 24 24 24 23 23 22 22 22 21 21 20 20 20 19 19 18 18 18 17 17 17 16 16 16 15 15 15 15 14 14 14 14 14 14 13 13 13 13 13 13 12 12 12 12 12 12 12 12 12 13 13 13 13 13 13 13 13
-32768 -32768 -32768 -32768 -32768 -32768 -32768 -32768 -32768 -32768 -32768 -32768 -32768 -32768 -32768 -32768 -32768 -32768 -32768 -32768 -32768 -32768 -32768 -32768 -32768 28 27 27 26 26 26 25 25 24 24 23 23 22 22 22 21 21 20 20 20 19 19 18 18 18 17 17 17 16 16 16 15 15 15 15 14 14 14 14 14 13 13 13 13 13 13 13 13 12 12 12 12 13 13 13 13 13 13 13 14 14 14
-32768 -32768 -32768 -32768 -32768 -32768 -32768 -32768 -32768 -32768 -32768 -32768 -32768 -32768 -32768 -32768 -32768 -32768 -32768 -32768 -32768 -32768 -32768 -32768 -32768 28 28 27 27 26 26 26 25 25 24 24 24 23 23 22 22 21 21 20 20 20 19 19 18 18 18 17 17 17 16 16 16 15 15 15 15 14 14 14 14 14 14 13 13 13 13 13 13 13 13 13 13 13 13 13 13 13 14 14 14 14 14
-32768 -32768 -32768 -32768 -32768 -32768 -32768 -32768 -32768 -32768 -32768 -32768 -32768 -32768 -32768 -32768 -32768 -32768 -32768 -32768 -32768 -32768 -32768 -32768 -32768 29 29 29 28 28 27 27 26 26 26 25 25 24 24 23 23 22 22 21 21 20 20 20 19 19 18 18 18 17 17 17 16 16 16 15 15 15 15 14 14 14 14 14 13 13 13 13 13 13 13 13 13 13 13 13 14 14 14 14 14 15 15
-32768 -32768 -32768 -32768 -32768 -32768 -32768 -32768 -32768 -32768 -32768 -32768 -32768 -32768 -32768 -32768 -32768 -32768 -32768 -32768 -32768 -32768 -32768 -32768 30 30 30 29 29 28 28 27 27 26 26 26 25 25 24 24 23 23 22 22 21 21 20 20 20 19 19 18 18 18 17 17 17 16 16 16 15 15 15 15 14 14 14 14 14 14 14 13 13 13 13 13 13 14 14 14 14 14 14 15 15 15 16
-32768 -32768 -32768 -32768 -32768 -32768 -32768 -32768 -32768 -32768 -32768 -32768 -32768 -32768 -32768 -32768 -32768 -32768 -32768 -32768 -32768 -32768 -32768 32 32 32 31 31 30 30 29 29 28 28 27 27 26 26 25 25 24 24 23 23 22 22 21 21 20 20 20 19 19 18 18 18 17 17 16 16 16 16 15 15 15 15 14 14 14 14 14 14 14 14 14 14 14 14 14 14 14 15 15 15 16 16 16
-32768 -32768 -32768 -32768 -32768 -32768 -32768 -32768 -32768 -32768 -32768 -32768 -32768 -32768 -32768 -32768 -32768 -32768 -32768 -32768 -32768 -32768 32 32 32 32 32 31 31 30 30 29 29 28 28 27 27 26 26 25 25 24 24 23 23 22 22 21 21 20 20 19 19 19 18 18 18 17 17 16 16 16 16 15 15 15 15 15 14 14 14 14 14 14 14 14 14 14 14 15 15 15 15 16 16 17 17
-32768 -32768 -32768 -32768 -32768 -32768 -32768 -32768 -32768 -32768 -32768 -32768 -32768 -32768 -32768 -32768 -32768 -32768 -32768 -32768 -32768 -32768 33 34 34 34 33 33 33 32 31 31 30 30 29 29 28 28 27 26 26 25 25 24 24 23 23 22 22 21 21 20 20 19 19 18 18 18 17 17 17 16 16 16 16 15 15 15 15 15 14 14 14 14 14 14 14 15 15 15 15 15 16 16 17 17 18
-32768 -32768 -32768 -32768 -32768 -32768 -32768 -32768 -32768 -32768 -32768 -32768 -32768 -32768 -32768 -32768 -32768 -32768 -32768 -32768 -32768 -32768 34 35 34 34 34 33 33 33 32 31 31 31 30 29 29 28 28 27 27 26 25 25 24 24 23 23 22 22 21 21 20 20 19 19 19 18 18 17 17 17 16 16 16 16 16 15 15 15 15 15 15 15 15 15 15 15 15 15 15 16 16 17 17 18 18
-32768 -32768 -32768 -32768 -32768 -32768 -32768 -32768 -32768 -32768 -32768 -32768 -32768 -32768 -32768 -32768 -32768 -32768 -32768 -32768 -32768 36 36 36 36 36 36 35 35 34 34 33 33 32 31 31 30 30 29 28 28 27 27 26 25 25 24 23 23 22 22 21 21 20 20 20 19 19 18 18 18 17 17 17 16 16 16 16 16 15 15 15 15 15 15 15 15 15 15 16 16 16 17 17 17 18 19
-32768 -32768 -32768 -32768 -32768 -32768 -32768 -32768 -32768 -32768 -32768 -32768 -32768 -32768 -32768 -32768 -32768 -32768 -32768 -32768 -32768 36 36 37 37 37 36 36 36 35 34 34 33 33 32 31 31 30 30 29 28 28 27 26 26 25 25 24 23 23 22 22 21 21 20 20 20 19 19 18 18 18 17 17 17 17 16 16 16 16 16 15 15 15 15 15 16 16 16 16 16 17 17 17 18 19 19
-32768 -32768 -32768 -32768 -32768 -32768 -32768 -32768 -32768 -32768 -32768 -32768 -32768 -32768 -32768 -32768 -32768 -32768 -32768 -32768 38 38 38 38 38 38 38 38 37 36 36 35 35 34 34 33 32 32 31 30 30 29 28 27 27 26 26 25 24 24 23 23 22 22 21 21 20 20 19 19 19 18 18 17 17 17 17 17 16 16 16 16 16 16 16 16 16 16 16 16 16 17 17 18 18 19 20
-32768 -32768 -32768 -32768 -32768 -32768 -32768 -32768 -32768 -32768 -32768 -32768 -32768 -32768 -32768 -32768 -32768 -32768 -32768 38 38 39 39 39 39 39 39 38 38 37 37 36 36 35 34 34 33 32 32 31 30 30 29 28 27 27 26 26 25 24 24 23 23 22 22 21 21 20 20 19 19 19 18 18 18 17 17 17 17 17 16 16 16 16 16 16 16 16 17 17 17 17 18 18 19 19 20
-32768 -32768 -32768 -32768 -32768 -32768 -32768 -32768 -32768 -32768 -32768 -32768 -32768 -32768 -32768 -32768 -32768 -32768 39 40 40 40 40 40 41 41 41 40 40 39 39 38 37 37 36 35 35 34 33 32 31 31 30 29 29 28 27 27 26 25 25 24 24 23 22 22 21 21 20 20 20 19 19 18 18 18 18 17 17 17 17 17 17 17 17 17 17 17 17 17 17 18 18 18 19 20 20
-32768 -32768 -32768 -32768 -32768 -32768 -32768 -32768 -32768 -32768 -32768 -32768 -32768 -32768 -32768 -32768 39 40 40 40 40 41 41 41 41 42 42 41 41 40 40 39 38 37 37 36 35 34 34 33 32 31 31 30 29 28 28 27 27 26 25 25 24 23 23 22 22 21 21 20 20 20 19 19 19 18 18 18 18 17 17 17 17 17 17 17 17 17 17 17 18 18 18 19 19 21 23
-32768 -32768 -32768 -32768 -32768 -32768 -32768 -32768 -32768 -32768 -32768 -32768 -32768 -32768 -32768 40 41 41 41 42 42 42 42 43 43 43 43 43 43 42 41 40 40 39 38 37 37 36 35 34 33 32 32 31 30 29 29 28 27 27 26 25 25 24 24 23 22 22 22 21 21 20 20 19 19 19 19 18 18 18 18 18 17 17 17 17 17 17 18 18 18 18 18 19 19 20 24
-32768 -32768 -32768 -32768 -32768 -32768 -32768 -32768 -32768 -32768 -32768 -32768 -32768 -32768 -32768 41 41 41 42 42 42 43 43 43 44 44 44 44 43 43 42 41 41 40 39 38 37 36 36 35 34 33 32 31 31 30 29 29 28 27 27 26 25 24 24 23 23 22 22 21 21 21 20 20 19 19 19 19 18 18 18 18 18 18 18 18 18 18 18 18 18 19 19 19 20 20 21
-32768 -32768 -32768 41 41 41 41 42 42 42 42 42 -32768 42 42 42 42 42 43 43 44 44 44 45 45 46 46 45 45 44 44 43 42 41 41 40 39 38 37 36 35 34 34 33 32 31 30 29 29 28 27 27 26 25 25 24 24 23 23 22 22 21 21 20 20 20 19 19 19 19 19 18 18 18 18 18 18 18 18 19 19 19 19 20 20 21 23
42 40 41 41 42 42 42 43 43 43 43 43 43 43 42 43 42 42 43 43 44 45 45 46 46 47 47 47 46 45 45 44 44 42 42 40 40 39 38 37 36 35 34 33 32 31 31 30 29 28 28 27 27 26 25 25 24 23 23 22 22 22 21 21 20 20 20 19 19 19 19 19 19 19 18 18 19 19 19 19 19 19 19 20 20 22 22
43 42 42 43 43 43 43 44 44 45 45 45 45 44 43 43 43 43 43 44 45 45 46 47 47 48 48 48 48 47 47 46 45 44 43 42 41 40 39 38 37 36 35 34 33 32 32 31 30 29 29 28 27 27 26 25 25 24 24 23 22 22 22 21 21 20 20 20 20 20 19 19 19 19 19 19 19 19 19 19 20 20 20 20 21 21 22
45 44 44 44 44 44 44 44 45 45 46 46 45 44 43 42 42 43 43 44 45 46 47 48 49 49 49 50 49 49 48 47 46 45 44 43 42 41 40 38 38 37 36 35 34 33 32 31 31 30 29 28 28 27 26 26 25 24 24 23 23 22 22 22 21 21 21 20 20 20 20 20 20 19 19 19 19 19 20 20 20 20 20 21 21 22 22
49 47 46 46 45 45 45 45 45 46 46 46 45 44 43 42 42 42 43 44 45 46 48 49 50 51 52 51 51 50 50 48 48 46 45 44 43 42 41 39 38 37 37 35 35 34 33 32 31 30 30 29 28 27 27 26 26 25 25 24 23 23 23 22 22 21 21 21 21 20 20 20 20 20 20 20 20 20 20 20 21 21 21 22 22 23 23
49 48 47 46 46 46 45 45 45 44 45 45 43 42 41 41 41 42 43 44 45 47 48 49 51 52 53 53 53 52 51 50 49 47 46 45 44 42 41 40 39 38 37 36 35 34 33 32 32 31 30 29 29 28 27 26 26 25 25 24 24 23 23 22 22 22 22 21 21 21 21 21 21 20 20 20 20 20 21 21 21 21 21 22 22 23 24
51 50 49 48 48 47 47 46 46 45 44 43 42 40 39 39 40 41 43 44 46 47 48 50 52 53 55 55 54 53 52 51 50 48 47 46 45 43 42 41 40 39 38 37 36 35 34 33 32 31 31 30 29 28 28 27 27 26 25 25 24 24 23 23 23 22 22 22 22 21 21 21 21 21 21 21 21 21 21 21 22 22 22 23 23 24 24
52 51 50 50 49 48 47 47 46 45 44 43 41 39 37 38 39 41 42 44 45 47 49 50 52 54 56 56 56 55 54 52 51 49 48 47 45 44 43 41 41 39 38 37 36 35 34 33 33 32 31 30 30 29 28 27 27 26 26 25 25 24 24 23 23 23 22 22 22 22 22 21 21 21 21 21 21 22 22 22 22 22 23 23 24 24 25
52 51 51 50 48 48 48 47 47 45 44 42 41 39 37 38 40 41 43 44 46 47 49 50 52 54 56 58 58 56 55 53 52 50 49 47 46 45 44 42 41 40 39 38 37 36 35 34 33 32 31 31 30 29 29 28 27 27 26 26 25 25 24 24 24 23 23 23 23 22 22 22 22 22 22 22 22 22 22 23 23 23 23 24 24 25 26
52 52 50 48 46 46 45 47 47 46 45 44 42 40 39 39 40 41 43 44 46 47 49 50 52 54 56 58 60 58 56 54 53 51 50 48 47 45 44 43 41 40 39 38 37 36 35 34 33 32 32 31 30 29 29 28 28 27 26 26 26 25 25 24 24 24 23 23 23 23 23 23 22 22 22 22 22 23 23 23 23 24 24 25 25 26 26
52 52 49 46 45 44 44 45 44 47 46 45 44 42 40 41 42 42 43 45 46 47 49 50 52 54 55 57 59 59 57 55 53 52 50 48 47 45 44 43 42 41 39 38 37 36 35 34 34 33 32 31 31 30 29 28 28 27 27 26 26 25 25 25 24 24 24 24 24 23 23 23 23 23 23 23 23 23 24 24 24 24 25 25 26 27 27
51 51 48 45 43 43 44 44 44 44 43 43 45 45 43 43 43 44 44 45 46 47 49 50 51 53 54 55 56 57 57 56 54 52 51 49 48 46 45 43 42 41 40 39 38 36 36 35 34 33 32 31 31 30 30 29 28 28 27 27 26 26 25 25 25 24 24 24 24 24 24 24 23 23 23 23 24 24 24 24 25 25 25 26 26 27 28
49 50 48 45 43 42 43 43 43 43 42 42 43 46 45 44 45 45 45 46 47 48 48 49 51 52 53 54 55 55 55 54 53 51 50 48 47 46 45 43 42 41 40 39 38 37 36 35 34 33 33 32 31 30 30 29 29 28 28 27 27 26 26 26 25 25 25 24 24 24 24 24 24 24 24 24 24 24 25 25 25 26 26 27 27 28 29
46 50 47 45 44 43 43 44 43 43 44 45 46 46 46 45 45 45 45 46 47 48 48 49 50 51 52 52 53 53 52 52 51 50 49 47 46 45 44 43 42 41 40 39 38 37 36 35 34 33 33 32 31 31 30 29 29 28 28 27 27 27 26 26 26 25 25 25 25 25 24 24 24 24 25 25 25 25 25 26 26 26 27 27 28 29 30
47 49 47 45 45 44 44 44 44 45 45 47 47 47 47 46 46 46 46 46 47 48 48 48 49 50 51 51 51 50 50 50 49 48 48 47 46 44 44 42 42 40 40 39 37 37 36 35 34 33 32 32 31 31 30 30 29 29 28 28 27 27 27 26 26 26 26 25 25 25 25 25 25 25 25 25 25 26 26 26 27 27 28 28 29 30 30
46 48 46 45 45 44 44 44 44 44 45 46 47 47 47 47 47 46 45 46 47 48 48 49 49 49 49 49 49 49 49 48 47 47 46 45 45 44 43 42 41 40 39 38 37 37 36 35 34 33 33 32 31 31 30 30 29 29 28 28 28 27 27 27 26 26 26 26 26 25 25 25 25 25 25 26 26 26 26 27 27 28 28 29 29 30 31
