15.asc
ncols        384
nrows        456
xllcorner    93.000000000000
yllcorner    -8.000000000000
cellsize     0.041666666667
NODATA_value 0
[rows 123 to 163 of 456, columns 91 to 181 of 384]
-32768 -32768 -32768 -32768 -32768 -32768 -32768 -32768 -32768 -32768 -32768 -32768 -32768 -32768 -32768 -32768 -32768 -32768 -32768 -32768 53 53 53 53 53 54 54 54 54 54 54 54 54 55 55 55 56 56 56 56 57 57 57 58 58 58 58 59 59 59 60 60 60 60 61 61 61 61 62 62 62 62 62 62 62 62 62 62 62 62 63 63 63 63 63 63 63 63 64 64 64 64 64 65 65 65 65 65 65 65 67
-32768 -32768 -32768 -32768 -32768 -32768 -32768 -32768 -32768 -32768 -32768 -32768 -32768 -32768 -32768 -32768 -32768 -32768 -32768 52 52 52 53 53 53 53 53 53 53 54 54 54 54 54 55 55 55 55 55 56 56 56 57 57 57 58 58 58 58 59 59 59 59 60 60 60 60 60 61 61 61 61 61 62 62 62 62 62 62 62 62 62 62 62 62 62 62 63 63 63 63 63 64 64 64 64 65 68 65 65 66
-32768 -32768 -32768 -32768 -32768 -32768 -32768 -32768 -32768 -32768 -32768 -32768 -32768 -32768 -32768 -32768 -32768 -32768 52 52 52 52 52 52 52 53 52 53 53 53 53 53 54 54 54 55 55 55 55 55 56 56 56 57 57 57 58 58 58 58 59 59 59 59 60 60 60 60 60 61 61 61 61 61 61 61 62 62 62 62 62 62 62 62 62 62 62 62 63 63 63 63 63 63 64 64 67 67 67 66 67
-32768 -32768 -32768 -32768 -32768 -32768 -32768 -32768 -32768 -32768 -32768 -32768 -32768 -32768 -32768 -32768 -32768 -32768 51 51 51 51 51 51 51 52 52 52 52 52 53 53 53 53 54 54 54 54 55 55 55 56 56 56 57 57 57 57 57 58 58 58 58 59 59 59 60 60 60 60 60 60 61 61 61 61 61 61 61 61 61 61 62 62 62 62 62 62 62 62 62 62 62 63 63 64 65 66 66 66 67
-32768 -32768 -32768 -32768 -32768 -32768 -32768 -32768 -32768 -32768 -32768 -32768 -32768 -32768 -32768 -32768 -32768 -32768 51 51 51 51 51 51 51 51 52 51 52 52 52 52 52 53 53 53 54 54 54 55 55 55 55 56 56 56 57 57 57 57 58 58 58 58 59 59 59 59 60 60 60 60 60 60 60 60 61 61 61 61 61 61 61 61 61 61 62 62 62 62 62 62 63 63 63 63 64 65 66 67 68
-32768 -32768 -32768 -32768 -32768 -32768 -32768 -32768 -32768 -32768 -32768 -32768 -32768 -32768 -32768 -32768 -32768 49 50 50 50 50 50 50 50 50 51 51 51 51 51 52 52 52 53 53 53 53 54 54 54 55 55 56 55 56 56 57 56 57 57 57 58 58 58 58 59 59 59 59 59 60 60 60 60 60 60 60 60 60 61 61 61 61 61 61 61 61 61 61 61 62 62 62 62 63 64 65 66 67 68
-32768 -32768 -32768 -32768 -32768 -32768 -32768 -32768 -32768 -32768 -32768 -32768 -32768 -32768 -32768 -32768 -32768 49 49 49 49 49 50 50 50 50 50 50 51 51 51 51 52 52 52 52 53 53 54 54 54 54 55 55 55 55 56 56 56 56 57 57 57 58 58 58 58 59 59 59 59 59 59 59 60 60 60 60 60 60 60 61 61 60 60 61 61 61 61 61 61 61 62 62 62 63 64 65 67 68 69
-32768 -32768 -32768 -32768 -32768 -32768 -32768 -32768 -32768 -32768 -32768 -32768 -32768 -32768 -32768 -32768 48 48 49 49 49 49 49 49 49 49 49 50 50 50 50 51 51 51 52 52 52 52 53 53 53 54 54 55 55 55 55 55 56 56 56 56 57 57 57 57 58 58 58 58 58 59 59 59 59 59 60 59 60 60 60 60 60 60 60 60 60 60 60 60 61 61 61 61 62 63 64 65 66 68 69
-32768 -32768 -32768 -32768 -32768 -32768 -32768 -32768 -32768 -32768 -32768 -32768 -32768 -32768 -32768 48 48 48 48 48 48 48 48 49 48 49 49 49 49 49 50 50 51 51 51 51 52 52 52 53 53 54 54 54 54 55 55 55 55 56 56 56 57 57 57 57 58 57 58 58 58 59 59 59 59 59 59 59 59 60 60 60 60 60 60 60 60 60 60 61 61 61 61 61 62 62 64 65 68 69 69
-32768 -32768 -32768 -32768 -32768 -32768 -32768 -32768 -32768 -32768 -32768 -32768 -32768 -32768 47 47 47 47 47 47 47 47 47 48 48 48 48 49 49 49 49 50 50 50 51 51 52 52 52 52 53 53 53 54 54 54 55 55 55 55 56 56 56 56 57 57 57 57 57 58 58 58 58 58 58 58 59 59 59 59 59 59 60 59 59 60 60 60 60 60 60 61 61 62 62 62 64 66 68 69 70
-32768 -32768 -32768 -32768 -32768 -32768 -32768 -32768 -32768 -32768 -32768 -32768 47 47 47 47 47 47 47 47 47 47 47 47 47 47 48 48 48 48 49 49 50 50 50 50 51 51 51 52 52 53 53 54 54 54 54 54 55 55 55 56 56 56 56 56 57 57 57 57 57 58 58 58 58 58 58 58 59 59 59 59 59 59 59 59 60 60 60 60 60 62 63 64 61 63 65 67 70 71 72
-32768 -32768 -32768 -32768 -32768 -32768 -32768 -32768 -32768 -32768 -32768 46 46 46 46 46 46 46 46 46 46 46 46 46 47 47 47 47 47 48 48 48 49 49 50 50 51 51 51 51 52 53 53 53 53 54 54 54 54 54 55 55 56 56 56 56 56 56 56 57 57 57 57 58 58 58 58 58 58 58 58 59 59 59 59 59 59 60 60 60 60 60 63 63 61 63 66 68 71 72 73
-32768 -32768 -32768 -32768 -32768 -32768 -32768 -32768 -32768 -32768 -32768 46 46 46 46 46 46 46 45 46 46 46 46 46 46 46 46 47 47 47 48 48 49 49 49 50 50 50 51 51 52 52 53 52 53 53 54 54 54 55 55 55 55 55 56 56 56 56 56 56 57 57 57 57 57 58 58 58 58 58 58 58 59 59 59 59 59 59 60 60 60 60 62 63 63 63 67 69 72 73 74
48 48 48 48 47 46 46 45 -32768 45 45 45 45 45 45 45 45 45 45 45 45 45 45 45 45 46 46 46 46 46 47 47 48 48 49 49 50 50 50 51 51 52 52 52 53 53 54 54 54 54 55 54 55 55 55 55 56 56 56 56 56 56 57 57 57 57 57 57 57 58 58 58 58 58 59 58 59 59 59 59 60 61 62 62 63 63 67 69 72 74 74
50 50 49 48 48 48 46 46 45 46 46 45 45 45 45 45 45 45 45 45 44 44 44 44 45 45 45 45 45 46 47 47 47 48 48 48 49 50 50 51 51 52 52 52 52 52 53 53 54 54 54 54 55 55 55 55 55 56 56 56 56 56 56 57 57 57 57 57 57 58 58 58 58 58 58 58 59 59 60 60 60 62 62 62 63 65 68 70 73 75 75
50 49 48 47 47 46 46 45 45 45 45 45 45 45 45 45 44 44 44 44 44 44 44 44 44 44 44 45 45 46 46 46 47 47 48 48 49 49 50 50 51 51 52 52 52 52 53 53 53 53 54 54 54 54 55 55 55 55 55 55 56 56 56 56 56 57 57 57 57 57 57 57 57 58 58 58 58 59 59 59 60 61 61 62 64 65 67 70 72 74 75
50 49 48 48 47 47 46 45 45 45 45 45 45 45 45 44 44 44 44 43 44 43 43 43 43 44 44 44 45 44 45 46 46 47 47 48 48 49 49 50 50 50 51 51 52 52 53 53 53 53 54 53 54 54 55 54 55 55 55 55 55 56 56 56 56 56 56 56 57 57 57 57 58 58 58 58 59 59 59 60 60 61 62 63 64 65 67 70 72 74 76
49 49 48 48 47 46 45 45 44 45 45 45 45 45 45 44 44 44 43 43 43 42 42 42 43 43 43 43 44 44 45 45 46 46 47 47 48 49 49 50 50 50 51 51 51 52 52 52 53 53 53 53 53 54 54 54 54 54 55 55 55 55 55 55 56 56 56 56 56 57 57 57 57 57 58 58 58 59 59 59 60 61 61 62 63 65 67 69 71 73 76
50 49 49 49 48 47 45 45 45 45 46 45 46 45 45 44 44 43 43 43 42 42 42 42 42 42 42 43 43 44 45 45 45 46 47 47 48 48 49 49 50 50 51 51 51 52 52 52 52 53 53 53 53 53 54 54 54 54 55 55 55 55 55 55 56 56 56 56 56 56 56 57 57 57 57 58 58 58 59 59 60 61 62 63 64 65 66 68 71 73 75
49 49 48 49 49 47 46 45 45 46 46 46 46 46 45 44 44 43 43 42 42 41 41 41 41 41 41 42 42 43 44 44 45 46 46 47 47 48 49 49 50 50 50 51 51 51 52 52 52 52 52 53 53 53 54 54 54 54 54 54 54 54 55 55 55 55 55 55 56 56 56 56 56 57 57 57 58 58 58 59 60 60 61 62 63 64 66 67 69 71 74
51 50 50 49 49 48 47 45 46 47 48 47 46 45 45 44 44 43 42 42 41 41 40 40 40 40 41 41 42 43 43 44 45 45 46 47 47 48 48 49 49 50 50 50 51 51 51 52 52 52 53 52 53 53 53 53 54 54 54 54 54 54 54 55 55 55 55 55 56 56 56 56 56 56 57 57 58 58 59 59 60 61 61 62 63 64 65 67 69 71 74
55 53 53 53 51 48 46 46 46 47 48 47 46 45 45 44 43 43 42 41 41 40 40 39 39 40 40 41 42 42 43 44 45 45 46 46 47 47 48 48 49 49 50 50 50 51 51 51 52 52 52 52 53 52 53 53 53 53 54 53 54 54 54 54 54 55 55 55 55 55 56 56 56 56 57 57 57 58 58 59 59 60 61 62 63 64 65 67 69 71 73
61 60 60 55 50 48 47 47 46 46 47 47 46 46 45 44 43 43 42 41 41 40 40 39 39 39 40 40 41 42 43 44 45 45 46 46 47 47 48 48 49 49 50 50 50 51 51 51 52 52 52 52 52 52 53 53 53 53 53 53 54 54 54 54 54 54 54 55 55 55 55 55 56 56 56 57 57 58 58 59 59 60 61 62 63 64 65 67 69 71 73
66 66 65 59 61 51 49 47 46 46 46 45 45 45 44 43 43 43 42 41 41 40 39 39 38 39 40 41 41 42 43 44 44 45 46 46 47 47 48 48 48 49 49 50 50 50 51 51 51 51 51 52 52 52 52 53 53 53 53 53 53 53 54 53 53 54 54 54 54 55 55 55 56 56 56 57 57 58 58 58 59 60 61 62 63 64 65 66 69 71 73
66 66 66 66 65 60 64 65 55 47 45 45 45 44 44 44 43 42 42 41 41 40 39 39 39 39 40 40 41 42 43 44 44 45 45 46 46 47 47 48 48 49 49 50 50 50 51 51 51 51 51 51 52 52 52 52 52 52 53 53 53 53 53 53 53 54 54 54 54 55 55 55 55 56 56 57 57 57 58 58 59 60 61 62 63 64 66 67 69 71 73
66 66 66 67 66 66 66 66 63 49 45 45 45 44 44 43 43 42 42 41 40 40 40 40 40 40 41 41 41 42 43 43 44 45 45 46 46 47 47 48 48 49 49 49 50 50 50 50 51 51 51 51 51 52 52 52 52 52 52 52 53 53 53 53 53 53 54 54 54 54 54 55 55 55 56 56 57 57 58 58 59 60 61 61 63 64 65 66 68 69 72
66 67 67 67 67 66 62 58 53 47 46 45 44 44 44 43 43 42 42 41 41 41 40 40 40 40 41 41 42 43 43 44 45 45 45 46 46 47 47 48 48 48 49 49 50 50 50 50 50 51 51 51 52 52 52 52 52 52 52 52 52 52 52 53 53 53 53 53 54 54 54 54 55 55 55 56 56 57 57 58 59 59 60 62 63 64 65 67 68 69 71
67 67 67 67 62 58 57 52 50 51 47 45 45 45 48 43 43 42 42 42 41 41 41 41 41 41 41 42 43 43 43 44 44 45 45 46 46 47 47 47 48 48 48 49 49 49 50 50 50 50 50 51 51 51 51 51 51 52 52 52 52 52 52 52 53 53 53 53 53 53 54 54 54 54 55 55 56 56 57 58 58 59 60 61 62 63 65 65 67 68 69
67 67 67 65 65 60 58 54 53 48 45 46 47 50 52 49 43 42 42 42 42 41 41 41 42 42 42 42 43 43 44 44 45 45 45 46 46 47 47 47 48 48 49 49 49 49 50 50 50 50 51 50 51 51 51 51 51 51 51 52 52 52 52 52 52 52 53 53 53 53 54 54 54 55 55 55 56 56 57 57 58 59 60 61 62 63 65 65 67 68 69
67 67 67 67 67 67 63 54 49 46 48 51 55 54 63 58 45 43 42 42 42 42 42 42 42 42 43 43 44 44 44 44 45 45 45 46 46 46 47 47 48 48 48 49 49 49 49 50 50 50 50 50 50 51 51 51 51 51 51 51 51 52 52 52 52 52 52 52 53 53 53 53 54 54 54 55 55 56 56 57 58 58 59 60 61 62 63 64 66 67 68
67 67 67 66 67 68 67 59 58 55 55 56 58 56 60 64 55 43 43 42 42 42 42 42 43 43 44 44 44 44 45 45 45 45 45 46 46 46 47 47 48 48 48 48 49 49 49 49 50 50 50 50 51 50 51 51 51 51 51 51 51 51 52 51 52 52 52 52 53 52 53 53 54 54 54 54 55 55 56 57 58 58 59 60 61 62 63 64 65 66 68
67 68 68 68 68 68 67 66 61 58 62 63 64 59 57 59 59 45 43 42 42 42 42 43 43 43 44 44 45 44 45 45 45 45 45 46 46 46 47 47 48 47 48 48 48 49 49 49 50 49 50 50 50 50 50 50 51 51 51 51 51 51 51 51 51 52 52 52 52 52 53 52 53 53 54 54 54 55 55 56 57 57 58 59 60 61 62 63 64 65 66
67 68 68 68 68 68 67 67 65 55 58 66 64 62 59 60 51 44 43 43 43 42 43 43 43 44 44 45 45 45 45 45 45 45 46 46 46 46 46 47 47 48 48 48 48 48 49 49 50 50 50 50 50 50 50 50 50 51 51 51 51 51 51 51 51 51 52 52 52 52 52 52 53 53 53 54 54 55 55 56 57 58 58 59 60 61 62 63 64 64 65
67 66 65 67 65 64 60 60 57 53 51 63 65 65 62 62 51 45 44 43 43 43 43 43 43 44 44 45 46 45 45 45 45 45 45 46 46 46 47 47 47 48 48 48 48 48 49 49 49 49 50 50 50 50 50 50 50 50 51 50 51 50 51 51 51 51 51 51 51 51 52 52 52 52 53 53 53 54 55 55 56 56 57 58 59 59 60 61 62 63 64
68 67 67 68 65 58 58 55 53 50 49 57 63 66 58 55 49 48 45 46 45 43 43 43 43 43 44 45 45 45 45 45 45 45 45 45 46 46 46 47 47 47 48 48 48 49 49 49 49 49 49 50 50 50 50 50 50 50 50 50 50 50 50 51 51 51 51 51 51 51 51 52 52 52 53 53 53 54 54 55 55 56 57 57 59 59 60 61 62 62 63
67 68 68 67 63 60 57 53 53 51 52 56 67 67 62 53 51 47 46 48 53 50 44 43 44 44 44 44 45 45 45 45 45 45 45 45 46 46 47 47 47 47 47 48 48 48 48 49 49 49 49 49 50 50 50 50 50 50 50 50 50 50 50 50 50 50 50 50 51 51 51 51 51 52 52 52 53 53 53 54 54 55 56 56 57 58 59 59 60 61 62
68 68 68 68 68 67 66 60 54 58 58 63 67 67 62 61 55 53 48 45 45 46 44 44 44 44 44 44 45 45 45 45 45 45 45 45 46 46 46 47 47 47 47 48 48 48 49 49 49 49 49 49 49 50 50 50 50 50 50 50 50 50 50 50 50 50 50 50 50 50 51 51 51 51 52 52 53 53 53 54 54 54 55 56 57 57 58 59 60 60 61
67 67 68 68 68 68 67 63 57 60 65 64 68 68 67 66 61 56 56 49 45 44 44 46 44 44 44 44 44 45 45 45 45 45 45 45 46 46 46 46 47 47 47 48 48 48 49 48 49 49 49 49 49 49 50 50 50 50 50 50 50 50 50 50 50 50 50 50 50 50 50 50 50 51 51 51 52 52 52 53 53 54 54 55 56 56 57 57 58 59 60
67 68 68 68 68 69 69 69 66 67 68 66 67 69 68 69 65 59 52 53 52 49 45 44 44 45 45 44 45 45 45 45 45 45 45 46 46 46 46 47 47 47 47 47 48 48 48 48 49 49 49 49 49 49 49 49 50 50 50 50 50 50 50 50 50 50 50 50 50 50 50 50 50 51 51 51 51 52 52 52 53 53 54 55 55 56 56 57 58 58 59
67 68 68 68 68 68 69 69 69 68 69 69 68 68 68 69 67 63 54 51 48 49 50 46 45 45 45 45 45 45 45 45 45 45 45 46 46 46 46 47 47 47 47 47 48 48 48 48 49 49 49 49 49 49 49 49 49 49 49 49 50 50 49 49 50 50 50 50 50 49 50 50 50 50 50 50 51 51 51 52 52 52 53 53 54 54 55 55 56 57 58
68 68 68 65 66 69 69 69 69 69 69 69 68 69 68 69 67 59 53 59 48 49 53 47 45 45 45 45 45 45 45 45 45 45 45 45 46 46 46 47 47 47 47 48 48 48 48 48 49 48 49 49 49 49 49 49 50 50 50 49 49 49 49 49 49 49 49 49 49 49 49 50 49 50 50 50 51 51 51 51 52 52 52 53 53 53 54 55 55 56 57
