15.asc
ncols        384
nrows        456
xllcorner    93.000000000000
yllcorner    -8.000000000000
cellsize     0.041666666667
NODATA_value 0
[rows 82 to 122 of 456, columns 182 to 272 of 384]
61 61 61 61 61 61 61 60 61 60 61 60 60 60 60 60 60 60 59 59 59 58 58 57 58 57 57 56 56 56 56 56 56 56 56 56 55 55 56 55 56 55 55 55 56 56 56 56 56 56 56 57 57 57 57 58 58 58 58 58 59 59 60 60 61 61 61 61 62 63 63 64 64 65 65 66 67 67 68 68 69 69 70 71 71 72 73 73 74 75 75
61 60 61 61 61 61 61 61 61 61 61 61 60 60 60 60 60 60 59 59 59 58 58 58 57 58 57 57 56 56 56 56 56 56 56 56 56 55 56 55 55 55 55 55 56 55 56 55 56 56 56 56 57 57 57 57 58 58 58 58 59 59 59 60 60 60 61 61 62 62 63 63 64 64 65 66 66 66 67 68 68 69 70 70 71 71 72 73 74 74 75
61 61 61 60 61 60 61 61 61 61 61 60 60 60 60 60 60 59 59 59 58 58 58 58 57 57 57 56 56 56 56 56 56 55 55 55 55 55 55 55 55 55 55 55 55 55 55 55 55 56 56 56 56 56 56 57 57 57 58 58 58 58 59 59 59 60 60 61 61 61 62 63 63 63 64 65 65 66 67 67 68 68 69 69 71 71 72 72 73 73 74
61 60 60 60 60 61 61 60 61 60 61 61 60 60 60 60 60 60 59 59 59 58 58 58 58 57 57 56 57 56 56 56 56 56 55 55 55 55 55 55 55 54 55 55 55 55 55 55 55 55 55 56 56 56 56 56 57 57 57 57 58 58 58 59 59 59 60 60 61 61 62 62 63 63 64 64 65 65 66 66 68 68 68 69 70 70 71 72 73 73 74
60 60 60 60 61 60 61 60 60 61 61 60 61 60 60 60 60 60 59 59 59 58 58 58 57 57 57 56 56 56 56 56 55 55 55 55 55 54 55 54 55 54 54 54 55 55 55 54 55 55 55 55 55 55 55 56 56 56 56 57 57 57 58 58 59 59 59 60 60 60 61 62 62 63 63 63 64 64 65 66 67 67 68 68 69 70 70 71 72 73 74
60 60 60 60 61 61 61 60 61 60 61 60 61 60 60 60 60 59 60 59 59 58 58 57 57 57 57 57 56 56 56 56 55 55 55 54 55 55 54 54 54 54 54 54 55 54 55 54 55 55 55 55 55 55 55 56 56 56 56 57 57 57 58 58 58 58 59 59 60 60 61 61 62 62 63 63 64 64 65 66 66 67 68 68 69 70 70 71 72 72 73
60 60 59 60 60 61 60 60 60 60 60 60 60 60 60 60 60 60 59 59 59 58 58 58 57 56 57 56 56 56 55 55 55 55 55 54 54 54 54 54 54 54 54 54 54 54 54 54 54 54 54 55 55 55 55 55 55 56 56 56 56 56 57 57 57 58 58 58 59 59 60 60 61 61 62 62 63 64 64 65 65 66 67 67 68 69 69 70 71 71 72
59 59 60 60 60 60 60 60 61 60 61 60 61 60 60 60 59 60 60 59 59 58 58 57 57 57 57 56 56 55 55 55 55 55 55 54 54 54 54 54 54 54 54 54 54 54 54 54 54 54 54 54 55 54 55 55 55 55 55 55 56 56 56 57 57 57 58 58 58 59 60 60 61 61 61 62 63 63 64 64 65 66 66 67 68 68 69 69 70 71 72
59 59 59 59 60 60 60 60 60 60 60 60 60 60 60 60 60 59 59 59 59 58 58 57 57 57 56 56 55 55 55 55 54 54 54 54 54 54 54 54 53 53 53 53 53 54 54 54 54 54 54 54 54 54 54 54 55 54 55 55 55 56 56 56 56 57 57 57 58 58 59 59 60 60 61 61 62 62 63 64 64 65 66 66 67 68 68 69 70 70 71
59 59 59 59 59 60 60 60 61 60 61 60 60 60 60 60 60 60 60 59 59 58 58 57 57 57 56 56 55 55 55 55 54 54 54 54 54 54 53 53 54 53 53 53 53 53 53 53 54 53 54 54 54 54 54 54 54 54 54 55 55 55 55 56 56 56 57 57 58 58 58 59 60 60 61 61 62 62 63 63 64 64 65 66 67 67 68 69 69 70 71
59 58 59 59 59 59 60 60 60 60 61 60 61 60 60 60 60 59 59 59 59 58 58 57 57 56 56 56 55 55 55 54 54 54 54 54 53 53 53 53 53 53 53 53 53 53 53 53 53 53 53 53 53 53 53 53 54 54 54 54 54 54 55 55 55 55 56 56 57 57 58 58 59 59 60 60 61 61 62 62 63 64 65 65 66 66 67 68 69 69 70
59 59 59 59 59 59 60 59 60 60 60 60 61 61 60 60 60 60 59 59 59 58 58 57 57 56 56 55 55 55 54 54 54 54 54 53 53 53 53 53 53 53 53 53 53 53 53 53 53 53 53 53 53 53 53 53 53 53 54 54 54 54 55 55 55 55 56 56 56 57 57 58 58 59 59 60 60 61 61 62 63 63 64 65 65 66 67 68 68 69 70
58 58 59 59 59 59 59 59 59 59 60 60 61 60 60 60 60 60 59 59 58 58 58 57 56 56 56 55 54 54 54 54 53 53 53 53 53 53 53 52 53 52 52 52 53 52 52 52 52 52 53 52 53 52 53 52 53 53 53 53 53 54 54 54 54 54 55 55 56 56 56 57 57 58 59 59 60 60 61 61 62 63 63 64 65 65 66 67 67 68 69
60 60 59 59 59 59 59 59 59 59 60 60 60 61 61 60 60 59 60 59 59 58 57 57 56 55 55 55 54 54 54 53 54 53 53 53 52 52 52 52 53 52 53 52 53 52 52 52 52 52 52 53 52 53 53 53 53 53 53 53 53 53 54 54 54 54 55 55 56 56 56 57 57 58 58 59 59 60 60 61 62 62 63 63 64 65 66 66 67 68 69
60 59 59 59 59 59 59 59 59 59 60 60 60 60 60 60 60 60 59 59 58 57 57 56 55 55 55 54 54 53 53 53 53 52 52 52 52 52 52 52 52 52 52 52 52 52 52 52 52 52 52 52 52 52 52 52 52 52 52 52 53 53 53 53 54 53 54 54 55 55 56 56 56 57 57 58 58 59 60 60 61 61 62 63 64 64 65 65 67 67 68
63 61 60 60 60 59 59 59 59 59 59 60 60 60 60 60 60 60 59 59 58 57 57 56 55 55 54 54 53 53 53 52 53 52 52 52 52 52 52 52 52 52 52 52 52 52 52 52 52 52 52 52 52 52 52 52 52 52 52 52 52 53 53 53 53 54 54 54 54 55 55 56 56 56 57 57 58 58 59 60 60 61 62 62 63 64 65 65 66 67 67
64 61 60 59 60 59 59 59 59 59 59 59 59 59 60 60 60 60 59 58 57 57 56 55 54 54 54 53 53 53 52 52 52 52 52 51 52 51 52 51 52 52 52 52 52 51 51 51 51 51 52 51 51 52 52 51 52 52 51 52 52 52 52 52 53 53 53 53 54 54 55 55 55 56 56 57 57 58 59 59 60 60 61 62 62 63 64 64 65 66 67
64 62 62 61 61 60 60 60 59 59 59 59 59 59 60 59 60 60 59 58 57 56 56 55 54 53 53 53 53 52 52 52 52 51 51 51 52 52 52 51 51 52 52 51 51 52 52 51 51 52 51 51 51 51 52 51 51 51 51 52 52 52 52 52 52 53 53 53 54 54 54 55 55 56 56 56 57 58 58 59 59 60 61 61 62 63 63 64 65 65 66
65 63 62 61 61 61 61 59 59 58 59 59 59 59 59 59 59 58 58 57 56 55 54 54 53 53 53 52 52 51 51 51 51 51 51 51 51 51 51 51 51 51 51 51 51 51 51 51 51 51 51 51 51 51 51 51 51 51 51 51 51 51 52 52 52 52 52 53 53 53 54 54 55 55 56 56 56 57 58 58 59 59 60 61 61 62 63 63 64 65 66
66 64 64 63 63 63 61 60 60 59 58 58 58 59 58 58 58 57 56 56 55 54 54 53 53 52 52 51 51 51 51 51 51 50 50 50 51 51 51 51 51 51 51 51 51 51 51 51 51 51 51 51 51 51 51 51 51 51 51 51 51 51 52 51 52 52 52 53 53 53 53 54 54 55 55 56 56 56 57 58 58 59 60 60 61 61 62 63 64 64 65
66 65 64 63 63 62 61 60 59 59 58 58 58 57 57 56 56 56 55 54 54 53 53 52 52 51 51 51 51 50 50 50 50 50 50 50 50 50 51 51 51 51 51 51 51 51 51 51 51 51 51 50 50 51 50 50 51 50 50 51 51 51 51 51 51 51 52 52 52 52 53 53 54 54 55 55 55 56 57 57 58 58 59 59 60 61 61 62 63 64 65
68 67 66 65 65 64 63 61 60 59 59 58 58 57 57 56 55 54 54 53 53 52 52 52 51 50 50 50 50 50 50 50 50 50 50 50 50 50 50 50 51 51 51 51 51 51 51 51 51 51 51 51 50 50 50 50 50 51 51 50 51 51 51 51 51 51 51 52 52 52 53 53 54 54 54 55 55 56 56 57 58 58 59 59 60 61 61 62 63 63 64
69 68 67 65 66 64 63 61 60 59 58 58 62 58 55 54 54 54 53 52 52 52 51 50 50 50 50 49 49 49 49 49 49 49 49 49 50 49 50 50 50 50 51 51 51 51 50 50 51 50 50 50 50 50 50 50 50 50 50 50 50 50 50 51 51 51 51 51 52 52 52 52 53 53 54 54 55 55 56 56 57 57 58 58 59 60 60 61 62 63 63
71 70 68 67 67 66 64 63 62 60 59 61 62 58 56 54 54 53 53 52 51 50 50 50 50 49 49 48 48 48 48 48 48 49 49 49 49 49 50 50 50 50 50 51 51 50 51 50 51 50 50 50 50 50 50 50 50 50 50 50 50 50 50 50 50 51 51 51 51 52 52 52 53 53 54 54 54 55 55 56 57 57 58 58 59 60 60 61 62 62 63
71 71 69 68 68 67 65 63 62 61 61 61 59 58 55 54 53 52 52 51 51 50 50 51 51 48 48 48 47 47 47 47 47 47 48 48 49 49 49 50 50 50 50 50 50 50 50 50 50 50 50 50 50 50 50 50 50 50 50 50 50 50 50 50 50 50 51 51 51 51 52 52 52 53 53 53 54 54 55 55 56 56 57 57 58 59 60 60 61 62 63
71 73 71 71 69 68 67 66 64 62 61 60 59 57 56 54 53 52 51 51 50 50 49 50 52 48 47 47 47 47 47 47 47 47 47 48 48 49 49 49 50 50 50 50 50 51 50 50 50 50 50 50 50 50 50 50 50 50 50 50 50 50 50 50 50 50 51 51 51 51 52 52 52 52 53 53 54 54 55 55 56 56 57 57 58 58 59 60 61 61 62
71 72 72 71 70 69 68 67 65 63 61 60 58 57 55 54 55 53 51 50 50 49 48 48 51 48 46 46 46 46 46 46 46 46 47 47 48 48 49 49 50 50 50 50 50 50 50 50 50 50 50 50 50 50 49 49 49 49 49 49 49 50 50 50 50 50 50 50 51 51 51 51 52 52 52 53 53 54 54 54 55 56 56 57 57 58 58 59 60 61 61
74 72 73 72 72 70 70 68 66 65 62 63 60 59 58 56 54 56 52 52 51 49 49 48 47 47 46 45 46 45 45 45 45 46 46 47 47 48 49 49 49 50 50 50 50 50 50 50 50 50 50 50 49 49 49 49 49 49 49 49 49 49 49 49 50 50 50 50 51 51 51 51 52 52 52 53 53 53 54 54 55 55 56 56 57 58 58 59 60 60 61
75 75 74 73 72 71 69 68 67 66 63 62 61 58 57 56 54 56 53 51 50 48 48 48 48 47 45 45 44 44 44 44 44 45 45 46 47 47 48 49 49 50 50 50 50 50 50 50 50 49 49 49 49 49 49 49 49 49 49 49 49 49 50 49 50 50 50 50 50 51 51 51 51 52 52 52 53 53 54 54 54 55 55 56 56 57 58 58 59 60 60
77 76 75 75 73 72 70 69 68 67 64 63 62 61 59 58 55 54 57 55 51 49 48 47 46 46 45 44 44 43 44 44 44 44 45 45 46 47 48 49 49 50 50 50 50 50 50 50 49 49 49 49 49 49 49 49 49 49 49 49 49 49 49 49 50 50 50 50 50 50 51 51 51 51 52 52 52 53 53 54 54 54 55 56 56 57 57 58 59 59 60
77 77 76 75 73 72 71 69 68 67 65 64 63 62 60 57 55 54 54 57 51 48 48 47 48 45 44 43 43 43 43 43 43 43 44 44 45 46 47 48 49 50 50 49 50 49 49 49 49 49 49 49 49 49 49 49 49 49 49 49 49 49 49 49 50 50 50 50 50 50 51 51 51 51 52 52 52 52 53 53 54 54 55 55 56 56 57 57 58 59 60
78 78 77 76 74 73 72 71 69 68 66 65 64 63 62 57 56 56 55 56 51 49 48 48 51 45 44 43 43 43 42 42 42 42 43 43 45 46 47 48 49 50 50 49 49 49 49 49 49 49 48 48 48 48 48 48 48 49 49 49 49 49 49 49 49 49 50 50 50 50 51 51 51 51 51 52 52 52 53 53 54 54 55 55 55 56 57 57 58 59 59
78 77 76 75 75 73 72 70 69 68 66 65 64 63 60 58 56 57 54 53 51 49 48 50 51 46 44 43 43 42 41 41 41 41 41 42 43 45 46 47 49 49 49 49 49 49 48 49 48 48 48 48 48 48 48 48 48 48 48 49 49 49 49 49 49 49 50 50 50 50 50 50 51 51 51 52 52 52 52 53 53 54 54 54 55 56 56 56 57 58 59
77 77 77 76 75 74 72 71 70 68 67 66 65 64 61 59 57 57 58 59 54 49 48 49 49 48 44 43 44 43 41 41 41 40 40 41 42 44 45 46 48 49 49 48 48 48 48 48 48 48 48 48 48 48 48 48 48 48 48 49 48 49 49 49 49 49 50 50 50 50 50 51 51 51 51 52 52 52 52 53 53 53 54 54 55 55 56 56 57 58 58
76 77 76 75 74 73 72 71 70 69 67 65 65 64 61 60 57 57 59 58 57 51 48 48 48 46 44 43 46 48 41 40 40 39 39 39 40 41 43 44 46 47 47 47 47 47 47 47 47 47 47 48 47 48 48 48 48 48 48 48 48 49 49 49 49 49 50 50 50 50 50 51 51 51 51 51 52 52 52 52 53 53 54 54 55 55 55 56 57 57 58
75 76 76 76 75 74 73 72 70 69 68 67 65 64 62 61 58 58 59 56 58 55 50 47 48 46 44 43 44 50 41 40 40 39 39 38 39 39 41 42 43 45 45 45 45 46 46 46 46 47 47 47 47 47 47 47 47 48 48 48 48 49 49 49 49 50 50 50 50 50 50 50 51 51 51 51 52 52 52 52 53 53 54 54 54 55 55 56 56 57 58
74 75 75 75 74 73 72 71 70 69 67 66 64 64 62 60 59 58 56 55 56 57 54 47 46 45 45 44 44 49 41 40 40 39 39 38 38 38 39 40 41 42 43 44 44 45 45 46 46 46 46 46 47 47 47 47 47 48 48 48 48 49 49 49 49 50 50 50 50 50 50 51 51 51 51 51 51 52 52 52 52 53 53 53 54 54 55 55 56 56 57
72 74 74 74 73 73 72 70 70 70 68 67 65 65 63 62 60 60 57 55 56 57 51 50 47 46 45 44 44 44 41 41 40 40 39 38 37 37 38 39 39 40 41 42 43 44 44 45 45 46 45 46 46 46 46 47 47 47 48 48 48 48 49 49 49 49 50 50 50 50 50 51 51 51 51 51 52 51 52 52 52 53 53 53 54 54 55 55 56 56 57
71 71 72 72 73 72 72 70 69 68 68 67 65 65 63 62 61 59 57 57 59 58 53 49 49 47 45 44 43 43 41 41 40 40 39 38 37 37 37 37 38 39 40 41 42 43 44 44 44 45 45 45 46 46 46 46 47 47 47 48 48 48 49 49 50 50 50 50 50 50 51 51 51 51 51 51 52 51 52 52 52 52 53 53 54 54 55 55 55 56 57
70 72 71 72 72 72 69 71 71 68 66 67 66 65 64 63 62 60 58 57 59 60 58 54 51 47 47 44 43 43 41 41 40 40 39 38 37 37 37 37 37 37 38 39 41 42 43 43 44 44 44 44 45 45 45 46 46 47 47 48 48 48 49 49 50 50 50 50 50 51 51 50 51 51 51 51 51 51 52 52 52 52 53 53 53 54 54 55 55 56 56
68 69 71 71 72 71 70 71 70 69 66 66 66 65 64 63 61 61 58 58 57 59 59 56 52 48 47 44 44 44 42 41 40 39 39 38 37 37 36 36 36 36 37 38 39 41 42 42 43 43 43 43 43 44 45 45 46 46 47 48 48 48 49 49 49 50 50 51 51 51 51 51 51 51 51 51 51 51 52 52 52 52 53 53 53 53 54 54 55 55 56
