15.asc
ncols        384
nrows        456
xllcorner    93.000000000000
yllcorner    -8.000000000000
cellsize     0.041666666667
NODATA_value 0
[rows 164 to 204 of 456, columns 91 to 181 of 384]
67 68 66 61 63 63 68 69 68 68 68 68 68 68 69 68 67 64 55 59 50 47 52 52 46 45 45 45 45 45 45 45 45 45 45 46 46 46 46 47 47 47 47 47 48 48 48 48 48 48 49 49 49 49 49 49 49 49 49 49 49 49 49 49 49 49 49 49 49 49 49 49 49 49 49 49 50 50 50 50 51 51 51 52 52 53 53 53 54 55 55
66 67 66 62 65 64 63 68 68 67 66 66 67 68 68 67 66 63 57 56 59 53 53 58 55 46 45 45 45 45 45 45 45 45 46 45 46 46 46 46 47 47 47 47 47 48 48 48 48 48 49 49 49 49 49 49 49 49 49 49 49 49 49 49 49 49 49 49 49 49 49 49 49 49 49 49 50 50 50 50 50 51 51 51 52 52 53 53 54 54 55
58 65 65 60 64 64 64 65 65 67 68 67 66 67 67 66 63 62 60 58 64 57 54 59 62 50 46 45 45 45 45 45 45 45 45 46 46 46 46 46 47 47 47 47 48 48 48 48 49 49 49 49 49 49 49 49 49 49 49 49 49 49 49 49 49 49 49 49 49 48 48 48 48 49 49 48 49 49 49 49 49 50 50 50 50 51 51 52 52 52 53
63 60 59 64 67 68 68 68 68 68 68 67 67 66 67 67 67 67 66 62 65 61 59 56 61 56 51 46 45 45 45 45 45 45 46 46 46 46 46 46 47 47 47 47 48 48 48 48 48 49 49 49 49 49 49 49 49 49 49 49 49 49 49 49 49 48 48 49 49 48 48 48 48 48 49 48 48 49 49 49 49 49 49 50 50 50 51 51 52 52 53
63 66 64 67 68 68 68 68 68 68 68 68 67 66 66 66 66 67 67 65 64 61 60 53 55 59 56 46 45 45 45 45 45 45 45 46 46 46 46 46 46 47 47 47 47 48 48 48 49 49 49 49 49 49 49 49 49 49 49 49 49 49 49 49 49 49 49 48 48 48 48 48 48 48 48 48 48 48 48 48 49 48 49 49 49 49 50 50 50 51 51
59 60 60 65 66 68 68 68 68 68 68 68 68 67 67 67 67 67 66 66 63 61 61 58 52 59 59 48 46 45 45 45 45 45 45 45 46 46 46 46 46 47 47 47 47 48 48 49 49 49 49 49 49 49 49 49 49 49 49 49 49 49 49 49 49 48 49 48 49 48 48 48 48 48 48 48 48 48 48 48 48 48 49 49 49 49 49 50 50 50 50
57 57 60 60 66 67 68 68 68 68 68 68 68 67 67 66 66 66 65 64 63 62 62 62 54 53 57 53 47 45 45 45 45 45 45 45 45 46 46 46 46 47 47 47 48 48 48 49 49 49 49 49 49 49 49 49 49 49 49 49 49 49 49 49 49 48 49 48 48 48 48 48 48 47 48 48 47 47 48 47 47 48 47 48 48 48 48 49 49 49 49
58 57 62 66 66 68 68 68 68 68 68 68 68 67 67 67 65 64 64 65 65 64 62 61 61 57 59 58 48 45 45 45 45 45 45 45 46 46 46 46 46 46 47 47 48 48 49 49 49 49 49 49 49 49 49 49 49 49 49 49 49 49 49 48 48 48 48 48 48 48 48 48 48 48 47 47 47 48 47 47 47 47 48 48 48 48 48 48 49 48 49
58 60 60 64 67 68 68 68 67 67 67 67 67 67 67 66 66 64 60 63 64 63 62 65 64 61 62 54 50 45 45 45 45 45 45 45 45 45 46 46 46 46 47 47 48 48 49 49 49 49 50 49 50 50 50 49 49 49 49 49 49 49 49 49 48 48 48 48 48 48 48 47 47 47 47 47 47 47 47 47 47 47 47 47 47 47 47 47 48 48 48
53 55 57 59 66 68 68 68 68 67 67 67 67 67 67 67 67 66 62 59 63 64 64 66 65 65 62 55 49 46 45 45 45 45 45 45 45 45 46 46 46 47 47 48 48 49 49 49 49 50 50 50 49 49 50 49 49 49 49 49 49 49 49 49 48 48 48 48 48 48 48 48 47 47 47 47 47 47 47 47 47 47 47 47 47 47 47 47 47 48 48
52 52 55 56 62 67 66 67 67 67 66 66 67 67 67 66 66 66 65 58 58 62 64 65 65 62 61 57 46 46 45 45 45 45 45 45 45 45 45 46 46 46 47 47 48 48 49 49 50 50 50 50 50 50 50 49 49 49 49 49 49 49 49 48 49 48 48 48 48 48 48 48 47 47 47 47 47 47 46 46 46 46 46 46 46 46 46 46 46 47 47
52 52 53 56 60 66 63 67 67 67 67 67 66 67 66 66 66 66 65 64 54 58 62 64 65 63 56 54 49 48 45 45 45 44 45 45 45 45 45 46 46 47 47 48 48 49 49 50 50 50 50 50 50 49 50 49 49 49 49 49 49 49 49 49 48 48 48 48 48 48 48 48 47 47 47 47 47 47 47 47 46 46 46 46 46 46 46 47 47 46 47
51 51 53 54 56 59 62 67 67 66 66 66 66 65 66 65 65 64 64 62 60 52 56 59 62 64 59 53 50 47 45 45 45 45 44 44 45 45 45 45 46 47 47 48 48 49 49 50 50 50 50 50 50 50 49 49 49 49 49 49 49 49 49 49 49 49 48 48 48 48 48 48 47 47 47 47 47 47 46 46 46 46 46 46 46 46 46 46 46 46 46
50 51 53 53 55 58 59 66 66 66 66 66 66 66 65 65 66 65 65 64 63 58 51 54 59 63 61 58 55 48 45 44 45 45 45 44 45 45 45 45 46 46 47 47 48 49 49 50 50 50 50 49 49 49 49 49 49 49 49 49 49 48 49 49 49 48 48 48 48 48 48 48 47 47 47 47 47 47 47 46 46 46 46 46 46 46 46 46 46 46 46
-32768 -32768 51 53 54 56 63 64 65 65 66 65 65 65 65 65 65 65 64 63 60 56 51 50 52 58 62 59 51 50 45 44 44 44 44 44 44 44 45 45 46 46 47 47 48 49 49 49 49 50 49 49 49 49 49 49 49 49 49 49 49 49 49 49 49 48 48 48 48 48 48 48 48 47 47 47 47 46 46 46 46 46 45 45 46 46 45 46 45 45 46
-32768 -32768 -32768 51 54 54 57 60 64 64 65 65 65 64 65 65 65 64 64 62 59 60 54 50 49 51 59 61 55 49 45 44 45 44 44 44 44 44 45 45 45 46 46 47 48 48 49 49 49 49 49 49 49 49 49 49 49 48 49 49 49 49 49 49 49 48 48 48 48 48 48 48 48 47 47 47 47 47 46 46 46 46 45 46 46 45 45 46 45 46 45
-32768 -32768 -32768 -32768 51 54 55 59 62 62 64 64 63 64 64 64 64 64 63 62 61 61 56 51 48 48 53 60 57 50 46 45 44 44 44 44 44 44 44 44 44 45 45 46 47 47 47 48 48 48 48 48 48 48 49 48 49 48 49 49 49 49 49 48 49 48 48 48 48 48 48 48 48 47 47 47 47 47 46 46 46 46 46 45 45 45 45 45 45 45 45
-32768 -32768 -32768 -32768 -32768 54 55 58 62 63 61 61 63 63 63 62 63 63 63 62 61 61 57 54 49 48 48 58 56 51 47 45 44 44 44 44 43 43 43 43 43 44 44 45 45 46 46 47 47 47 48 48 48 48 48 48 48 48 48 48 49 49 48 48 49 48 49 48 48 48 48 48 48 48 48 47 47 47 47 46 46 46 46 46 45 45 45 45 45 45 45
-32768 -32768 -32768 -32768 -32768 -32768 54 55 56 61 58 58 60 61 62 60 62 62 62 61 60 60 60 57 50 47 47 55 56 56 51 50 43 44 43 43 42 42 42 42 42 42 43 43 44 45 45 46 46 47 47 47 48 48 48 48 48 48 48 48 48 48 49 48 49 49 49 49 49 49 48 48 48 48 47 47 47 47 46 46 46 46 46 45 45 45 45 45 45 45 45
-32768 -32768 -32768 -32768 -32768 -32768 -32768 54 57 59 60 57 57 61 60 57 61 61 61 62 61 60 59 59 53 48 47 48 57 57 51 47 45 44 43 42 42 42 43 42 42 42 42 43 43 44 45 45 45 46 46 46 47 47 47 47 48 48 48 48 48 48 49 49 49 49 49 49 49 49 49 48 48 48 48 47 47 47 46 46 46 46 46 45 45 45 45 45 45 45 45
-32768 -32768 -32768 -32768 -32768 -32768 -32768 53 54 58 61 56 55 58 58 56 58 59 59 60 61 60 59 57 53 48 47 46 47 53 49 45 44 43 42 42 43 47 44 43 43 42 42 42 42 43 43 44 45 45 46 46 46 47 47 47 47 47 48 48 48 48 48 49 49 49 49 49 49 49 49 48 48 48 48 48 47 47 47 47 46 46 45 45 45 45 45 45 44 44 44
-32768 -32768 -32768 -32768 -32768 -32768 -32768 -32768 54 55 60 57 56 55 55 58 59 59 58 59 59 59 58 56 53 48 47 46 46 47 49 49 50 45 45 50 50 51 51 50 50 48 44 42 42 42 43 43 44 44 45 45 46 46 46 47 47 47 47 47 48 48 48 49 49 49 49 49 49 49 49 49 48 48 48 48 48 47 47 47 46 46 46 45 45 45 45 44 45 45 44
-32768 -32768 -32768 -32768 -32768 -32768 -32768 -32768 -32768 53 54 55 57 54 54 55 55 56 55 56 56 57 56 55 55 48 48 47 46 45 49 51 51 45 46 53 54 53 52 53 53 52 48 46 44 42 42 43 43 44 44 44 45 46 46 46 46 47 47 47 48 48 48 49 49 49 49 49 49 49 49 49 49 48 48 48 48 47 47 46 46 46 45 45 45 45 45 44 44 44 44
-32768 -32768 -32768 -32768 -32768 -32768 -32768 -32768 -32768 50 51 52 54 54 53 54 54 54 54 54 56 57 53 54 53 48 48 48 46 46 46 50 50 49 46 49 50 52 53 51 51 51 51 51 46 42 42 42 43 43 44 44 45 45 45 45 46 46 47 47 47 48 48 48 49 49 49 50 49 49 49 49 49 49 48 48 48 48 47 47 46 46 46 45 45 45 44 44 44 44 44
-32768 -32768 -32768 -32768 -32768 -32768 -32768 -32768 -32768 -32768 50 52 52 54 52 53 53 55 55 56 56 54 51 51 52 48 47 47 46 45 45 48 48 45 44 45 45 46 50 49 50 50 49 51 47 43 42 42 42 42 43 43 44 44 45 45 46 46 46 47 47 47 48 48 49 49 49 50 50 50 50 49 49 49 48 48 48 47 47 46 46 46 45 45 45 44 44 44 44 44 44
-32768 -32768 -32768 -32768 -32768 -32768 -32768 -32768 -32768 -32768 -32768 52 52 52 52 52 52 52 54 55 53 53 51 49 49 50 47 47 46 45 45 46 49 46 45 44 45 46 47 48 49 49 49 50 51 45 44 43 42 42 43 43 43 44 44 44 45 45 46 47 47 47 48 48 49 49 49 50 50 50 50 50 49 49 49 48 48 47 47 47 46 46 45 45 45 45 44 44 44 44 44
-32768 -32768 -32768 -32768 -32768 -32768 -32768 -32768 -32768 -32768 -32768 49 51 51 52 51 51 51 52 52 52 50 50 50 48 48 47 46 46 46 45 45 47 44 44 44 45 46 47 48 49 49 49 49 50 48 47 44 44 43 42 43 43 43 44 44 44 45 46 46 46 47 47 48 49 49 50 50 50 50 50 50 49 49 49 48 48 47 47 46 46 46 45 45 45 44 44 44 44 43 43
-32768 -32768 -32768 -32768 -32768 -32768 -32768 -32768 -32768 -32768 -32768 -32768 51 51 51 51 51 51 50 51 51 51 50 49 48 47 47 46 46 49 48 45 44 46 46 45 46 48 49 50 50 50 50 50 50 49 48 46 46 46 48 46 43 43 43 44 44 44 45 46 46 46 47 47 48 49 49 50 50 50 50 50 50 49 48 48 48 47 47 46 46 46 45 45 45 44 44 44 44 43 43
-32768 -32768 -32768 -32768 -32768 -32768 -32768 -32768 -32768 -32768 -32768 -32768 49 50 50 50 50 50 50 50 51 50 50 48 48 47 46 46 46 48 48 47 44 45 47 48 48 50 51 51 51 50 50 50 50 49 48 47 47 47 48 47 43 43 43 43 43 44 44 45 46 46 47 47 48 48 49 50 51 51 50 50 49 49 48 48 47 47 46 46 46 45 45 45 44 44 44 43 43 43 43
-32768 -32768 -32768 -32768 -32768 -32768 -32768 -32768 -32768 -32768 -32768 -32768 -32768 49 50 50 50 50 50 51 51 51 50 48 48 47 46 46 46 47 47 48 46 44 45 48 49 50 54 53 51 51 51 50 50 50 49 49 48 48 47 45 44 43 43 43 43 44 44 45 45 46 46 47 47 48 49 50 50 50 50 50 49 49 48 47 47 47 46 46 46 45 45 45 44 44 44 44 43 43 43
-32768 -32768 -32768 -32768 -32768 -32768 -32768 -32768 -32768 -32768 -32768 -32768 -32768 -32768 49 49 50 49 49 49 49 48 48 48 47 47 46 46 46 45 45 46 46 44 44 44 47 50 52 53 52 49 49 49 50 49 49 49 49 48 47 45 44 43 43 43 43 43 44 44 45 45 46 46 47 48 48 49 49 49 49 49 49 48 47 47 47 46 46 46 45 45 44 44 44 44 43 43 43 43 43
-32768 -32768 -32768 -32768 -32768 -32768 -32768 -32768 -32768 -32768 -32768 -32768 -32768 -32768 48 48 49 49 49 49 48 48 48 47 47 47 46 46 46 46 46 45 46 46 45 45 46 48 50 51 53 49 47 47 48 48 50 50 50 49 49 47 45 43 43 43 43 43 43 44 44 45 45 46 46 47 48 48 48 48 49 48 48 48 47 47 47 46 46 45 45 45 44 44 44 43 43 43 43 43 42
-32768 -32768 -32768 -32768 -32768 -32768 -32768 -32768 -32768 -32768 -32768 -32768 -32768 -32768 -32768 48 48 48 48 48 48 48 47 47 46 46 46 46 45 45 46 47 46 46 46 47 46 47 49 51 52 49 47 47 47 47 48 49 50 49 49 48 46 45 43 42 42 42 43 43 44 44 45 45 46 46 46 47 47 48 48 48 47 47 47 47 46 46 45 45 45 44 44 43 44 43 43 43 43 42 42
-32768 -32768 -32768 -32768 -32768 -32768 -32768 -32768 -32768 -32768 -32768 -32768 -32768 -32768 -32768 -32768 48 48 48 48 48 47 47 47 46 46 46 46 45 45 45 46 48 48 47 48 49 47 49 50 51 51 49 48 48 48 48 49 50 50 50 50 49 47 45 43 42 42 42 43 43 44 44 45 45 46 46 46 47 47 47 47 47 46 46 46 46 45 45 45 44 44 44 44 43 43 43 43 42 42 42
-32768 -32768 -32768 -32768 -32768 -32768 -32768 -32768 -32768 -32768 -32768 -32768 -32768 -32768 -32768 -32768 47 47 47 47 47 47 47 46 46 46 46 45 45 45 45 45 46 47 48 48 48 49 48 49 50 51 50 48 48 48 49 50 49 49 49 49 49 49 47 44 42 42 42 42 42 43 43 44 45 45 45 46 46 46 46 46 46 46 46 45 45 45 44 44 44 43 43 43 43 42 42 42 42 42 41
-32768 -32768 -32768 -32768 -32768 -32768 -32768 -32768 -32768 -32768 -32768 -32768 -32768 -32768 -32768 -32768 47 47 47 47 47 47 47 46 46 46 46 45 45 45 45 45 45 46 46 47 49 49 50 50 51 51 51 50 48 49 50 50 50 50 50 50 49 49 48 47 45 43 41 42 42 43 43 43 44 44 45 45 46 46 46 46 46 46 45 45 45 44 44 44 43 43 43 42 42 42 42 42 42 42 41
-32768 -32768 -32768 -32768 -32768 -32768 -32768 -32768 -32768 -32768 -32768 -32768 -32768 -32768 -32768 -32768 -32768 47 47 47 47 46 46 46 46 45 45 45 45 44 44 44 44 45 44 45 47 49 50 50 50 51 51 50 47 48 50 50 50 50 50 49 48 49 48 47 46 45 42 41 41 42 42 43 43 43 44 44 45 44 45 45 45 45 44 44 44 44 43 43 43 43 42 42 42 42 42 41 41 41 41
-32768 -32768 -32768 -32768 -32768 -32768 -32768 -32768 -32768 -32768 -32768 -32768 -32768 -32768 -32768 -32768 47 47 47 47 47 46 46 46 46 46 45 45 45 44 44 44 44 46 46 45 46 48 50 51 50 51 51 50 50 49 49 50 50 50 50 49 49 48 49 49 47 46 42 41 41 41 42 42 42 43 43 44 44 44 44 44 44 44 44 44 43 43 43 43 42 42 42 42 42 41 41 41 41 41 41
-32768 -32768 -32768 -32768 -32768 -32768 -32768 -32768 -32768 -32768 -32768 -32768 -32768 -32768 -32768 -32768 47 46 46 46 46 46 46 45 45 45 45 45 45 44 44 44 44 44 45 47 47 47 49 50 51 50 51 50 49 47 48 49 49 49 48 48 47 47 47 48 47 47 43 41 40 40 40 41 41 42 43 43 43 43 44 44 44 44 43 43 43 43 42 42 42 42 41 41 41 41 41 41 41 41 40
-32768 -32768 -32768 -32768 -32768 -32768 -32768 -32768 -32768 -32768 -32768 -32768 -32768 -32768 -32768 47 47 46 47 46 46 46 46 46 45 45 45 45 44 44 44 44 44 44 45 47 48 47 48 49 50 51 51 51 50 49 48 48 49 49 49 48 46 46 45 45 46 47 45 42 42 40 40 40 41 41 42 42 43 43 43 43 43 43 43 43 42 42 42 42 42 41 41 41 41 41 41 40 40 40 40
-32768 -32768 -32768 -32768 -32768 -32768 -32768 -32768 -32768 -32768 -32768 -32768 -32768 -32768 47 46 46 46 46 46 46 46 45 45 45 45 45 44 44 44 44 43 43 43 44 45 48 48 49 49 49 49 50 50 50 50 49 47 46 47 47 46 45 43 44 43 42 43 44 43 44 43 41 39 40 40 41 42 42 42 42 42 42 42 42 42 42 41 41 41 41 41 41 40 40 40 40 40 40 40 40
