15.asc
ncols        384
nrows        456
xllcorner    93.000000000000
yllcorner    -8.000000000000
cellsize     0.041666666667
NODATA_value 0
[rows 0 to 40 of 456, columns 91 to 181 of 384]
-32768 -32768 97 97 97 -32768 -32768 -32768 97 97 96 96 96 96 96 95 95 95 95 94 94 94 94 94 94 93 93 93 93 92 92 92 91 91 91 90 90 90 89 89 88 87 87 86 85 84 83 81 79 75 74 74 71 68 66 64 63 62 61 60 59 58 57 57 56 56 56 57 56 57 57 57 57 59 58 59 59 60 60 60 61 61 61 61 61 61 61 61 61 61 61
-32768 -32768 97 97 97 -32768 -32768 -32768 97 -32768 -32768 -32768 -32768 96 96 95 95 95 95 94 94 94 94 94 94 93 93 92 93 92 92 92 91 91 90 90 90 89 89 88 88 87 86 85 84 83 82 80 78 74 73 73 70 68 65 64 63 62 60 59 58 57 56 56 55 56 55 56 56 57 56 57 57 58 58 59 59 59 59 60 61 61 61 61 61 61 61 62 61 61 61
-32768 -32768 -32768 -32768 97 97 -32768 96 96 -32768 -32768 -32768 -32768 -32768 -32768 95 95 94 94 94 94 94 93 93 93 93 92 91 92 92 91 91 91 90 90 90 89 89 88 88 87 86 86 84 83 82 81 78 75 72 71 71 69 67 65 64 62 61 60 58 57 57 55 56 55 56 55 56 56 57 56 58 57 58 58 59 59 60 60 61 61 61 61 61 62 61 62 62 61 62 61
-32768 -32768 -32768 -32768 -32768 -32768 -32768 -32768 -32768 -32768 -32768 -32768 -32768 -32768 -32768 95 95 94 94 94 94 94 93 93 93 93 92 92 92 91 91 91 91 90 90 89 89 89 88 87 86 86 85 84 82 81 79 77 75 73 71 70 68 66 65 63 61 60 58 57 56 56 55 55 55 55 55 56 55 56 56 57 57 58 58 59 59 60 60 60 60 61 60 61 61 61 61 61 61 61 61
-32768 -32768 -32768 -32768 -32768 -32768 -32768 -32768 -32768 -32768 -32768 -32768 -32768 -32768 95 95 94 94 94 94 93 93 93 93 93 92 92 92 92 91 91 91 90 90 90 89 89 88 87 87 86 85 84 83 81 80 78 76 74 73 71 68 67 65 64 61 60 59 57 57 56 55 54 55 54 55 54 56 56 56 57 58 57 58 58 59 60 60 60 61 61 61 61 61 61 61 62 62 61 62 61
-32768 -32768 -32768 -32768 -32768 -32768 -32768 -32768 -32768 -32768 -32768 -32768 -32768 -32768 -32768 94 94 94 94 93 93 93 93 93 92 92 92 92 92 91 91 91 90 90 89 89 88 88 87 86 85 84 83 82 80 79 77 75 73 72 70 67 66 64 62 60 59 57 56 55 54 54 54 54 54 54 54 55 55 56 56 57 57 58 58 59 59 60 60 60 60 61 61 61 61 61 61 61 61 61 61
-32768 -32768 -32768 -32768 -32768 -32768 -32768 -32768 -32768 -32768 -32768 -32768 -32768 -32768 -32768 94 94 93 93 93 93 93 92 92 92 92 92 91 91 91 90 90 90 89 89 88 88 87 87 86 85 84 83 81 79 78 76 74 73 71 69 67 65 63 61 59 57 57 55 55 54 54 53 54 53 55 54 55 55 56 56 57 58 58 59 59 60 60 60 61 61 61 61 61 61 62 61 62 62 62 61
-32768 -32768 -32768 -32768 -32768 -32768 -32768 -32768 -32768 -32768 -32768 -32768 -32768 -32768 94 94 94 93 93 93 93 93 92 92 92 91 91 91 91 91 90 90 90 89 88 88 88 87 87 85 84 83 82 80 79 77 76 74 72 69 67 65 63 61 60 58 56 55 54 54 53 53 52 54 53 54 54 55 55 56 56 57 57 58 58 59 59 60 60 60 60 61 61 61 61 61 61 62 61 62 61
-32768 -32768 -32768 -32768 -32768 -32768 -32768 -32768 -32768 -32768 -32768 -32768 -32768 -32768 -32768 93 93 93 93 92 93 92 92 92 92 91 91 91 90 90 90 90 89 89 88 87 87 87 86 85 84 82 82 79 77 76 74 73 71 68 67 64 63 60 58 57 55 54 53 53 52 53 52 53 53 54 54 55 55 56 56 58 57 58 58 59 59 60 60 61 61 61 61 61 62 61 62 62 62 62 62
-32768 -32768 -32768 -32768 -32768 -32768 -32768 -32768 -32768 -32768 -32768 -32768 -32768 -32768 -32768 93 93 93 93 92 92 92 92 91 92 91 91 91 90 90 90 89 89 89 88 88 87 86 86 85 83 82 81 78 76 75 74 72 70 67 65 63 61 59 57 55 54 53 52 52 51 52 52 53 52 54 54 55 55 56 56 57 57 58 58 59 59 60 60 61 61 61 61 61 61 62 61 61 61 62 61
-32768 -32768 -32768 -32768 -32768 -32768 -32768 -32768 -32768 -32768 -32768 -32768 -32768 -32768 93 93 93 92 92 92 92 91 91 91 91 91 91 90 90 90 89 89 89 88 88 87 87 86 85 84 83 82 80 77 76 75 74 71 69 67 64 62 60 58 56 54 53 52 51 52 51 52 52 53 53 54 54 55 55 56 56 58 58 58 58 59 60 61 61 61 61 61 61 62 62 62 62 62 62 62 62
-32768 -32768 -32768 -32768 -32768 -32768 -32768 -32768 -32768 -32768 -32768 -32768 -32768 -32768 93 93 92 92 92 92 92 91 91 91 91 91 90 90 90 90 89 89 89 88 87 87 86 86 85 84 83 82 80 78 77 75 73 71 69 66 63 62 59 57 54 53 51 51 50 51 50 51 51 52 52 54 53 55 55 56 56 57 57 58 58 59 59 60 60 61 61 61 61 61 61 61 62 62 62 62 61
-32768 -32768 -32768 -32768 -32768 -32768 -32768 -32768 -32768 -32768 -32768 -32768 -32768 -32768 92 92 92 92 92 91 91 91 91 90 90 90 89 89 89 89 89 89 88 88 87 87 86 86 85 84 83 81 80 78 77 74 72 70 68 65 63 60 59 55 54 52 51 50 50 51 50 51 51 53 53 54 53 55 55 56 56 57 57 59 59 60 60 60 60 61 61 62 62 62 62 62 62 62 62 62 62
-32768 -32768 -32768 -32768 -32768 -32768 -32768 -32768 -32768 -32768 -32768 -32768 -32768 -32768 92 92 92 92 91 91 91 91 90 90 90 90 89 89 89 89 89 89 88 88 87 87 86 86 85 84 83 81 80 78 76 74 72 70 67 64 63 60 60 56 53 52 50 50 50 50 50 51 51 52 52 54 53 55 55 56 56 57 57 58 58 60 59 60 60 61 61 62 61 62 61 62 62 62 62 61 62
-32768 -32768 -32768 -32768 93 93 93 -32768 -32768 -32768 -32768 -32768 -32768 92 92 92 91 91 91 91 90 90 90 90 90 90 89 89 89 89 88 88 88 88 87 87 86 85 85 84 83 81 80 78 76 74 72 70 67 64 64 62 58 55 53 51 50 50 50 50 50 51 51 52 52 53 54 55 55 56 56 57 57 59 59 60 60 60 61 62 61 62 61 62 62 62 62 62 62 62 62
-32768 -32768 -32768 -32768 93 93 93 -32768 -32768 -32768 -32768 -32768 -32768 92 92 91 91 91 91 91 90 90 90 90 90 89 89 89 89 89 88 88 88 87 87 87 86 85 85 84 83 81 80 78 77 74 72 70 67 65 62 61 56 54 52 51 50 50 49 50 50 51 51 52 52 54 53 55 55 56 56 57 57 59 58 60 59 61 61 61 61 61 61 62 62 62 61 62 62 62 61
-32768 -32768 -32768 93 93 92 92 -32768 -32768 -32768 -32768 -32768 -32768 91 91 91 91 91 90 90 90 90 89 89 89 89 89 88 88 88 88 88 88 87 87 86 86 85 85 84 83 81 80 78 77 75 73 70 67 64 62 60 56 54 52 51 50 50 50 51 50 52 51 52 52 54 53 55 55 57 56 58 58 59 59 60 60 61 61 61 61 62 62 62 62 62 62 62 62 62 62
-32768 -32768 -32768 -32768 -32768 92 -32768 -32768 -32768 -32768 -32768 -32768 -32768 -32768 91 91 90 90 90 90 90 90 90 89 89 89 89 88 88 88 88 88 88 87 87 86 86 86 85 84 83 81 79 79 78 75 73 70 67 64 63 58 55 54 52 52 51 51 50 51 51 52 51 52 52 53 54 55 55 56 56 58 58 59 59 60 59 61 61 61 61 61 62 62 61 62 61 62 61 62 61
-32768 -32768 -32768 -32768 -32768 -32768 -32768 -32768 -32768 -32768 -32768 -32768 -32768 -32768 91 90 90 90 90 90 89 89 89 89 89 88 88 88 88 88 87 87 87 87 86 86 86 85 85 84 83 82 79 79 78 76 74 70 68 65 63 59 56 54 53 52 51 51 51 51 51 51 51 53 52 54 53 55 55 56 56 58 58 59 59 60 60 61 61 61 61 62 62 62 62 62 62 62 62 62 62
-32768 -32768 -32768 -32768 -32768 -32768 -32768 -32768 -32768 -32768 -32768 -32768 -32768 -32768 90 90 90 90 90 89 89 89 89 89 88 88 88 88 88 88 88 87 87 87 87 86 86 86 85 85 84 83 79 80 79 77 74 71 69 66 63 60 58 55 54 53 52 52 51 51 51 51 51 53 52 54 53 55 55 56 56 58 58 59 59 60 60 61 61 61 61 61 61 62 62 62 62 62 62 62 61
-32768 -32768 -32768 -32768 -32768 -32768 -32768 -32768 -32768 -32768 -32768 -32768 -32768 -32768 90 90 89 89 89 89 89 89 89 88 88 88 88 88 87 87 87 87 87 85 86 86 86 86 85 85 84 83 81 81 79 77 75 72 69 66 64 61 59 57 55 54 53 53 52 52 51 52 52 53 53 54 54 55 55 57 56 58 58 59 59 60 60 61 61 61 62 62 62 62 62 62 62 62 62 62 61
-32768 -32768 -32768 -32768 91 91 -32768 -32768 -32768 -32768 -32768 -32768 -32768 -32768 90 89 89 89 89 89 89 88 88 88 88 88 88 88 87 87 87 87 87 86 86 86 85 86 86 85 85 84 82 82 81 76 76 73 70 67 65 63 60 58 56 55 53 53 52 52 52 52 52 53 53 54 53 55 55 56 56 58 59 60 59 60 60 61 61 62 61 62 62 62 62 62 61 62 62 61 61
-32768 -32768 -32768 -32768 -32768 90 -32768 -32768 -32768 -32768 -32768 -32768 -32768 89 89 88 88 88 88 88 88 88 88 87 87 87 87 87 87 87 87 87 86 86 86 85 86 85 85 85 85 84 83 83 80 76 76 72 70 67 64 63 61 59 57 56 54 54 53 53 52 53 52 53 53 54 54 55 55 56 57 58 59 60 60 60 61 61 61 61 62 62 62 62 62 62 62 62 62 62 62
-32768 -32768 -32768 -32768 -32768 -32768 -32768 -32768 -32768 -32768 -32768 -32768 89 89 89 88 88 88 88 88 88 88 88 88 87 87 87 87 86 87 86 86 86 85 84 85 85 85 85 85 85 84 84 83 81 75 77 72 69 67 65 63 61 60 58 57 55 54 53 53 52 53 52 53 53 54 54 55 55 56 56 58 58 59 59 60 60 61 61 61 61 62 62 62 62 62 61 62 62 61 61
-32768 -32768 -32768 -32768 -32768 -32768 -32768 -32768 -32768 -32768 -32768 89 88 88 88 88 88 87 87 87 87 87 87 87 87 86 86 86 86 86 86 86 85 82 83 85 85 85 85 85 85 84 84 83 81 76 75 69 67 66 66 64 62 60 59 57 55 55 54 54 52 53 53 53 53 54 54 56 56 57 56 58 58 59 60 60 60 61 61 62 62 62 62 62 62 62 62 62 61 62 61
90 90 -32768 -32768 -32768 -32768 -32768 -32768 -32768 -32768 89 88 88 88 88 87 88 87 87 87 87 87 87 86 86 86 86 86 86 86 86 86 84 83 85 85 85 85 85 84 84 84 84 83 78 75 71 67 67 67 67 65 63 61 59 58 57 56 54 54 53 54 53 53 53 54 54 55 55 56 57 58 58 59 59 61 61 61 61 62 62 62 62 62 62 62 62 62 61 61 61
-32768 -32768 -32768 -32768 -32768 -32768 -32768 -32768 -32768 -32768 88 88 88 87 87 87 87 87 87 86 86 86 86 86 86 86 86 85 85 85 85 85 84 85 85 85 85 84 84 84 83 83 83 82 79 75 70 71 69 69 68 65 63 62 60 58 57 56 55 55 53 54 53 54 53 54 54 56 55 57 57 58 58 59 60 61 61 62 62 62 62 62 62 62 62 62 62 62 62 62 61
-32768 -32768 -32768 -32768 -32768 -32768 -32768 -32768 -32768 -32768 88 87 87 87 87 87 87 86 86 86 86 86 86 86 86 85 85 85 85 85 85 84 84 85 85 84 84 84 84 83 83 82 82 81 74 73 71 72 72 70 68 66 64 62 60 59 58 57 56 55 54 54 53 54 54 54 54 55 55 56 56 58 57 59 59 60 61 62 62 62 61 62 62 62 62 62 62 62 62 62 61
-32768 -32768 -32768 -32768 -32768 -32768 -32768 -32768 -32768 -32768 -32768 87 87 86 87 86 86 86 86 85 85 85 85 85 85 85 85 85 85 83 83 84 84 84 84 84 83 83 83 82 82 82 81 79 71 72 71 72 71 68 66 65 63 62 60 60 58 57 56 55 55 55 54 54 54 55 55 56 56 57 57 58 58 59 59 61 61 65 62 62 62 63 62 63 62 62 62 62 62 62 62
-32768 -32768 -32768 -32768 -32768 -32768 -32768 -32768 -32768 -32768 -32768 -32768 87 86 86 86 86 85 85 85 85 85 85 85 85 85 85 84 84 84 84 84 84 84 83 84 83 83 82 82 82 81 80 78 74 75 74 73 71 68 66 66 64 63 61 60 58 58 56 56 55 55 54 54 54 55 55 56 55 57 57 58 58 59 60 61 63 65 63 62 62 62 62 62 62 62 62 62 62 62 62
-32768 -32768 -32768 -32768 -32768 -32768 -32768 -32768 -32768 -32768 -32768 -32768 86 86 86 85 85 85 85 85 85 84 84 84 84 84 84 84 84 83 84 83 83 83 83 83 82 82 81 81 81 80 79 78 73 74 74 72 69 67 65 65 64 63 61 60 59 58 56 56 55 55 54 55 55 55 55 56 55 57 57 59 58 60 59 61 61 64 66 62 62 62 62 62 62 62 62 62 62 62 62
-32768 -32768 -32768 -32768 -32768 -32768 -32768 -32768 -32768 -32768 -32768 -32768 86 86 86 85 85 84 84 85 85 84 84 84 84 84 84 83 84 83 83 83 83 82 82 82 82 82 81 81 80 79 79 74 73 74 73 69 69 68 65 65 64 63 62 60 59 58 57 57 55 55 54 55 54 55 55 56 55 57 57 58 58 59 60 61 61 62 65 62 62 63 62 62 62 62 62 62 62 62 62
-32768 -32768 -32768 -32768 -32768 -32768 -32768 -32768 -32768 -32768 -32768 -32768 85 85 85 84 84 84 84 84 84 84 83 83 83 83 83 83 82 83 82 82 82 82 82 81 81 81 80 80 79 78 77 75 74 72 71 68 68 67 65 66 64 63 61 61 59 58 57 57 56 56 55 55 55 56 55 56 56 57 57 58 58 60 60 61 61 62 62 62 62 63 62 63 62 63 63 63 62 62 62
-32768 -32768 -32768 -32768 -32768 -32768 -32768 -32768 -32768 -32768 -32768 -32768 85 85 85 84 84 84 84 84 84 83 83 83 83 83 83 83 82 82 82 82 82 82 81 81 81 80 80 79 78 78 76 76 74 72 71 68 68 66 66 65 64 63 61 60 59 59 57 57 56 56 55 56 55 55 55 56 56 58 57 58 58 59 59 61 61 62 62 63 63 63 62 63 62 62 62 63 62 62 62
-32768 -32768 -32768 -32768 -32768 -32768 -32768 -32768 -32768 -32768 -32768 -32768 84 84 84 84 83 83 83 83 83 83 83 82 82 82 82 82 82 82 82 81 81 81 81 81 80 80 79 78 78 77 76 75 73 73 71 67 67 65 65 65 64 63 61 61 60 59 58 57 56 57 55 56 55 56 55 56 56 58 57 59 58 60 60 63 63 63 63 63 63 63 62 63 63 63 62 62 62 62 62
-32768 -32768 -32768 -32768 -32768 -32768 -32768 -32768 -32768 -32768 -32768 -32768 84 84 84 83 83 83 83 83 83 82 82 82 82 82 82 81 82 81 81 81 81 80 80 80 79 79 79 78 77 76 75 75 71 70 69 66 66 66 65 65 64 63 62 61 60 59 58 58 57 57 56 56 55 56 55 57 56 58 57 58 59 60 60 62 66 66 63 62 62 63 63 63 63 62 62 62 62 62 62
-32768 -32768 -32768 -32768 -32768 -32768 -32768 -32768 -32768 -32768 -32768 -32768 84 83 83 82 82 82 82 82 82 82 82 82 82 81 81 81 81 81 81 80 80 80 79 79 79 78 78 77 77 74 73 73 69 66 66 67 67 66 65 65 64 63 62 61 60 60 58 59 57 57 57 57 56 57 56 57 56 58 57 59 59 60 61 62 65 65 63 63 63 63 63 63 63 63 62 63 62 62 62
-32768 -32768 -32768 -32768 -32768 -32768 -32768 -32768 -32768 -32768 -32768 -32768 83 83 83 82 82 82 82 82 82 81 81 81 81 81 81 81 81 80 80 80 80 79 79 79 79 78 77 77 76 74 71 69 66 66 67 67 67 65 65 64 64 63 62 61 60 60 59 59 58 58 57 57 56 57 56 57 57 58 58 58 59 60 60 63 63 63 62 63 63 63 63 63 63 62 63 62 62 62 62
-32768 -32768 -32768 -32768 -32768 -32768 -32768 -32768 -32768 -32768 -32768 -32768 83 82 82 81 81 81 81 81 81 81 81 81 80 80 80 80 80 80 80 79 79 79 79 78 78 77 77 76 75 73 69 69 67 68 67 67 67 65 65 65 63 63 62 62 60 60 59 59 58 58 57 57 56 57 56 57 57 58 58 59 59 60 60 62 62 63 62 63 63 63 63 63 63 63 62 62 62 62 62
-32768 -32768 -32768 -32768 -32768 -32768 -32768 -32768 -32768 -32768 -32768 83 82 82 81 81 81 81 81 81 81 81 80 80 80 80 80 80 80 79 79 79 79 78 78 78 77 77 76 75 72 69 68 66 64 66 67 66 67 66 65 64 63 63 62 62 61 60 60 60 59 58 57 58 57 57 57 57 57 58 58 59 58 60 60 62 62 62 62 63 62 63 63 63 62 62 62 62 62 62 62
-32768 -32768 -32768 -32768 -32768 -32768 -32768 -32768 -32768 -32768 -32768 82 82 81 81 81 81 80 81 80 80 80 80 79 80 79 79 79 79 79 79 78 78 78 77 77 77 76 75 72 68 66 70 68 65 67 65 66 66 66 64 64 63 63 62 62 60 61 60 60 59 59 58 58 57 58 57 58 58 58 58 60 59 60 60 62 61 62 62 63 62 63 62 63 63 62 62 63 62 62 62
