16.asc
ncols        384
nrows        456
xllcorner    93.000000000000
yllcorner    -8.000000000000
cellsize     0.041666666667
NODATA_value 0
[rows 222 to 258 of 456, columns 82 to 163 of 384]
-32768 -32768 -32768 -32768 -32768 -32768 -32768 -32768 -32768 -32768 -32768 -32768 -32768 -32768 -32768 -32768 -32768 -32768 -32768 -32768 -32768 -32768 -32768 -32768 1260 1239 1246 -32768 -32768 -32768 -32768 -32768 -32768 -32768 -32768 -32768 -32768 -32768 -32768 1256 1240 1234 1233 1232 1226 1229 1225 1228 1228 1235 1239 1249 1246 1246 1259 1263 1250 1261 1182 912 815 752 729 713 747 768 706 686 672 666 637 636 631 636 630 626 615 613 606 631 653 681
-32768 -32768 -32768 -32768 -32768 -32768 -32768 -32768 -32768 -32768 -32768 -32768 -32768 -32768 -32768 -32768 -32768 -32768 -32768 -32768 -32768 -32768 -32768 -32768 1237 1216 1224 -32768 -32768 -32768 -32768 -32768 -32768 -32768 -32768 -32768 -32768 -32768 -32768 -32768 1240 1232 1231 1233 1230 1236 1232 1237 1219 1218 1248 1258 1259 1266 1256 1249 1257 1254 1218 1081 840 741 740 730 730 779 707 679 680 674 649 646 645 644 638 625 626 611 611 622 649 656
-32768 -32768 -32768 -32768 -32768 -32768 -32768 -32768 -32768 -32768 -32768 -32768 -32768 -32768 -32768 -32768 -32768 -32768 -32768 -32768 -32768 -32768 -32768 -32768 -32768 1235 1216 1235 -32768 -32768 -32768 -32768 -32768 -32768 -32768 -32768 -32768 -32768 -32768 -32768 1245 1240 1239 1244 1243 1248 1247 1255 1231 1241 1260 1265 1276 1283 1277 1261 1229 1253 1232 1150 954 781 750 753 735 739 735 691 689 677 657 662 653 649 642 625 633 610 613 635 661 671
-32768 -32768 -32768 -32768 -32768 -32768 -32768 -32768 -32768 -32768 -32768 -32768 -32768 -32768 -32768 -32768 -32768 -32768 -32768 -32768 -32768 -32768 -32768 1246 -32768 1223 1198 1214 -32768 -32768 -32768 -32768 -32768 -32768 -32768 -32768 -32768 -32768 -32768 -32768 1242 1238 1237 1244 1245 1251 1251 1257 1259 1267 1270 1277 1280 1284 1276 1265 1265 1255 1225 1188 1070 846 820 786 759 756 742 692 694 687 669 676 666 659 645 629 627 620 606 631 649 662
-32768 -32768 -32768 -32768 -32768 -32768 -32768 -32768 -32768 -32768 -32768 -32768 -32768 -32768 -32768 -32768 -32768 -32768 -32768 -32768 -32768 -32768 1225 1206 1198 1190 1179 1177 -32768 -32768 -32768 -32768 -32768 -32768 -32768 -32768 -32768 -32768 -32768 -32768 -32768 1254 1247 1250 1253 1260 1262 1269 1274 1283 1284 1291 1291 1295 1287 1288 1275 1261 1231 1207 1128 1037 1002 833 812 786 737 691 685 702 693 681 657 647 632 624 616 611 607 626 645 664
-32768 -32768 -32768 -32768 -32768 -32768 -32768 -32768 -32768 -32768 -32768 -32768 -32768 -32768 -32768 -32768 -32768 -32768 -32768 -32768 -32768 1215 1195 1185 1169 1159 1153 1153 -32768 -32768 -32768 -32768 -32768 -32768 -32768 -32768 -32768 -32768 -32768 -32768 -32768 -32768 1249 1249 1252 1260 1264 1274 1276 1285 1286 1293 1291 1292 1283 1280 1267 1251 1224 1198 1156 1108 1028 903 874 799 746 715 701 713 687 669 652 644 633 626 616 615 614 624 642 662
-32768 -32768 -32768 -32768 -32768 -32768 -32768 -32768 -32768 -32768 -32768 -32768 -32768 -32768 -32768 -32768 -32768 -32768 -32768 1242 1223 1208 1185 1171 1154 1144 1130 1128 -32768 -32768 -32768 -32768 -32768 -32768 -32768 -32768 -32768 -32768 -32768 -32768 -32768 -32768 1259 1255 1260 1272 1277 1285 1289 1297 1298 1304 1301 1300 1289 1283 1272 1255 1228 1199 1160 1118 1064 995 899 787 715 727 729 714 693 665 649 646 633 625 615 619 617 629 645 665
-32768 -32768 -32768 -32768 -32768 -32768 -32768 -32768 -32768 -32768 -32768 -32768 -32768 -32768 -32768 1276 1273 1269 1255 1242 1222 1203 1182 1158 1142 1131 1118 1115 1159 -32768 -32768 -32768 -32768 -32768 -32768 -32768 -32768 -32768 -32768 -32768 -32768 -32768 -32768 1266 1264 1273 1278 1287 1291 1297 1299 1303 1298 1297 1284 1279 1264 1248 1220 1192 1151 1110 1059 997 879 791 762 754 719 709 702 660 649 655 643 634 626 628 628 630 648 673
-32768 -32768 -32768 -32768 -32768 -32768 -32768 -32768 -32768 -32768 -32768 -32768 -32768 -32768 -32768 1277 1273 1272 1254 1239 1216 1199 1176 1147 1137 1124 1110 1136 -32768 -32768 -32768 -32768 -32768 -32768 -32768 -32768 -32768 -32768 -32768 -32768 -32768 -32768 -32768 1281 1281 1290 1294 1302 1303 1309 1308 1312 1308 1307 1294 1286 1269 1251 1223 1195 1154 1113 1059 987 866 794 770 731 692 680 709 660 649 645 647 642 638 637 635 644 666 680
-32768 -32768 -32768 -32768 -32768 -32768 -32768 -32768 -32768 -32768 -32768 -32768 -32768 -32768 -32768 -32768 1267 1267 1248 1230 1207 1195 1175 1148 1133 1119 1103 1092 1100 -32768 -32768 -32768 -32768 -32768 -32768 -32768 -32768 -32768 -32768 -32768 -32768 -32768 -32768 1283 1286 1295 1299 1304 1303 1310 1309 1310 1306 1303 1293 1280 1262 1245 1216 1189 1145 1109 1041 965 846 808 742 721 705 667 715 710 656 654 648 647 645 646 645 655 667 679
-32768 -32768 -32768 -32768 -32768 -32768 -32768 -32768 -32768 -32768 -32768 -32768 -32768 -32768 -32768 -32768 1262 1258 1241 1223 1204 1188 1173 1148 1129 1118 1107 1098 1091 1097 -32768 -32768 -32768 -32768 -32768 -32768 -32768 -32768 -32768 -32768 -32768 -32768 -32768 -32768 -32768 1309 1311 1316 1314 1320 1321 1322 1317 1313 1301 1290 1270 1253 1224 1196 1144 1096 1056 997 883 844 765 734 763 676 673 724 660 663 657 657 653 657 656 671 674 682
-32768 -32768 -32768 -32768 -32768 -32768 -32768 -32768 -32768 -32768 -32768 -32768 -32768 -32768 -32768 -32768 1258 1249 1235 1223 1201 1183 1164 1147 1127 1116 1106 1104 1089 1133 1130 -32768 -32768 -32768 -32768 -32768 -32768 -32768 -32768 -32768 -32768 -32768 -32768 -32768 -32768 1313 1313 1317 1317 1321 1322 1322 1317 1313 1299 1288 1268 1247 1219 1191 1143 1074 1023 993 919 839 773 734 783 726 690 730 736 705 705 689 677 669 667 679 685 686
-32768 -32768 -32768 -32768 -32768 -32768 -32768 -32768 -32768 -32768 -32768 -32768 -32768 -32768 -32768 1255 1247 1242 1228 1216 1200 1182 1165 1145 1132 1121 1109 1107 1101 1099 1113 1160 -32768 -32768 -32768 -32768 -32768 -32768 -32768 -32768 -32768 -32768 -32768 -32768 -32768 1327 1327 1329 1331 1334 1333 1335 1329 1325 1311 1300 1280 1262 1231 1199 1155 1102 1034 1007 984 860 805 755 768 788 699 720 754 756 745 740 702 710 688 686 701 702
-32768 -32768 -32768 -32768 -32768 -32768 -32768 -32768 -32768 -32768 -32768 -32768 -32768 -32768 -32768 1248 1241 1238 1223 1216 1196 1181 1166 1145 1132 1121 1113 1110 1106 1105 1111 1128 1142 1159 1180 1210 -32768 -32768 -32768 -32768 -32768 -32768 -32768 -32768 -32768 1329 1329 1334 1334 1336 1335 1336 1330 1324 1312 1299 1282 1264 1232 1203 1158 1116 1055 1039 1000 929 832 784 786 800 779 709 774 766 758 753 733 720 708 698 723 720
-32768 -32768 -32768 -32768 -32768 -32768 -32768 -32768 -32768 -32768 -32768 -32768 -32768 -32768 -32768 -32768 -32768 -32768 1235 1227 1216 1184 1167 1156 1143 1130 1121 1117 1116 1116 1122 1135 1147 1158 1175 1195 1224 1254 -32768 -32768 -32768 -32768 -32768 -32768 -32768 1339 1345 1350 1352 1353 1352 1353 1344 1340 1327 1315 1297 1277 1250 1220 1183 1143 1077 1050 1024 985 881 839 781 832 819 747 725 778 770 757 751 744 715 730 746 741
-32768 -32768 -32768 -32768 -32768 -32768 -32768 -32768 -32768 -32768 -32768 -32768 -32768 -32768 -32768 -32768 -32768 -32768 -32768 -32768 1221 1183 1170 1156 1143 1133 1126 1120 1119 1120 1127 1138 1151 1161 1179 1191 1210 1233 1266 -32768 -32768 -32768 -32768 -32768 -32768 -32768 1350 1357 1357 1359 1356 1357 1350 1344 1329 1318 1299 1281 1255 1228 1192 1160 1108 1060 1027 1007 965 870 847 816 847 782 755 780 785 785 746 742 736 763 765 765
-32768 -32768 -32768 -32768 -32768 -32768 -32768 -32768 -32768 -32768 -32768 -32768 -32768 -32768 -32768 -32768 -32768 -32768 -32768 -32768 1214 1195 1174 1164 1152 1139 1132 1128 1128 1130 1135 1142 1159 1170 1184 1199 1216 1235 1265 1288 -32768 -32768 -32768 -32768 -32768 -32768 1368 1372 1373 1375 1375 1375 1368 1361 1347 1336 1315 1299 1273 1247 1216 1185 1142 1091 1042 1031 996 925 908 858 822 818 805 774 825 788 803 773 779 792 790 798
-32768 -32768 -32768 -32768 -32768 -32768 -32768 -32768 -32768 -32768 -32768 -32768 -32768 -32768 -32768 -32768 -32768 -32768 -32768 -32768 1205 1190 1175 1166 1154 1145 1136 1131 1131 1134 1137 1144 1160 1175 1188 1202 1221 1236 1258 1281 1309 -32768 -32768 -32768 -32768 -32768 1372 1376 1379 1381 1380 1380 1374 1367 1353 1341 1323 1306 1282 1262 1228 1200 1152 1130 1072 1045 1027 972 927 902 871 870 839 836 813 846 801 824 802 814 812 819
-32768 -32768 -32768 -32768 -32768 -32768 -32768 -32768 -32768 -32768 -32768 -32768 -32768 -32768 -32768 -32768 -32768 -32768 -32768 -32768 1217 1199 1193 1171 1160 1157 1148 1141 1141 1139 1147 1154 1163 1181 1200 1212 1228 1250 1269 1289 1321 -32768 -32768 -32768 -32768 1388 1386 1393 1398 1402 1401 1399 1390 1386 1373 1362 1344 1328 1304 1285 1253 1227 1192 1162 1119 1084 1054 1031 1008 998 964 950 892 887 865 888 778 783 823 843 838 840
-32768 -32768 -32768 -32768 -32768 -32768 -32768 -32768 -32768 -32768 -32768 -32768 -32768 -32768 -32768 -32768 -32768 -32768 -32768 -32768 1191 1194 1186 1171 1167 1162 1152 1146 1144 1142 1145 1155 1168 1180 1199 1217 1235 1254 1272 1295 1326 -32768 -32768 -32768 -32768 -32768 1396 1401 1406 1409 1408 1408 1399 1394 1383 1371 1355 1340 1317 1300 1268 1245 1213 1188 1148 1120 1087 1061 1039 1033 970 979 973 929 912 932 802 732 713 793 856 859
-32768 -32768 -32768 -32768 -32768 -32768 -32768 -32768 -32768 -32768 -32768 -32768 -32768 -32768 -32768 -32768 -32768 -32768 -32768 -32768 1196 1192 1183 1179 1175 1169 1166 1161 1155 1154 1156 1164 1176 1186 1204 1224 1251 1266 1286 1312 1340 -32768 -32768 -32768 -32768 1413 1414 1424 1428 1433 1432 1430 1423 1418 1405 1398 1378 1364 1342 1324 1297 1276 1243 1221 1188 1164 1137 1139 1123 1112 985 877 923 1017 958 963 951 849 749 689 768 787
-32768 -32768 -32768 -32768 -32768 -32768 -32768 -32768 -32768 -32768 -32768 -32768 -32768 -32768 -32768 -32768 -32768 -32768 -32768 -32768 -32768 1192 1186 1179 1176 1178 1171 1167 1165 1160 1161 1168 1181 1194 1210 1226 1255 1272 1294 1319 1350 -32768 -32768 -32768 -32768 1423 1429 1434 1439 1442 1442 1440 1435 1428 1417 1408 1389 1376 1356 1339 1313 1293 1265 1246 1214 1199 1207 1205 1133 1156 1078 859 905 1077 1001 993 1001 909 754 701 681 705
-32768 -32768 -32768 -32768 -32768 -32768 -32768 -32768 -32768 -32768 -32768 -32768 -32768 -32768 -32768 -32768 -32768 -32768 -32768 -32768 -32768 1197 1192 1190 1186 1193 1201 1195 1176 1169 1176 1182 1191 1201 1217 1242 1267 1286 1315 1345 1378 -32768 -32768 -32768 -32768 1446 1453 1459 1463 1467 1466 1464 1459 1453 1440 1433 1415 1402 1384 1368 1341 1324 1295 1277 1247 1227 1219 1204 1045 976 1091 951 841 1031 1082 1043 1047 1028 893 751 733 762
-32768 -32768 -32768 -32768 -32768 -32768 -32768 -32768 -32768 -32768 -32768 -32768 -32768 -32768 -32768 -32768 -32768 -32768 -32768 -32768 -32768 -32768 -32768 -32768 -32768 -32768 -32768 -32768 1179 1175 1177 1187 1197 1206 1221 1241 1271 1293 1328 1360 -32768 -32768 -32768 -32768 -32768 1456 1465 1472 1477 1479 1478 1476 1470 1464 1452 1443 1428 1414 1395 1382 1358 1341 1316 1298 1271 1253 1232 1219 917 1024 1055 1030 988 934 1106 1115 1090 979 992 864 772 754
-32768 -32768 -32768 -32768 -32768 -32768 -32768 -32768 -32768 -32768 -32768 -32768 -32768 -32768 -32768 -32768 -32768 -32768 -32768 -32768 -32768 -32768 -32768 -32768 -32768 -32768 -32768 -32768 -32768 1182 1185 1188 1206 1219 1231 1250 1282 1311 1346 1384 -32768 -32768 -32768 -32768 -32768 1482 1492 1499 1503 1505 1503 1502 1496 1489 1477 1470 1454 1440 1421 1407 1384 1369 1344 1328 1299 1283 1272 1335 1268 1367 1193 1334 1213 978 938 1092 1115 1105 1050 961 874 729
-32768 -32768 -32768 -32768 -32768 -32768 -32768 -32768 -32768 -32768 -32768 -32768 -32768 -32768 -32768 -32768 -32768 -32768 -32768 -32768 -32768 -32768 -32768 -32768 -32768 -32768 -32768 -32768 -32768 1185 1187 1191 1204 1225 1233 1254 1287 1318 1358 1396 -32768 -32768 -32768 -32768 -32768 1497 1507 1514 1520 1518 1518 1513 1508 1502 1489 1480 1463 1452 1433 1420 1398 1386 1360 1346 1317 1302 1281 1284 1271 1258 1246 1321 1203 1045 810 850 1016 1125 1092 1018 883 774
-32768 -32768 -32768 -32768 -32768 -32768 -32768 -32768 -32768 -32768 -32768 -32768 -32768 -32768 -32768 -32768 -32768 -32768 -32768 -32768 -32768 -32768 -32768 -32768 -32768 -32768 -32768 -32768 -32768 1193 1195 1193 1214 1234 1254 1266 1299 1333 1376 1416 -32768 -32768 -32768 -32768 -32768 1521 1537 1542 1545 1546 1544 1539 1533 1526 1512 1501 1484 1474 1453 1443 1420 1408 1386 1371 1347 1329 1300 1295 1277 1284 1302 1283 1255 1159 868 791 944 1067 1077 1093 1050 994
-32768 -32768 -32768 -32768 -32768 -32768 -32768 -32768 -32768 -32768 -32768 -32768 -32768 -32768 -32768 -32768 -32768 -32768 -32768 -32768 -32768 -32768 -32768 -32768 -32768 -32768 -32768 -32768 -32768 1230 1198 1195 1212 1224 1246 1269 1308 1351 1401 -32768 -32768 -32768 -32768 -32768 -32768 1539 1556 1560 1563 1562 1559 1554 1545 1537 1525 1514 1495 1482 1464 1452 1432 1419 1395 1385 1358 1342 1306 1296 1275 1265 1295 1364 1336 1229 1016 897 843 854 900 990 978 877
-32768 -32768 -32768 -32768 -32768 -32768 -32768 -32768 -32768 -32768 -32768 -32768 -32768 -32768 -32768 -32768 -32768 -32768 -32768 -32768 -32768 -32768 -32768 -32768 -32768 -32768 -32768 -32768 -32768 1252 1203 1202 1204 1216 1252 1291 1334 1373 -32768 -32768 -32768 -32768 -32768 -32768 -32768 1558 1584 1589 1590 1586 1582 1577 1567 1558 1546 1534 1515 1502 1483 1473 1448 1438 1414 1403 1379 1360 1323 1305 1279 1266 1248 1275 1308 1337 1179 1117 1043 934 826 939 880 742
-32768 -32768 -32768 -32768 -32768 -32768 -32768 -32768 -32768 -32768 -32768 -32768 -32768 -32768 -32768 -32768 -32768 -32768 -32768 -32768 -32768 -32768 -32768 -32768 -32768 -32768 -32768 -32768 -32768 -32768 1254 1238 1246 1256 1281 1314 1359 1400 -32768 -32768 -32768 -32768 -32768 -32768 -32768 1572 1598 1605 1605 1601 1595 1589 1578 1568 1555 1543 1525 1511 1490 1477 1452 1440 1416 1407 1382 1361 1326 1306 1277 1257 1238 1234 1255 1337 1292 1210 980 850 802 786 876 775
-32768 -32768 -32768 -32768 -32768 -32768 -32768 -32768 -32768 -32768 -32768 -32768 -32768 -32768 -32768 -32768 -32768 -32768 -32768 -32768 -32768 -32768 -32768 -32768 -32768 -32768 -32768 -32768 -32768 -32768 1296 1272 1277 1291 1315 1343 1388 1424 -32768 -32768 -32768 -32768 -32768 -32768 -32768 1601 1632 1634 1633 1626 1619 1610 1599 1587 1572 1560 1540 1529 1504 1490 1464 1448 1423 1410 1380 1364 1326 1302 1273 1259 1244 1232 1237 1268 1282 1283 1120 823 775 852 756 782
-32768 -32768 -32768 -32768 -32768 -32768 -32768 -32768 -32768 -32768 -32768 -32768 -32768 -32768 -32768 -32768 -32768 -32768 -32768 -32768 -32768 -32768 -32768 -32768 -32768 -32768 -32768 -32768 -32768 -32768 1308 1289 1299 1316 1338 1366 1410 1447 -32768 -32768 -32768 -32768 -32768 -32768 -32768 1617 1647 1647 1649 1639 1630 1619 1606 1595 1579 1565 1546 1532 1506 1490 1462 1444 1416 1399 1369 1350 1318 1293 1261 1245 1222 1209 1202 1214 1251 1290 1238 1030 939 1039 910 807
-32768 -32768 -32768 -32768 -32768 -32768 -32768 -32768 -32768 -32768 -32768 -32768 -32768 -32768 -32768 -32768 -32768 -32768 -32768 -32768 -32768 -32768 -32768 -32768 -32768 -32768 -32768 -32768 -32768 -32768 -32768 1326 1330 1346 1368 1398 1437 -32768 -32768 -32768 -32768 -32768 -32768 -32768 -32768 -32768 1659 1666 1666 1658 1648 1634 1623 1609 1591 1577 1554 1539 1514 1497 1465 1446 1412 1395 1365 1345 1310 1285 1255 1239 1206 1199 1185 1207 1229 1270 1274 1244 1160 1137 968 943
-32768 -32768 -32768 -32768 -32768 -32768 -32768 -32768 -32768 -32768 -32768 -32768 -32768 -32768 -32768 -32768 -32768 -32768 -32768 -32768 -32768 -32768 -32768 -32768 -32768 -32768 -32768 -32768 -32768 -32768 -32768 -32768 1363 1362 1386 1406 1439 1477 -32768 -32768 -32768 -32768 -32768 -32768 -32768 -32768 1667 1681 1677 1665 1655 1642 1627 1614 1594 1578 1555 1537 1511 1492 1462 1442 1405 1387 1356 1339 1294 1279 1314 1252 1190 1183 1173 1182 1180 1213 1221 1248 1247 1230 1097 1100
-32768 -32768 -32768 -32768 -32768 -32768 -32768 -32768 -32768 -32768 -32768 -32768 -32768 -32768 -32768 -32768 -32768 -32768 -32768 -32768 -32768 -32768 -32768 -32768 -32768 -32768 -32768 -32768 -32768 -32768 -32768 -32768 -32768 1406 1413 1430 1464 1495 -32768 -32768 -32768 -32768 -32768 -32768 -32768 -32768 1676 1689 1688 1680 1667 1653 1638 1623 1602 1585 1561 1543 1513 1494 1462 1442 1404 1383 1348 1324 1295 1270 1240 1239 1173 1165 1154 1160 1150 1163 1167 1189 1199 1237 1167 1114
-32768 -32768 -32768 -32768 -32768 -32768 -32768 -32768 -32768 -32768 -32768 -32768 -32768 -32768 -32768 -32768 -32768 -32768 -32768 -32768 -32768 -32768 -32768 -32768 -32768 -32768 -32768 -32768 -32768 -32768 -32768 -32768 -32768 1418 1431 1446 1479 1511 -32768 -32768 -32768 -32768 -32768 -32768 -32768 -32768 -32768 1680 1693 1684 1672 1657 1642 1626 1603 1586 1562 1543 1514 1489 1459 1433 1398 1373 1334 1310 1273 1240 1201 1178 1146 1139 1129 1134 1128 1138 1139 1151 1195 1236 1249 1216
-32768 -32768 -32768 -32768 -32768 -32768 -32768 -32768 -32768 -32768 -32768 -32768 -32768 -32768 -32768 -32768 -32768 -32768 -32768 -32768 -32768 -32768 -32768 -32768 -32768 -32768 -32768 -32768 -32768 -32768 -32768 -32768 -32768 1432 1447 1464 1497 1523 -32768 -32768 -32768 -32768 -32768 -32768 -32768 -32768 -32768 1685 1701 1693 1680 1665 1647 1631 1607 1590 1565 1546 1514 1492 1457 1432 1394 1368 1327 1301 1260 1235 1186 1153 1118 1137 1114 1118 1114 1129 1126 1139 1141 1169 1157 1217
