16.asc
ncols        384
nrows        456
xllcorner    93.000000000000
yllcorner    -8.000000000000
cellsize     0.041666666667
NODATA_value 0
[rows 111 to 147 of 456, columns 82 to 163 of 384]
-32768 -32768 -32768 -32768 -32768 -32768 -32768 -32768 -32768 -32768 -32768 -32768 -32768 -32768 -32768 -32768 -32768 -32768 -32768 -32768 -32768 -32768 -32768 -32768 -32768 -32768 -32768 -32768 -32768 -32768 -32768 -32768 -32768 -32768 -32768 -32768 595 603 615 624 634 643 661 668 690 697 719 729 746 757 777 790 810 827 847 858 875 885 907 922 940 953 963 978 994 1009 1021 1039 1050 1061 1065 1065 1059 1053 1050 1045 1042 1088 1049 1030 1034 1099
-32768 -32768 -32768 -32768 -32768 -32768 -32768 -32768 -32768 -32768 -32768 -32768 -32768 -32768 -32768 -32768 -32768 -32768 -32768 -32768 -32768 -32768 -32768 -32768 -32768 -32768 -32768 -32768 -32768 -32768 -32768 -32768 -32768 -32768 -32768 582 592 601 611 620 632 639 650 660 679 685 707 717 741 748 769 781 805 818 840 851 870 883 902 919 933 949 962 979 992 1005 1020 1038 1048 1065 1070 1069 1060 1060 1053 1050 1047 1044 1037 1036 1056 1048
-32768 -32768 -32768 -32768 -32768 -32768 -32768 -32768 -32768 -32768 -32768 -32768 -32768 -32768 -32768 -32768 -32768 -32768 -32768 -32768 -32768 -32768 -32768 -32768 -32768 -32768 -32768 -32768 -32768 -32768 -32768 -32768 -32768 -32768 -32768 577 586 593 605 613 625 634 646 654 674 683 703 713 736 746 770 780 800 813 835 849 868 881 898 914 928 944 961 978 988 1004 1022 1035 1050 1062 1066 1067 1062 1056 1055 1052 1049 1049 1044 1047 1054 1081
-32768 -32768 -32768 -32768 -32768 -32768 -32768 -32768 -32768 -32768 -32768 -32768 -32768 -32768 -32768 -32768 -32768 -32768 -32768 -32768 -32768 -32768 -32768 -32768 -32768 -32768 -32768 -32768 -32768 -32768 -32768 -32768 -32768 -32768 566 574 584 590 603 612 624 631 643 653 664 672 692 702 725 737 759 769 790 804 825 842 862 872 891 906 923 936 954 967 982 995 1013 1031 1042 1054 1054 1059 1053 1054 1053 1052 1048 1048 1049 1070 1090 1090
-32768 -32768 -32768 -32768 -32768 -32768 -32768 -32768 -32768 -32768 -32768 -32768 -32768 -32768 -32768 -32768 -32768 -32768 -32768 -32768 -32768 -32768 -32768 -32768 -32768 -32768 -32768 -32768 -32768 -32768 -32768 -32768 541 548 558 566 577 586 597 605 617 626 637 648 658 668 689 696 720 732 754 764 785 798 821 838 857 868 888 906 918 931 944 960 978 991 1009 1025 1037 1044 1051 1054 1051 1051 1049 1049 1047 1052 1056 1074 1085 1113
-32768 -32768 -32768 -32768 -32768 -32768 -32768 -32768 -32768 -32768 -32768 -32768 -32768 -32768 -32768 -32768 -32768 -32768 -32768 -32768 -32768 -32768 -32768 -32768 -32768 -32768 -32768 -32768 -32768 -32768 -32768 527 537 546 556 565 574 584 595 604 614 624 635 644 655 664 677 687 705 718 741 751 775 785 812 822 842 855 875 891 905 917 929 948 960 980 995 1008 1021 1031 1037 1041 1042 1041 1042 1042 1047 1052 1056 1058 1063 1066
-32768 -32768 -32768 -32768 -32768 -32768 -32768 -32768 -32768 -32768 -32768 -32768 -32768 -32768 -32768 -32768 -32768 -32768 -32768 -32768 -32768 -32768 -32768 -32768 -32768 -32768 -32768 -32768 -32768 -32768 -32768 522 532 539 549 559 568 579 589 599 609 618 629 640 651 660 671 681 701 712 737 747 773 784 807 818 837 847 863 880 894 911 924 941 956 974 985 999 1008 1022 1028 1033 1039 1038 1042 1044 1046 1051 1054 1061 1060 1066
-32768 -32768 -32768 -32768 -32768 -32768 -32768 -32768 -32768 -32768 -32768 -32768 -32768 -32768 -32768 -32768 -32768 -32768 -32768 -32768 -32768 -32768 -32768 -32768 -32768 -32768 -32768 -32768 -32768 -32768 513 519 530 538 548 556 566 575 587 596 605 616 628 635 648 658 668 678 688 698 720 732 756 767 790 799 820 830 847 863 878 895 909 925 938 954 968 980 992 1005 1014 1022 1026 1028 1031 1035 1036 1041 1045 1050 1051 1057
-32768 -32768 -32768 -32768 -32768 -32768 -32768 -32768 -32768 -32768 -32768 -32768 -32768 -32768 -32768 -32768 -32768 -32768 -32768 -32768 -32768 -32768 -32768 -32768 -32768 -32768 -32768 -32768 -32768 499 507 514 523 532 543 552 561 570 582 591 602 611 622 631 642 653 664 674 685 693 719 726 746 762 783 795 816 826 843 858 878 892 904 915 934 945 958 971 983 997 1008 1016 1019 1021 1027 1032 1035 1039 1044 1050 1056 1062
-32768 -32768 -32768 -32768 -32768 -32768 -32768 -32768 -32768 -32768 -32768 -32768 -32768 -32768 -32768 -32768 -32768 -32768 -32768 -32768 -32768 -32768 -32768 -32768 -32768 -32768 -32768 -32768 -32768 -32768 506 514 522 531 540 550 560 568 578 588 598 609 618 630 640 649 658 670 680 691 701 712 727 737 761 774 793 804 820 836 852 865 883 894 911 927 941 955 966 978 985 993 1001 1007 1012 1017 1021 1028 1033 1040 1047 1059
-32768 -32768 -32768 -32768 -32768 -32768 -32768 -32768 -32768 -32768 -32768 -32768 -32768 -32768 -32768 -32768 -32768 -32768 -32768 -32768 -32768 -32768 -32768 -32768 -32768 -32768 -32768 -32768 -32768 -32768 502 508 517 526 536 545 553 564 574 584 593 604 614 624 636 644 654 664 676 686 696 707 723 736 757 768 788 797 817 826 842 852 871 889 904 921 935 951 966 974 975 980 989 1000 1005 1010 1017 1028 1034 1044 1052 1058
-32768 -32768 -32768 -32768 -32768 -32768 -32768 -32768 -32768 -32768 -32768 -32768 -32768 -32768 -32768 -32768 -32768 -32768 -32768 -32768 -32768 -32768 -32768 -32768 -32768 -32768 -32768 -32768 -32768 -32768 503 508 517 524 534 544 552 562 572 582 591 600 612 621 632 641 651 662 671 682 691 702 710 721 733 745 762 775 791 803 817 826 843 862 882 895 913 930 945 952 954 959 968 976 985 993 1004 1015 1021 1033 1041 1048
-32768 -32768 -32768 -32768 -32768 -32768 -32768 -32768 -32768 -32768 -32768 -32768 -32768 -32768 -32768 -32768 -32768 -32768 -32768 -32768 -32768 -32768 -32768 -32768 -32768 -32768 -32768 -32768 -32768 490 496 504 512 520 531 538 547 557 567 578 588 597 606 617 626 637 646 656 666 676 687 698 706 717 729 738 757 768 787 796 811 823 836 856 878 889 903 920 932 939 944 952 961 971 978 988 999 1008 1017 1031 1041 1047
-32768 -32768 -32768 -32768 -32768 -32768 -32768 -32768 -32768 -32768 -32768 -32768 -32768 -32768 -32768 -32768 -32768 -32768 -32768 -32768 -32768 -32768 -32768 -32768 -32768 -32768 -32768 -32768 483 488 495 503 511 520 529 538 545 556 566 575 585 594 603 612 623 634 643 653 662 672 681 692 700 710 718 730 736 748 759 772 787 797 814 826 847 859 873 890 903 916 924 930 940 950 961 970 981 992 1002 1011 1023 1033
-32768 -32768 -32768 -32768 -32768 -32768 -32768 -32768 -32768 -32768 -32768 -32768 -32768 -32768 -32768 -32768 -32768 -32768 -32768 -32768 -32768 -32768 -32768 -32768 -32768 -32768 -32768 470 476 483 492 500 507 516 525 534 543 552 561 571 581 590 599 609 618 629 639 648 658 669 677 689 698 707 715 724 731 743 756 765 780 794 807 819 834 847 866 877 893 903 917 926 933 943 954 964 974 984 996 1008 1018 1031
-32768 -32768 -32768 -32768 -32768 -32768 -32768 -32768 -32768 -32768 -32768 -32768 -32768 -32768 -32768 -32768 -32768 -32768 -32768 -32768 -32768 -32768 -32768 -32768 -32768 -32768 -32768 470 476 483 491 501 508 516 524 534 542 552 561 569 578 587 596 606 615 625 633 644 653 663 672 682 691 701 708 718 725 737 741 751 756 766 778 794 810 821 839 852 868 878 892 898 909 920 932 943 955 965 977 989 1002 1015
-32768 -32768 -32768 -32768 -32768 -32768 -32768 -32768 -32768 -32768 -32768 -32768 -32768 -32768 -32768 -32768 -32768 -32768 -32768 -32768 -32768 -32768 -32768 -32768 -32768 -32768 -32768 466 472 482 488 497 504 512 521 530 538 546 556 565 573 583 592 602 610 622 630 641 650 660 669 679 687 697 705 715 721 733 737 747 753 762 775 784 804 814 832 842 858 869 883 889 902 912 926 935 949 960 972 982 996 1008
-32768 -32768 -32768 -32768 -32768 -32768 -32768 -32768 -32768 -32768 -32768 -32768 -32768 -32768 -32768 -32768 -32768 -32768 -32768 -32768 -32768 -32768 -32768 -32768 -32768 -32768 461 466 474 481 489 497 506 513 522 530 537 546 555 564 571 581 589 600 608 617 625 636 643 654 661 673 680 690 696 708 715 725 730 740 746 755 760 769 777 791 806 816 832 843 857 864 878 889 901 911 925 938 948 962 972 984
-32768 -32768 -32768 -32768 -32768 -32768 -32768 -32768 -32768 -32768 -32768 -32768 -32768 -32768 -32768 -32768 -32768 -32768 -32768 -32768 -32768 -32768 -32768 -32768 -32768 -32768 458 465 472 480 487 496 503 512 518 527 534 543 552 559 568 579 586 595 604 614 623 632 640 651 658 670 677 686 694 704 711 721 726 736 742 751 755 767 770 781 800 806 821 831 846 854 869 884 894 904 917 930 940 954 964 975
-32768 -32768 -32768 -32768 -32768 -32768 -32768 -32768 -32768 -32768 -32768 -32768 -32768 -32768 -32768 -32768 -32768 -32768 -32768 -32768 -32768 -32768 -32768 -32768 -32768 457 462 467 475 482 490 497 502 512 518 527 533 543 549 559 566 576 582 592 600 610 618 627 636 645 653 661 670 679 687 697 703 714 719 729 734 744 749 758 763 772 776 786 797 806 823 832 847 860 870 879 893 906 918 932 940 952
-32768 -32768 -32768 -32768 -32768 -32768 -32768 -32768 -32768 -32768 -32768 -32768 -32768 -32768 -32768 -32768 -32768 -32768 -32768 -32768 -32768 -32768 -32768 -32768 452 455 460 467 474 482 489 496 501 510 515 525 531 539 545 555 562 572 579 589 597 607 614 624 632 642 648 659 666 677 683 693 700 711 715 724 731 740 744 753 758 766 770 779 786 796 815 826 840 849 863 874 885 900 911 923 932 944
-32768 -32768 -32768 -32768 -32768 -32768 -32768 -32768 -32768 -32768 -32768 -32768 -32768 -32768 -32768 -32768 -32768 -32768 -32768 -32768 -32768 -32768 -32768 447 450 457 463 471 476 484 491 498 502 512 516 525 531 539 544 552 560 569 576 586 592 603 608 620 626 637 643 654 660 670 676 686 694 703 707 719 724 733 737 748 752 759 763 772 776 783 787 798 817 825 839 848 865 873 888 898 911 924
-32768 -32768 -32768 -32768 -32768 -32768 -32768 -32768 -32768 -32768 -32768 -32768 -32768 -32768 -32768 -32768 -32768 -32768 -32768 -32768 -32768 433 439 445 450 457 463 470 477 484 490 497 502 510 514 523 528 536 543 550 558 566 573 583 589 601 606 617 623 633 641 650 657 667 673 683 689 698 705 715 719 729 734 742 747 754 759 767 771 778 783 791 806 815 832 841 853 866 878 889 902 914
-32768 -32768 -32768 -32768 -32768 -32768 -32768 -32768 -32768 -32768 -32768 -32768 -32768 -32768 -32768 -32768 -32768 -32768 -32768 -32768 433 435 440 449 454 462 468 476 481 487 493 499 503 510 515 521 526 534 541 549 555 563 570 579 586 596 602 613 618 628 636 645 651 661 666 676 681 691 698 706 712 722 727 735 739 748 752 761 767 773 775 783 785 792 806 818 831 839 854 862 876 888
-32768 -32768 -32768 -32768 -32768 -32768 -32768 -32768 -32768 -32768 -32768 -32768 -32768 -32768 -32768 -32768 -32768 -32768 -32768 -32768 431 435 443 451 458 465 471 476 481 488 493 498 502 508 514 520 525 533 538 548 553 563 569 578 584 593 599 611 615 627 634 642 648 658 663 673 678 688 693 702 706 716 722 730 735 742 747 757 759 766 769 775 779 787 799 810 824 831 846 855 867 875
442 425 -32768 -32768 -32768 -32768 -32768 -32768 380 378 377 378 380 384 386 391 407 -32768 423 429 433 440 450 459 464 471 477 482 486 491 493 499 502 510 513 519 522 532 536 545 551 560 566 575 581 591 597 606 612 622 628 637 643 653 656 669 674 682 688 695 701 710 715 724 728 737 741 750 754 762 764 770 773 778 780 787 800 808 821 832 842 853
475 458 439 421 410 404 410 408 405 399 393 386 382 384 385 388 394 407 418 429 438 448 458 466 471 475 481 485 488 493 494 500 502 507 510 519 521 529 535 544 549 558 565 574 579 589 595 604 611 620 626 635 640 650 655 664 669 680 684 693 699 707 712 718 725 731 737 744 748 754 758 763 764 770 771 779 794 803 816 823 836 846
504 491 468 459 448 438 431 423 417 408 400 392 388 388 390 391 396 407 421 434 448 458 465 473 479 484 487 491 492 496 496 501 502 508 511 517 520 527 533 542 546 555 560 570 576 585 591 602 606 616 621 630 635 645 649 658 663 673 678 688 693 701 704 713 719 726 729 736 740 746 751 757 760 763 766 769 774 787 797 800 814 822
529 511 496 487 472 466 460 448 439 425 417 407 398 395 395 397 403 414 431 447 460 469 477 483 488 492 493 496 497 500 499 503 502 508 510 516 518 527 531 540 546 554 559 569 575 583 591 600 606 615 619 629 633 644 647 654 660 669 675 684 689 697 700 709 713 720 725 729 733 739 744 749 752 755 757 761 767 779 790 795 806 816
571 536 519 511 508 505 485 466 451 437 429 418 414 406 406 407 411 427 447 464 476 487 492 497 499 501 500 502 501 502 501 503 504 507 508 513 516 524 529 538 544 552 558 567 572 583 587 598 602 611 616 624 631 638 643 653 657 664 671 678 684 692 696 703 707 715 719 726 728 734 737 744 745 749 750 754 757 760 768 775 788 798
666 590 561 553 525 524 507 483 469 460 450 440 450 442 433 428 436 452 470 486 499 505 508 510 511 510 509 509 507 507 503 504 504 506 507 512 516 524 529 539 544 552 557 567 572 583 587 596 601 610 616 624 629 636 642 650 654 662 668 675 679 687 690 697 703 709 714 720 722 727 731 735 738 742 741 744 745 751 763 770 782 788
691 663 624 604 565 549 524 505 492 481 473 461 477 469 449 455 463 479 497 516 523 525 525 523 520 519 515 515 510 509 507 506 501 503 505 510 512 521 527 536 542 552 557 566 571 580 586 595 602 609 612 621 626 634 639 647 651 657 662 670 676 683 687 693 698 704 709 713 716 723 725 730 734 738 738 740 739 742 747 752 765 771
701 684 651 620 593 597 570 539 537 534 515 495 490 481 470 469 483 504 527 549 549 544 539 536 531 530 524 520 516 517 511 509 504 503 503 509 512 522 529 539 543 553 557 568 572 580 586 596 601 609 612 621 625 631 637 644 648 654 659 668 671 678 682 688 693 700 703 707 711 715 719 723 725 727 729 731 733 734 741 747 761 766
689 681 672 658 619 611 584 578 575 568 549 538 529 509 472 487 502 517 541 565 563 557 551 545 539 536 529 524 520 518 514 511 505 503 500 508 513 521 528 538 543 553 558 568 573 581 586 595 598 607 611 619 623 631 635 641 646 652 658 664 668 675 679 685 690 695 699 704 706 712 714 717 719 722 724 727 730 729 730 732 745 750
691 684 663 667 651 636 609 606 594 581 573 563 549 515 489 487 498 527 550 564 566 566 560 553 548 544 539 535 527 525 520 518 510 507 502 511 516 525 531 541 548 556 561 570 576 582 588 597 600 608 612 619 623 631 635 641 646 650 655 662 665 671 674 680 685 690 693 698 700 704 707 711 712 715 716 719 719 720 719 726 737 745
701 706 664 658 659 642 624 609 589 603 605 586 553 548 520 496 497 521 544 561 556 557 561 557 550 549 542 538 532 530 523 521 514 514 511 515 522 528 534 543 549 557 564 571 575 585 588 596 601 607 611 619 623 630 633 639 643 649 653 659 662 668 671 676 681 687 690 694 698 702 704 707 707 711 714 714 715 716 714 712 723 731
694 690 670 669 676 654 640 615 617 666 671 618 596 579 552 565 586 527 511 547 548 556 551 558 558 557 549 542 538 537 532 529 524 524 521 526 528 535 540 549 555 563 568 576 580 588 593 599 603 609 612 620 623 630 633 638 643 647 652 656 659 665 670 672 676 681 684 689 691 695 697 699 701 704 706 707 707 707 706 705 719 729
