16.asc
ncols        384
nrows        456
xllcorner    93.000000000000
yllcorner    -8.000000000000
cellsize     0.041666666667
NODATA_value 0
[rows 370 to 406 of 456, columns 246 to 327 of 384]
792 764 746 734 727 721 722 714 714 712 711 690 670 664 664 661 654 652 646 650 657 645 640 645 653 664 669 677 685 692 702 706 712 715 720 722 725 727 728 729 731 733 733 733 733 733 731 729 721 718 707 704 692 686 675 669 657 651 641 636 628 620 613 606 600 595 589 584 580 577 578 574 578 574 581 577 583 579 588 582 591 588
829 801 774 748 737 724 718 714 712 707 704 686 675 673 672 671 663 651 649 644 644 643 641 645 653 666 671 678 687 692 700 707 710 712 718 719 721 723 725 725 728 728 728 730 729 732 728 726 719 716 707 701 687 681 669 663 651 645 635 630 621 615 606 600 594 590 583 578 574 568 568 562 567 563 568 564 571 566 575 569 578 573
866 841 802 775 745 735 728 721 720 707 700 690 692 690 688 685 680 668 659 649 642 645 646 651 661 669 675 684 690 698 702 707 709 713 714 714 715 716 715 717 716 719 717 720 719 720 717 715 711 708 696 689 677 671 657 651 639 633 622 617 607 602 593 588 580 574 568 565 559 555 551 547 545 540 546 543 547 544 549 547 556 553
893 862 833 779 749 738 735 727 723 715 701 693 693 696 700 694 688 679 669 657 650 646 649 657 667 669 679 687 693 701 704 708 708 712 710 709 710 711 709 710 711 713 713 715 714 716 710 710 705 700 690 684 672 665 653 646 633 628 616 610 600 594 586 580 572 568 562 557 552 550 545 541 538 535 534 531 536 533 539 535 543 540
908 897 849 792 765 747 743 738 732 723 711 710 700 698 702 704 696 688 678 668 659 656 662 667 674 680 688 695 702 709 707 710 708 708 705 702 701 700 700 700 699 701 700 703 702 702 699 698 691 687 677 671 660 652 640 632 620 613 604 599 585 580 573 567 559 555 547 543 539 534 530 527 525 521 520 517 518 514 515 513 521 517
933 918 874 823 783 758 745 740 731 725 719 718 710 691 704 701 696 691 684 674 669 665 669 673 679 685 693 702 706 714 711 710 709 704 699 697 694 694 693 693 692 695 696 698 695 696 692 691 684 680 670 665 652 645 632 626 614 607 596 590 579 574 566 561 552 548 541 538 531 526 524 521 519 515 515 511 510 507 509 506 509 506
951 942 917 854 817 794 768 759 741 741 737 716 726 720 710 701 692 687 685 677 674 676 677 680 683 690 697 707 716 718 716 708 704 698 692 689 684 683 682 682 680 683 683 686 685 686 681 679 672 670 657 652 639 633 620 614 602 596 584 578 568 561 552 547 539 534 528 525 519 514 511 507 505 502 501 497 498 495 496 495 497 494
973 952 937 903 842 819 787 786 747 745 744 725 713 723 715 700 687 682 687 682 675 677 676 681 684 689 689 698 710 714 714 706 699 692 685 683 677 676 672 673 674 677 676 679 677 679 675 675 667 664 654 650 635 630 614 609 594 588 576 570 561 554 546 541 533 528 522 517 511 508 503 501 498 496 495 491 491 490 491 487 491 489
997 979 958 934 903 852 822 830 760 749 744 733 734 719 716 708 691 684 686 680 677 679 677 681 682 685 682 684 698 707 703 698 690 684 674 672 665 664 661 661 661 665 665 670 668 673 669 670 662 660 647 644 628 623 606 601 587 581 566 562 549 544 533 526 519 516 508 504 499 494 492 487 485 483 481 479 480 476 479 477 478 475
1005 986 980 963 933 906 884 827 793 761 747 737 744 741 717 712 706 694 688 709 687 680 689 684 679 680 695 688 685 695 690 688 678 673 666 663 657 657 653 653 654 659 659 665 665 671 667 669 660 657 645 640 625 620 605 598 582 575 563 558 545 541 528 516 513 510 503 499 493 489 486 482 480 477 476 473 475 471 473 470 473 470
-32768 1002 989 976 961 949 922 878 850 814 781 748 740 746 738 714 724 715 696 708 699 696 719 712 682 695 702 683 680 683 678 674 665 661 654 652 647 645 642 645 644 648 651 660 661 668 666 668 657 653 640 636 619 612 597 590 575 571 558 551 538 536 521 510 505 502 492 488 482 478 473 471 469 464 465 463 463 461 462 460 463 459
-32768 -32768 1002 990 975 962 949 916 890 851 823 789 765 738 731 743 714 715 705 724 716 733 720 710 686 696 694 680 680 675 669 666 657 649 644 642 638 637 636 637 638 643 647 656 659 667 665 667 657 651 638 631 614 608 591 586 572 567 552 547 535 530 517 514 502 498 489 486 479 474 468 466 464 460 460 457 458 454 457 454 457 455
-32768 -32768 -32768 1002 991 973 965 948 937 912 885 854 815 748 748 744 727 730 716 712 718 744 714 704 691 689 679 682 703 685 666 669 662 646 634 633 627 629 625 628 628 637 642 652 656 666 666 666 653 647 632 625 608 602 585 579 565 559 546 541 529 526 512 508 496 493 484 481 473 469 463 461 457 455 452 450 449 448 449 446 450 447
-32768 -32768 -32768 -32768 1001 990 982 973 961 942 927 916 854 761 763 746 742 744 728 721 713 713 705 707 705 703 690 695 692 678 673 702 693 654 644 645 621 621 619 621 624 632 637 648 652 663 663 663 650 644 629 621 604 595 579 572 559 554 540 537 525 520 508 505 493 490 481 478 470 467 460 459 456 453 450 450 448 446 447 445 448 446
-32768 -32768 -32768 -32768 -32768 -32768 -32768 -32768 977 959 953 937 918 844 780 764 747 742 735 727 721 717 709 709 709 710 712 693 680 678 682 719 687 652 636 635 612 610 607 613 614 625 630 641 646 657 656 657 646 637 622 614 597 589 573 567 554 550 537 533 519 515 505 496 490 486 477 474 467 464 458 455 452 451 449 447 447 445 444 445 446 445
-32768 -32768 -32768 -32768 -32768 -32768 -32768 -32768 -32768 978 968 951 943 932 862 797 769 758 742 737 734 730 718 714 720 726 706 694 693 693 679 683 672 654 628 617 607 604 599 605 609 618 623 634 639 649 650 649 637 631 615 606 591 582 566 560 549 542 530 527 514 511 500 487 486 483 474 471 464 462 456 454 451 449 446 445 445 444 444 443 445 444
-32768 -32768 -32768 -32768 -32768 -32768 -32768 -32768 -32768 -32768 -32768 968 960 948 930 882 839 817 759 743 735 736 723 719 716 734 717 702 692 685 688 682 662 646 627 619 614 599 593 597 601 611 614 625 630 639 642 642 629 623 607 599 588 577 561 557 544 539 527 523 512 509 498 485 484 481 472 470 462 460 454 453 449 448 445 445 445 445 445 445 447 446
-32768 -32768 -32768 -32768 -32768 -32768 -32768 -32768 -32768 -32768 -32768 -32768 -32768 959 953 949 924 864 820 781 765 745 733 735 725 716 723 719 710 704 701 684 669 654 647 639 651 607 594 589 592 600 606 615 620 627 628 629 619 613 599 592 576 569 557 554 540 533 520 517 506 503 493 480 479 478 468 467 460 457 451 450 446 445 444 443 445 443 446 445 448 446
-32768 -32768 -32768 -32768 -32768 -32768 -32768 -32768 -32768 -32768 -32768 -32768 -32768 963 959 952 932 886 849 832 805 760 736 733 751 725 710 707 702 696 698 684 663 650 639 629 615 609 592 581 583 594 597 606 609 617 616 617 607 604 591 584 569 564 553 553 539 533 519 515 505 502 492 480 481 478 470 468 461 460 453 451 447 446 446 446 448 448 449 449 450 449
-32768 -32768 -32768 -32768 -32768 -32768 -32768 -32768 -32768 -32768 -32768 -32768 -32768 -32768 960 954 938 918 882 849 810 778 747 745 771 763 723 714 704 701 708 701 682 661 646 638 625 616 599 585 576 584 587 597 599 605 603 605 595 592 579 575 560 555 545 544 529 526 515 511 499 497 489 477 475 474 467 466 457 456 451 449 446 445 445 444 446 447 448 447 449 450
-32768 -32768 -32768 -32768 -32768 -32768 -32768 -32768 -32768 -32768 -32768 -32768 -32768 -32768 -32768 947 934 922 899 866 832 790 763 749 761 770 729 717 713 707 710 729 699 667 651 641 627 616 599 585 568 577 581 588 589 596 596 599 588 584 572 568 557 550 540 539 531 528 516 511 501 498 489 479 479 477 469 469 462 460 455 454 451 450 450 450 451 450 453 453 454 454
-32768 -32768 -32768 -32768 -32768 -32768 -32768 -32768 -32768 -32768 -32768 -32768 -32768 -32768 -32768 -32768 937 925 908 887 858 824 785 762 745 762 750 734 718 724 717 704 690 674 663 653 639 625 608 590 571 568 572 578 579 587 588 588 578 573 563 559 549 544 532 531 523 522 515 509 498 495 485 482 476 473 467 466 459 458 453 452 450 450 449 450 451 451 452 453 456 455
-32768 -32768 -32768 -32768 -32768 -32768 -32768 -32768 -32768 -32768 -32768 -32768 -32768 -32768 -32768 -32768 -32768 920 903 891 871 845 808 776 761 742 758 744 729 714 709 700 690 686 667 655 642 629 610 590 569 559 562 570 573 582 580 579 570 569 558 555 546 542 531 528 522 526 514 512 505 497 481 486 479 478 472 472 465 464 460 460 458 457 457 456 457 458 460 461 463 463
-32768 -32768 -32768 -32768 -32768 -32768 -32768 -32768 -32768 -32768 -32768 -32768 -32768 -32768 -32768 -32768 -32768 -32768 907 897 882 869 844 811 787 763 748 770 760 748 723 708 699 715 691 667 652 638 620 600 577 558 557 564 572 593 589 576 560 560 552 549 542 534 525 522 514 518 510 506 496 493 476 483 476 476 470 469 462 462 458 458 455 456 455 455 457 457 462 462 464 464
-32768 -32768 -32768 -32768 -32768 -32768 -32768 -32768 -32768 -32768 -32768 -32768 -32768 -32768 -32768 -32768 -32768 -32768 899 889 877 867 852 828 799 775 751 743 783 782 763 750 704 702 707 672 654 640 622 602 578 559 555 579 593 653 602 568 546 557 552 549 540 536 526 523 515 515 510 510 499 498 -32768 489 482 482 477 476 471 471 466 467 464 465 464 465 466 467 470 472 472 474
-32768 -32768 -32768 -32768 -32768 -32768 -32768 -32768 -32768 -32768 -32768 -32768 -32768 -32768 -32768 -32768 -32768 -32768 -32768 896 881 873 861 847 820 798 780 755 748 798 803 802 791 722 697 679 675 655 633 612 589 569 564 630 661 634 598 562 534 536 555 548 536 532 520 518 510 509 503 504 495 495 -32768 487 480 481 475 475 470 468 466 465 463 464 462 465 467 468 469 472 474 475
-32768 -32768 -32768 -32768 -32768 -32768 -32768 -32768 -32768 -32768 -32768 -32768 -32768 -32768 -32768 -32768 -32768 -32768 -32768 -32768 874 867 853 845 832 811 798 768 747 763 797 797 799 779 740 695 672 653 640 624 603 585 582 653 686 624 593 562 540 538 552 559 544 538 526 520 513 512 508 507 502 502 492 495 489 489 485 484 479 478 476 475 473 474 473 476 476 478 480 482 484 485
-32768 -32768 -32768 -32768 -32768 -32768 -32768 -32768 -32768 -32768 -32768 -32768 -32768 -32768 -32768 -32768 -32768 -32768 -32768 -32768 876 870 860 851 842 832 816 794 771 758 767 799 777 733 712 716 681 665 654 654 653 650 606 589 597 574 553 547 538 537 534 547 543 534 523 517 511 509 505 506 502 501 492 495 489 490 484 483 478 477 474 474 472 473 472 474 477 479 480 483 484 487
-32768 -32768 -32768 -32768 -32768 -32768 -32768 -32768 -32768 -32768 -32768 -32768 -32768 -32768 -32768 -32768 -32768 -32768 -32768 -32768 -32768 -32768 845 843 833 827 816 808 794 765 748 745 764 742 720 710 687 666 652 636 619 640 625 565 556 558 548 549 546 545 543 545 543 539 528 524 517 516 513 513 511 512 504 506 501 500 495 494 489 489 484 485 483 483 483 488 487 490 491 495 497 499
-32768 -32768 -32768 -32768 -32768 -32768 -32768 -32768 -32768 -32768 -32768 -32768 -32768 -32768 -32768 -32768 -32768 -32768 -32768 -32768 -32768 -32768 -32768 842 837 831 823 814 802 788 773 757 742 752 733 714 689 674 654 636 616 607 598 587 601 584 554 554 549 550 545 543 539 538 529 522 516 517 513 515 512 515 509 509 504 502 496 494 489 487 483 483 481 483 483 486 486 490 492 496 498 501
-32768 -32768 -32768 -32768 -32768 -32768 -32768 -32768 -32768 -32768 -32768 -32768 -32768 -32768 -32768 -32768 -32768 -32768 -32768 -32768 -32768 -32768 -32768 -32768 823 821 812 806 795 786 775 764 743 732 724 707 687 669 649 634 621 606 604 583 635 578 564 568 562 561 558 555 549 545 538 532 525 528 526 531 527 529 525 523 518 516 510 507 502 500 495 495 494 495 494 498 499 502 504 509 510 515
-32768 -32768 -32768 -32768 -32768 -32768 -32768 -32768 -32768 -32768 -32768 -32768 -32768 -32768 -32768 -32768 -32768 -32768 -32768 -32768 -32768 -32768 -32768 -32768 -32768 822 815 809 799 792 779 768 755 744 727 713 695 679 660 642 627 611 599 601 639 579 572 573 569 570 566 564 558 553 545 538 534 552 537 538 536 536 531 528 523 518 512 507 502 500 496 494 492 494 494 497 498 502 505 509 512 517
-32768 -32768 -32768 -32768 -32768 -32768 -32768 -32768 -32768 -32768 -32768 -32768 -32768 -32768 -32768 -32768 -32768 -32768 -32768 -32768 -32768 -32768 -32768 -32768 -32768 802 799 794 789 782 771 760 749 737 722 708 692 683 661 644 625 606 600 588 585 600 587 587 585 587 584 583 577 573 567 560 621 675 587 562 559 555 552 548 541 536 528 522 517 512 507 508 503 505 505 507 509 513 516 523 523 527
-32768 -32768 -32768 -32768 -32768 -32768 -32768 -32768 -32768 -32768 -32768 -32768 -32768 -32768 -32768 -32768 -32768 -32768 -32768 -32768 -32768 -32768 -32768 -32768 -32768 -32768 -32768 789 788 785 775 766 754 744 729 715 701 693 686 655 630 -32768 -32768 603 590 599 601 601 604 599 597 597 591 590 583 580 599 662 603 591 574 568 562 557 549 542 532 527 518 513 507 507 504 503 503 506 507 512 514 523 523 527
-32768 -32768 -32768 -32768 -32768 -32768 -32768 -32768 -32768 -32768 -32768 -32768 -32768 -32768 -32768 -32768 -32768 -32768 -32768 -32768 -32768 -32768 -32768 -32768 -32768 -32768 -32768 -32768 777 774 764 757 746 736 724 710 694 685 678 647 -32768 -32768 -32768 -32768 -32768 -32768 598 616 618 619 619 620 617 617 616 612 608 607 608 614 602 597 588 581 571 562 552 544 533 526 520 518 515 516 515 518 519 524 526 532 535 545
-32768 -32768 -32768 -32768 -32768 -32768 -32768 -32768 -32768 -32768 -32768 -32768 -32768 -32768 -32768 -32768 -32768 -32768 -32768 -32768 -32768 -32768 -32768 -32768 -32768 -32768 -32768 -32768 773 775 768 760 752 740 731 720 692 -32768 -32768 -32768 -32768 -32768 -32768 -32768 -32768 -32768 -32768 -32768 622 631 634 638 639 640 645 636 633 632 631 630 622 616 606 597 583 573 559 548 535 527 520 516 512 514 514 518 519 524 528 535 538 549
-32768 -32768 -32768 -32768 -32768 -32768 -32768 -32768 -32768 -32768 -32768 -32768 -32768 -32768 -32768 -32768 -32768 -32768 -32768 -32768 -32768 -32768 -32768 -32768 -32768 -32768 -32768 -32768 -32768 759 760 753 743 734 723 715 689 -32768 -32768 -32768 -32768 -32768 -32768 -32768 -32768 -32768 -32768 -32768 -32768 649 657 664 668 686 674 673 671 672 669 665 656 653 642 628 611 596 591 584 549 539 531 527 523 526 525 531 532 538 542 549 552 563
