16.asc
ncols        384
nrows        456
xllcorner    93.000000000000
yllcorner    -8.000000000000
cellsize     0.041666666667
NODATA_value 0
[rows 0 to 36 of 456, columns 246 to 327 of 384]
1323 1302 1262 1239 1206 1181 1145 1119 1083 1057 1021 994 958 930 895 863 820 751 733 718 682 644 613 586 562 573 539 502 467 451 451 418 405 397 404 422 433 433 428 425 424 422 423 422 423 424 427 429 433 434 438 442 447 451 459 463 472 477 486 494 500 504 512 511 515 515 522 530 548 571 600 624 649 664 679 687 698 702 710 708 712 703
1315 1293 1257 1238 1204 1182 1147 1124 1090 1066 1034 1007 974 948 915 886 846 761 739 723 692 659 627 597 568 547 526 498 476 462 451 430 418 411 416 425 431 433 431 428 425 425 424 423 423 424 426 427 432 433 436 439 445 450 455 460 467 471 480 485 491 495 500 501 505 509 516 524 543 564 593 620 646 661 674 682 693 697 705 706 707 702
1317 1299 1265 1245 1213 1193 1160 1140 1107 1086 1056 1034 1001 979 947 905 816 793 770 754 725 689 657 626 595 569 543 520 499 481 471 453 441 437 434 438 443 443 442 438 436 435 433 432 433 432 434 435 437 441 441 446 449 453 459 463 468 472 479 484 490 493 498 500 504 507 515 525 545 565 592 618 648 661 673 680 692 698 707 711 716 709
1307 1290 1260 1242 1210 1192 1161 1143 1114 1095 1067 1047 1022 1002 973 899 804 800 782 764 742 708 670 636 604 581 556 531 508 492 474 462 451 445 445 443 442 442 441 437 436 434 433 433 433 431 434 434 434 438 440 444 447 450 455 458 462 466 472 475 481 483 488 491 496 497 510 523 542 560 585 608 632 647 663 672 685 693 704 710 718 715
1311 1296 1267 1250 1221 1205 1176 1161 1134 1117 1090 1076 1052 1038 1013 921 841 829 821 804 781 749 708 671 639 610 581 557 534 517 500 486 483 469 464 461 458 457 452 449 448 446 444 444 443 442 442 444 444 447 447 449 453 455 459 461 467 471 472 475 480 481 486 488 492 498 510 523 539 557 581 598 623 638 655 667 683 693 707 716 729 733
1300 1287 1261 1244 1216 1202 1177 1162 1138 1123 1101 1091 1069 1063 1044 989 842 832 823 808 801 770 721 683 650 624 592 567 544 528 510 497 496 478 472 467 461 459 454 451 449 446 445 444 443 442 442 442 444 445 445 448 449 453 454 456 461 462 467 468 471 473 478 480 487 493 508 518 533 548 570 587 608 624 642 656 673 683 701 711 729 742
1305 1295 1268 1254 1229 1218 1192 1178 1157 1145 1126 1121 1105 1105 1093 1071 888 865 853 846 848 817 758 718 680 653 622 598 572 553 537 524 512 508 492 487 481 474 470 468 461 461 457 455 453 453 453 454 451 453 454 456 456 458 460 463 465 466 468 469 471 474 478 479 488 493 505 514 530 543 562 578 597 614 634 647 666 678 697 710 729 743
1294 1285 1261 1248 1225 1213 1189 1180 1159 1152 1137 1135 1118 1133 1129 1122 959 869 854 848 859 836 771 729 689 662 637 610 584 564 547 534 520 512 502 499 486 481 474 471 464 461 458 456 455 452 453 452 451 451 451 452 453 454 458 459 460 462 465 464 466 466 471 476 483 489 498 507 519 531 548 564 583 599 620 633 652 665 681 692 711 722
1301 1296 1273 1263 1243 1242 1207 1201 1184 1181 1170 1165 1167 1181 1182 1184 1150 949 889 880 879 886 810 762 725 701 671 645 615 596 575 562 549 537 527 519 508 501 497 485 480 477 474 470 469 464 463 461 462 460 460 461 461 463 464 465 466 468 467 467 470 468 472 476 484 488 497 503 516 525 540 551 574 589 612 625 646 655 671 681 698 704
1283 1283 1265 1255 1249 1244 1210 1205 1192 1192 1185 1190 1192 1206 1212 1224 1228 1117 954 935 920 907 817 774 738 714 688 663 623 605 586 575 562 551 537 526 518 513 513 492 483 486 478 471 470 465 463 462 460 459 458 460 460 460 461 461 464 463 463 463 465 465 470 474 479 483 490 494 502 511 525 537 555 572 596 613 630 638 652 660 673 677
1305 1297 1278 1271 1252 1248 1232 1231 1219 1222 1216 1226 1230 1245 1253 1271 1273 1311 1303 1190 1065 973 887 832 790 760 732 696 660 638 623 609 593 582 567 556 542 538 522 513 504 500 493 488 481 481 478 476 472 470 470 468 467 468 471 470 470 471 468 466 469 470 476 475 480 482 488 491 498 502 513 524 542 560 584 606 621 626 636 644 655 661
1294 1290 1271 1267 1250 1248 1234 1232 1223 1227 1224 1234 1238 1252 1262 1282 1280 1230 1158 1118 1081 1002 921 865 817 785 745 715 680 658 642 627 609 594 579 565 551 540 527 518 510 519 502 490 486 482 478 476 472 471 469 466 466 467 468 469 468 468 466 465 470 470 473 474 478 480 481 481 488 489 497 504 521 537 563 581 599 603 615 619 628 634
1304 1301 1287 1282 1268 1266 1255 1256 1247 1252 1250 1258 1260 1274 1279 1293 1284 1247 1206 1186 1119 1048 977 923 871 842 797 769 734 713 688 670 649 630 610 595 580 567 552 547 556 546 517 508 502 499 493 489 485 483 480 476 476 478 478 479 480 476 474 474 478 476 479 478 481 480 483 480 482 482 486 487 501 519 546 563 582 589 601 602 612 617
1294 1291 1278 1276 1263 1262 1251 1254 1245 1249 1246 1253 1251 1261 1262 1266 1248 1236 1225 1185 1122 1063 995 949 896 864 821 795 765 743 715 691 667 647 624 608 588 575 560 548 537 529 518 511 505 502 496 493 488 484 479 479 476 478 477 477 478 475 478 477 480 478 480 480 479 478 479 475 476 470 469 468 479 497 524 542 562 569 579 580 588 591
1304 1304 1291 1290 1279 1279 1268 1270 1263 1269 1270 1285 1284 1298 1291 1298 1276 1279 1229 1204 1153 1105 1044 999 949 913 873 849 823 803 765 738 707 685 659 639 617 602 584 571 558 565 539 530 523 518 512 508 501 497 496 491 487 490 488 488 487 485 488 485 488 486 488 486 488 483 484 478 478 471 466 458 462 491 520 537 555 560 570 569 574 575
1290 1292 1280 1281 1268 1270 1260 1262 1253 1268 1265 1280 1273 1286 1279 1281 1264 1251 1144 1173 1136 1096 1041 1006 960 929 892 869 842 820 782 753 722 698 669 650 628 609 592 579 562 556 544 536 527 522 519 513 507 502 497 494 490 490 488 487 488 490 491 488 492 489 490 488 488 485 485 480 477 470 468 462 471 491 518 533 545 550 557 555 557 550
1302 1302 1294 1293 1282 1290 1284 1298 1294 1306 1304 1317 1311 1317 1312 1313 1294 1281 1242 1209 1167 1135 1079 1047 1006 980 939 916 884 857 823 793 759 732 702 681 658 638 617 603 586 575 563 555 549 543 536 532 526 522 517 511 508 505 504 501 501 501 502 499 501 499 499 499 499 495 494 489 486 481 481 481 493 509 531 542 553 554 560 556 560 558
1290 1290 1280 1284 1279 1286 1280 1290 1289 1298 1294 1302 1297 1304 1294 1289 1271 1260 1226 1182 1157 1126 1076 1051 1013 987 948 923 888 865 830 803 771 744 713 692 666 646 625 609 590 581 567 561 554 550 546 539 536 529 522 519 513 510 507 506 507 506 506 505 506 503 504 502 506 500 498 493 493 489 492 496 507 520 539 546 554 555 558 556 561 561
1311 1315 1310 1318 1317 1322 1320 1329 1326 1334 1329 1338 1330 1336 1322 1320 1301 1290 1260 1230 1188 1164 1118 1091 1055 1029 989 963 927 902 865 839 804 781 749 724 696 677 652 634 613 601 589 584 578 575 569 565 556 553 545 541 535 528 525 521 521 519 520 516 518 515 516 514 515 511 510 506 508 505 512 514 527 539 558 560 566 564 570 567 574 575
1300 1309 1303 1312 1307 1315 1312 1321 1315 1323 1318 1325 1316 1321 1305 1301 1278 1272 1245 1224 1187 1158 1117 1092 1057 1030 991 969 932 908 872 846 814 788 758 734 706 685 659 642 619 606 596 590 587 585 580 575 567 561 555 548 542 535 533 530 529 527 525 522 522 519 519 517 518 514 516 512 516 515 521 526 537 545 559 564 569 566 573 570 578 578
1332 1341 1339 1343 1343 1353 1346 1356 1353 1358 1353 1359 1347 1352 1335 1330 1309 1302 1274 1255 1217 1193 1156 1132 1095 1070 1033 1007 971 944 909 884 851 827 792 770 737 717 691 670 647 634 626 620 616 614 608 603 596 587 581 573 564 559 554 549 548 543 540 536 535 532 534 529 530 529 528 527 531 530 538 542 554 561 570 575 583 581 587 586 593 595
1322 1330 1329 1334 1335 1340 1338 1343 1340 1344 1340 1346 1332 1333 1320 1312 1291 1287 1260 1242 1206 1188 1148 1126 1092 1069 1032 1007 971 949 914 888 855 832 801 779 749 730 704 687 661 653 646 638 635 631 624 617 609 600 592 584 576 567 564 558 556 550 546 541 540 537 537 533 536 533 534 533 538 540 548 550 560 567 576 577 586 586 592 590 599 600
1354 1362 1357 1369 1365 1374 1370 1378 1373 1380 1372 1374 1365 1365 1349 1346 1322 1317 1288 1274 1241 1223 1185 1164 1127 1106 1069 1045 1009 984 949 927 891 868 837 815 786 765 739 721 697 685 679 683 677 670 661 651 641 631 622 612 600 592 588 580 576 569 565 558 556 552 552 548 549 547 550 548 554 556 564 568 578 583 592 594 602 600 609 609 615 615
1339 1348 1348 1356 1352 1360 1357 1365 1360 1368 1359 1360 1347 1348 1330 1327 1307 1297 1278 1261 1232 1213 1179 1157 1125 1102 1067 1045 1010 988 953 945 901 879 848 827 801 783 755 741 721 713 705 712 707 695 680 668 656 645 635 623 613 602 598 590 586 578 574 565 561 558 559 555 556 552 554 554 559 561 571 575 586 591 599 601 609 606 616 613 622 623
1370 1378 1375 1381 1383 1389 1390 1396 1389 1396 1389 1391 1379 1380 1362 1356 1337 1327 1304 1293 1259 1246 1213 1194 1159 1137 1105 1083 1049 1029 995 973 938 918 887 869 838 822 818 784 766 759 753 754 747 733 716 703 691 680 666 656 644 633 623 616 610 600 595 587 583 577 577 572 573 570 570 570 575 579 587 595 606 610 621 619 628 626 633 632 639 640
1355 1362 1361 1372 1371 1375 1375 1382 1377 1380 1374 1377 1364 1365 1344 1343 1320 1315 1292 1279 1247 1236 1205 1187 1157 1137 1103 1081 1050 1031 999 978 946 927 897 880 854 836 816 801 786 780 774 768 759 747 729 717 703 692 679 669 656 645 635 626 621 612 607 598 595 589 587 581 580 576 576 574 580 584 594 601 615 621 628 625 634 631 639 637 647 646
1378 1391 1390 1398 1394 1400 1403 1408 1403 1407 1400 1402 1389 1389 1375 1370 1350 1344 1322 1312 1283 1267 1238 1224 1189 1174 1139 1121 1088 1070 1041 1019 987 970 939 922 896 884 859 847 829 823 811 807 795 784 769 755 741 728 714 703 691 677 666 656 650 641 634 626 621 612 611 602 601 596 593 591 596 598 610 618 634 642 647 645 653 651 659 657 667 665
1369 1376 1376 1383 1381 1391 1387 1393 1387 1392 1385 1387 1375 1375 1357 1357 1335 1331 1309 1298 1274 1260 1230 1217 1187 1172 1139 1122 1089 1073 1043 1025 994 979 948 937 908 897 873 862 844 840 825 817 804 792 778 766 754 740 728 717 703 692 679 669 662 656 648 638 633 624 621 611 608 601 598 595 600 602 613 620 635 640 651 650 658 655 663 664 671 672
1389 1398 1398 1407 1405 1415 1413 1419 1413 1416 1410 1412 1403 1400 1385 1385 1364 1359 1336 1329 1302 1295 1264 1251 1221 1204 1176 1163 1132 1115 1085 1069 1048 1040 994 978 954 940 918 910 892 883 866 859 844 833 818 807 793 780 766 754 741 728 716 704 694 686 679 671 665 655 650 639 634 623 617 613 615 618 629 639 651 657 668 668 678 677 685 684 695 693
1374 1383 1382 1390 1394 1402 1398 1404 1399 1403 1394 1399 1385 1386 1372 1369 1349 1347 1325 1319 1295 1283 1254 1246 1217 1200 1173 1162 1130 1115 1085 1071 1042 1029 1002 989 965 955 931 921 905 895 879 870 856 845 829 820 806 793 779 768 756 742 731 718 709 701 694 686 678 670 663 653 646 632 624 613 615 622 633 642 655 660 670 672 681 681 692 691 698 700
1395 1401 1404 1416 1416 1423 1420 1426 1422 1427 1421 1420 1410 1411 1396 1395 1378 1372 1350 1345 1322 1315 1287 1277 1250 1237 1211 1198 1172 1157 1128 1112 1088 1075 1049 1037 1012 1000 977 971 950 941 922 917 899 889 874 861 847 834 821 809 796 783 771 757 745 736 730 720 714 704 698 686 678 664 651 634 637 645 659 666 678 681 692 696 705 705 713 715 723 722
1383 1390 1392 1398 1400 1406 1405 1411 1406 1412 1401 1403 1394 1393 1382 1379 1364 1360 1340 1334 1314 1303 1280 1270 1244 1233 1216 1196 1171 1156 1131 1118 1094 1081 1055 1042 1024 1011 991 983 963 952 938 929 912 901 887 874 861 850 835 823 810 797 785 772 761 751 745 737 730 721 716 706 697 682 671 657 656 659 670 673 685 689 699 701 710 711 720 719 728 729
1400 1410 1410 1420 1419 1426 1427 1433 1430 1433 1424 1426 1420 1418 1408 1405 1388 1384 1364 1359 1340 1336 1309 1302 1279 1268 1246 1235 1211 1196 1173 1160 1138 1125 1101 1091 1067 1061 1036 1031 1010 1001 985 975 959 946 932 921 906 893 880 868 854 840 827 814 805 793 783 774 768 759 754 746 740 724 714 699 698 697 701 705 714 716 725 728 736 736 745 745 753 752
1383 1393 1395 1404 1403 1412 1410 1417 1414 1416 1408 1414 1402 1404 1389 1392 1377 1372 1355 1351 1333 1326 1301 1297 1273 1264 1239 1232 1210 1199 1174 1164 1141 1131 1107 1096 1078 1066 1048 1041 1023 1013 998 987 971 962 945 935 920 907 894 882 869 855 843 830 819 809 802 790 785 777 774 767 764 750 737 722 718 713 717 718 726 727 736 736 745 745 753 752 761 761
1398 1409 1412 1421 1420 1431 1429 1435 1432 1435 1432 1435 1424 1427 1414 1417 1402 1397 1383 1379 1361 1356 1333 1329 1307 1301 1278 1267 1246 1237 1213 1206 1184 1175 1152 1144 1126 1116 1098 1088 1071 1061 1047 1036 1020 1009 993 981 968 956 940 929 915 901 888 876 864 852 843 835 825 819 814 808 803 788 778 763 758 754 754 752 760 758 765 765 773 773 780 780 788 788
1385 1391 1395 1404 1407 1413 1413 1421 1417 1419 1415 1421 1410 1413 1402 1400 1388 1387 1372 1367 1352 1347 1326 1322 1300 1296 1273 1265 1246 1237 1216 1209 1188 1179 1161 1150 1132 1125 1108 1100 1083 1076 1058 1048 1032 1023 1007 995 982 971 952 941 926 916 903 891 876 868 859 848 841 833 827 820 812 799 793 780 776 768 771 768 772 770 777 776 781 782 788 788 794 793
1397 1406 1410 1418 1423 1429 1428 1438 1438 1440 1434 1440 1432 1434 1423 1422 1408 1412 1397 1395 1378 1377 1356 1351 1334 1325 1309 1303 1282 1274 1258 1249 1230 1223 1203 1197 1180 1170 1158 1147 1134 1127 1109 1099 1085 1075 1056 1046 1029 1019 1001 990 974 963 947 937 922 913 901 894 882 874 866 855 849 838 830 819 817 808 808 803 807 804 807 807 812 812 818 815 822 821
