17.asc
ncols        384
nrows        456
xllcorner    93.000000000000
yllcorner    -8.000000000000
cellsize     0.041666666667
NODATA_value 0
[rows 111 to 147 of 456, columns 85 to 169 of 384]
-32768 -32768 -32768 -32768 -32768 -32768 -32768 -32768 -32768 -32768 -32768 -32768 -32768 -32768 -32768 -32768 -32768 -32768 -32768 -32768 -32768 -32768 -32768 -32768 -32768 -32768 -32768 -32768 -32768 -32768 -32768 -32768 -32768 77 76 77 76 77 76 75 75 76 74 74 74 75 72 73 73 74 72 72 71 72 71 70 69 69 68 69 68 68 68 67 66 66 65 65 65 65 65 65 65 64 67 64 63 63 72 68 69 67 68 69 71
-32768 -32768 -32768 -32768 -32768 -32768 -32768 -32768 -32768 -32768 -32768 -32768 -32768 -32768 -32768 -32768 -32768 -32768 -32768 -32768 -32768 -32768 -32768 -32768 -32768 -32768 -32768 -32768 -32768 -32768 -32768 -32768 78 79 78 79 78 77 77 78 77 76 76 77 74 76 75 75 75 73 73 73 72 73 73 71 71 70 70 69 69 70 68 68 67 66 66 66 66 66 66 65 64 64 64 64 64 66 65 68 70 71 71 72 73
-32768 -32768 -32768 -32768 -32768 -32768 -32768 -32768 -32768 -32768 -32768 -32768 -32768 -32768 -32768 -32768 -32768 -32768 -32768 -32768 -32768 -32768 -32768 -32768 -32768 -32768 -32768 -32768 -32768 -32768 -32768 -32768 79 80 79 79 79 80 80 78 78 78 77 78 77 77 77 76 75 75 74 75 74 73 73 73 72 72 71 71 71 70 69 69 68 68 67 67 67 67 66 66 65 65 65 65 66 66 68 69 70 71 72 73 75
-32768 -32768 -32768 -32768 -32768 -32768 -32768 -32768 -32768 -32768 -32768 -32768 -32768 -32768 -32768 -32768 -32768 -32768 -32768 -32768 -32768 -32768 -32768 -32768 -32768 -32768 -32768 -32768 -32768 -32768 -32768 83 81 82 81 81 81 80 79 80 79 80 78 78 78 79 76 77 77 77 76 76 75 75 74 74 74 74 72 72 71 71 71 71 70 70 69 69 68 68 67 67 67 67 68 68 69 72 72 72 73 74 76 77 79
-32768 -32768 -32768 -32768 -32768 -32768 -32768 -32768 -32768 -32768 -32768 -32768 -32768 -32768 -32768 -32768 -32768 -32768 -32768 -32768 -32768 -32768 -32768 -32768 -32768 -32768 -32768 -32768 -32768 83 82 83 83 83 82 84 82 82 82 82 81 80 80 81 79 79 79 80 78 78 77 77 77 76 76 76 75 74 74 73 72 73 72 72 72 72 70 70 70 69 69 69 69 71 70 70 71 72 77 74 75 76 77 79 80
-32768 -32768 -32768 -32768 -32768 -32768 -32768 -32768 -32768 -32768 -32768 -32768 -32768 -32768 -32768 -32768 -32768 -32768 -32768 -32768 -32768 -32768 -32768 -32768 -32768 -32768 -32768 -32768 85 86 85 86 84 85 84 84 83 84 82 83 82 82 81 82 80 81 79 80 79 80 78 79 78 78 77 76 76 75 75 75 74 74 73 73 73 73 73 72 71 71 71 72 72 72 72 73 72 74 75 76 78 79 80 81 83
-32768 -32768 -32768 -32768 -32768 -32768 -32768 -32768 -32768 -32768 -32768 -32768 -32768 -32768 -32768 -32768 -32768 -32768 -32768 -32768 -32768 -32768 -32768 -32768 -32768 -32768 -32768 -32768 87 87 86 86 86 87 86 86 84 85 85 84 83 84 83 83 82 82 82 81 80 81 81 80 80 79 78 78 77 78 76 76 76 75 75 75 74 74 74 74 74 74 74 73 73 74 74 74 75 75 77 79 80 82 83 83 86
-32768 -32768 -32768 -32768 -32768 -32768 -32768 -32768 -32768 -32768 -32768 -32768 -32768 -32768 -32768 -32768 -32768 -32768 -32768 -32768 -32768 -32768 -32768 -32768 -32768 -32768 -32768 89 89 88 88 88 88 89 87 88 86 87 86 86 85 85 84 85 83 84 82 83 83 82 81 82 79 80 79 78 78 78 78 78 76 77 76 76 75 76 75 75 75 75 74 75 75 76 76 77 77 78 80 81 82 83 85 86 88
-32768 -32768 -32768 -32768 -32768 -32768 -32768 -32768 -32768 -32768 -32768 -32768 -32768 -32768 -32768 -32768 -32768 -32768 -32768 -32768 -32768 -32768 -32768 -32768 -32768 -32768 90 90 90 91 89 91 89 90 89 89 89 88 88 88 87 87 85 86 86 85 84 85 84 84 83 82 82 82 81 82 80 80 79 79 78 78 78 78 77 78 77 77 77 76 76 77 77 77 77 78 80 80 81 82 84 87 88 90 91
-32768 -32768 -32768 -32768 -32768 -32768 -32768 -32768 -32768 -32768 -32768 -32768 -32768 -32768 -32768 -32768 -32768 -32768 -32768 -32768 -32768 -32768 -32768 -32768 -32768 -32768 -32768 93 92 93 92 93 91 91 91 90 90 90 89 89 89 89 87 88 86 86 86 86 85 85 83 84 82 83 83 81 81 81 80 78 78 80 78 78 78 79 78 77 77 78 79 78 78 81 81 80 80 82 84 86 87 88 90 90 94
-32768 -32768 -32768 -32768 -32768 -32768 -32768 -32768 -32768 -32768 -32768 -32768 -32768 -32768 -32768 -32768 -32768 -32768 -32768 -32768 -32768 -32768 -32768 -32768 -32768 -32768 -32768 93 93 94 93 93 93 94 93 93 91 92 92 92 90 90 90 90 88 88 87 88 87 86 85 86 85 85 84 84 82 82 81 80 79 81 81 81 80 80 80 80 79 80 80 80 80 82 83 83 84 86 87 88 90 91 92 94 96
-32768 -32768 -32768 -32768 -32768 -32768 -32768 -32768 -32768 -32768 -32768 -32768 -32768 -32768 -32768 -32768 -32768 -32768 -32768 -32768 -32768 -32768 -32768 -32768 -32768 -32768 -32768 97 97 98 95 97 95 96 95 95 94 94 94 94 92 92 92 91 90 89 89 89 88 88 86 87 85 85 85 84 83 83 82 82 82 82 81 82 82 80 81 81 81 82 80 82 82 82 83 86 87 87 88 89 91 92 94 97 98
-32768 -32768 -32768 -32768 -32768 -32768 -32768 -32768 -32768 -32768 -32768 -32768 -32768 -32768 -32768 -32768 -32768 -32768 -32768 -32768 -32768 -32768 -32768 -32768 -32768 -32768 98 98 98 98 98 97 97 97 97 97 96 97 95 97 94 95 93 93 91 92 90 91 90 89 89 89 88 87 86 87 84 85 84 83 84 84 83 83 83 84 83 84 83 83 83 85 85 85 87 87 88 89 90 92 94 95 98 98 101
-32768 -32768 -32768 -32768 -32768 -32768 -32768 -32768 -32768 -32768 -32768 -32768 -32768 -32768 -32768 -32768 -32768 -32768 -32768 -32768 -32768 -32768 -32768 -32768 -32768 101 101 102 101 102 100 100 99 100 99 99 97 98 96 97 95 96 94 94 92 93 91 92 90 90 88 89 89 88 88 86 86 85 84 84 83 85 84 84 83 84 84 85 84 84 84 85 86 86 88 89 90 91 92 95 96 97 98 101 102
-32768 -32768 -32768 -32768 -32768 -32768 -32768 -32768 -32768 -32768 -32768 -32768 -32768 -32768 -32768 -32768 -32768 -32768 -32768 -32768 -32768 -32768 -32768 -32768 102 103 103 104 103 102 102 102 102 101 101 100 100 99 98 98 98 97 97 96 95 95 94 94 93 93 91 91 90 90 89 89 87 88 86 86 86 86 86 85 85 86 85 86 86 87 86 88 88 90 90 91 92 93 95 96 97 101 102 102 106
-32768 -32768 -32768 -32768 -32768 -32768 -32768 -32768 -32768 -32768 -32768 -32768 -32768 -32768 -32768 -32768 -32768 -32768 -32768 -32768 -32768 -32768 -32768 -32768 106 106 106 107 106 107 106 105 104 104 103 104 102 103 100 101 100 99 99 97 97 96 96 94 94 93 92 91 91 90 90 89 88 88 88 87 86 87 86 86 85 87 87 87 87 87 87 89 88 90 91 92 93 94 95 98 100 101 102 104 106
-32768 -32768 -32768 -32768 -32768 -32768 -32768 -32768 -32768 -32768 -32768 -32768 -32768 -32768 -32768 -32768 -32768 -32768 -32768 -32768 -32768 -32768 -32768 -32768 109 109 108 109 108 108 107 108 106 106 106 106 105 105 103 103 103 102 102 100 98 98 96 97 95 96 93 94 92 93 91 92 90 90 89 89 88 88 88 89 88 89 88 90 90 89 90 91 91 94 94 95 96 97 99 100 101 103 105 106 109
-32768 -32768 -32768 -32768 -32768 -32768 -32768 -32768 -32768 -32768 -32768 -32768 -32768 -32768 -32768 -32768 -32768 -32768 -32768 -32768 -32768 -32768 -32768 112 112 112 112 112 112 111 111 111 109 109 109 109 107 107 105 105 103 103 102 101 100 100 98 98 96 94 94 93 92 92 92 91 91 91 90 90 89 88 88 89 88 89 88 90 89 91 91 92 92 93 94 96 96 98 99 99 101 104 105 107 110
-32768 -32768 -32768 -32768 -32768 -32768 -32768 -32768 -32768 -32768 -32768 -32768 -32768 -32768 -32768 -32768 -32768 -32768 -32768 -32768 -32768 -32768 -32768 114 114 114 114 115 114 114 114 114 112 112 111 111 109 109 108 107 106 106 104 104 102 101 100 99 99 97 95 96 94 95 93 94 92 93 92 91 90 90 90 91 90 91 91 92 91 93 93 94 95 94 95 97 98 99 101 103 105 105 108 110 112
-32768 -32768 -32768 -32768 -32768 -32768 -32768 -32768 -32768 -32768 -32768 -32768 -32768 -32768 -32768 -32768 -32768 -32768 -32768 -32768 -32768 -32768 118 118 118 118 118 117 117 117 116 116 116 115 114 113 112 112 110 110 108 107 106 105 103 102 102 100 99 97 96 96 95 95 94 94 92 93 91 92 91 91 92 92 91 91 92 92 93 93 93 94 94 97 98 99 100 101 102 103 105 106 107 110 112
-32768 -32768 -32768 -32768 -32768 -32768 -32768 -32768 -32768 -32768 -32768 -32768 -32768 -32768 -32768 -32768 -32768 -32768 -32768 -32768 -32768 120 119 119 120 120 120 120 120 119 119 119 119 118 117 117 115 115 113 112 110 110 108 108 105 105 103 102 100 100 98 98 97 97 96 96 95 94 94 94 93 93 93 94 93 94 94 94 95 95 95 97 96 98 99 101 102 103 104 105 107 109 110 112 115
-32768 -32768 -32768 -32768 -32768 -32768 -32768 -32768 -32768 -32768 -32768 -32768 -32768 -32768 -32768 -32768 -32768 -32768 -32768 -32768 123 123 123 123 124 123 124 124 124 123 123 123 122 121 120 120 119 116 116 115 113 112 110 109 107 106 105 103 101 101 99 98 98 97 96 96 94 95 93 94 92 94 94 93 93 94 93 95 95 96 96 97 98 99 100 101 102 103 104 106 108 109 111 112 115
-32768 -32768 -32768 -32768 -32768 -32768 -32768 -32768 -32768 -32768 -32768 -32768 -32768 -32768 -32768 -32768 -32768 -32768 124 124 124 124 124 126 126 125 125 127 127 126 127 126 126 124 123 121 121 120 117 117 116 114 112 111 110 108 107 105 104 102 102 101 99 99 97 97 96 95 95 95 95 96 95 96 95 96 96 97 96 98 99 99 100 102 103 103 104 106 107 109 110 111 113 115 116
-32768 -32768 -32768 -32768 -32768 -32768 -32768 -32768 -32768 -32768 -32768 -32768 -32768 -32768 -32768 -32768 -32768 128 128 128 128 128 129 128 129 130 130 129 130 130 130 129 128 128 127 126 123 123 122 119 117 116 113 112 111 109 107 105 105 104 101 101 100 99 98 98 97 97 95 97 96 96 95 96 96 95 96 97 98 97 98 100 100 102 102 104 105 106 107 108 110 111 113 115 116
-32768 -32768 -32768 -32768 -32768 -32768 -32768 -32768 -32768 -32768 -32768 -32768 -32768 -32768 -32768 -32768 -32768 129 128 128 129 130 130 131 132 132 133 133 134 134 134 134 132 130 130 129 127 125 123 122 120 118 116 114 112 111 110 108 106 106 105 103 101 101 99 98 98 97 97 98 98 97 97 99 97 99 98 99 99 101 100 102 103 103 104 106 107 109 110 111 113 114 115 118 119
-32768 -32768 -32768 -32768 -32768 149 146 144 141 141 138 136 136 135 -32768 133 132 131 131 131 132 133 135 135 136 136 138 138 139 138 138 137 136 135 133 133 131 129 127 125 123 120 118 116 115 113 110 109 108 106 105 103 101 101 99 100 99 99 98 98 98 98 97 98 97 99 99 101 100 101 101 103 104 105 106 105 106 110 111 112 113 115 117 118 120
170 166 161 153 152 149 148 145 143 142 141 138 137 135 134 133 132 132 131 132 133 134 135 137 138 139 141 141 142 142 141 141 141 139 139 135 134 131 130 127 125 124 121 119 116 115 113 110 109 108 107 105 103 102 102 101 100 101 99 100 99 99 100 100 99 102 100 102 103 103 103 104 105 107 108 109 109 111 113 114 116 118 119 121 122
177 171 165 159 156 153 151 148 146 145 143 141 140 138 138 135 134 133 133 134 135 137 138 139 142 143 144 146 146 147 147 146 146 144 141 139 137 135 132 130 128 126 123 121 117 115 113 112 110 109 107 106 104 104 102 102 102 101 101 100 100 101 100 101 101 101 101 101 102 104 104 105 105 108 108 109 110 111 113 116 117 118 120 121 123
183 176 170 165 161 157 154 152 149 146 145 142 142 140 138 136 133 132 133 135 135 138 141 142 145 146 148 149 149 151 151 150 149 148 146 144 141 139 136 133 131 127 125 123 121 118 116 114 112 110 109 107 106 104 103 104 102 104 102 101 101 102 101 102 103 103 103 104 105 106 105 107 108 110 111 112 113 114 115 117 119 120 122 124 126
191 185 182 174 168 164 160 156 154 150 148 145 144 141 139 136 135 133 134 135 138 140 142 144 148 150 152 154 156 156 156 155 155 152 150 146 144 141 138 136 133 129 127 124 122 118 117 115 113 111 110 108 107 105 103 103 103 104 103 103 102 103 102 103 103 103 104 104 105 107 106 107 108 110 111 113 114 115 117 118 119 122 124 126 128
199 189 185 178 173 166 163 160 156 155 153 148 144 142 137 135 132 133 134 136 139 141 144 148 150 152 156 157 160 161 162 161 159 157 154 150 147 144 141 137 134 132 129 126 124 121 119 117 114 113 112 110 107 107 106 105 104 104 103 104 104 104 104 105 104 105 106 108 107 108 109 110 111 113 114 116 117 118 119 120 123 124 127 129 130
208 200 193 185 179 174 170 165 162 162 159 154 147 141 138 133 132 132 134 137 140 143 146 150 153 156 160 161 165 166 167 166 164 162 159 154 150 147 144 139 137 133 131 128 125 122 120 118 116 114 112 110 110 108 106 106 106 105 105 105 104 105 104 106 104 106 107 108 108 110 110 111 112 114 115 117 118 119 121 122 124 127 129 130 133
212 204 200 192 184 181 178 172 167 165 161 157 151 144 138 133 129 131 135 138 142 145 148 152 156 158 163 166 170 171 173 172 170 165 162 157 153 149 145 142 139 134 132 129 127 123 121 119 116 115 114 112 110 109 108 108 106 107 106 107 106 107 106 107 107 109 108 110 110 111 112 114 114 115 116 119 120 122 123 126 127 129 132 133 137
214 211 205 197 193 188 183 179 175 170 168 159 153 145 142 136 132 134 138 140 145 147 152 155 159 161 165 169 173 175 179 177 175 170 164 159 156 150 147 144 141 137 134 131 128 125 123 122 118 116 115 113 111 111 109 109 108 108 107 108 106 108 107 109 108 110 109 110 111 113 113 114 116 118 119 121 122 123 125 127 130 133 135 137 139
211 212 207 202 194 186 180 178 174 173 169 163 161 155 147 141 139 139 142 143 147 150 154 157 161 164 168 172 176 180 182 181 177 172 168 161 157 152 148 144 141 139 135 132 129 127 124 123 120 118 116 114 113 112 111 110 109 109 108 109 107 108 109 110 109 111 111 113 113 114 115 117 118 120 120 122 125 126 127 131 132 136 137 140 143
209 212 209 205 196 185 181 178 176 173 170 170 166 161 155 149 145 146 148 147 151 154 156 159 164 166 170 174 178 181 185 182 178 172 168 163 159 153 149 144 142 140 136 134 130 128 126 124 121 119 118 116 114 114 113 112 111 110 110 109 110 109 110 110 111 112 111 114 114 117 118 118 119 122 123 124 126 128 130 133 135 137 141 143 147
210 217 208 205 194 184 180 179 177 174 173 169 167 167 164 161 154 153 153 154 154 156 160 161 165 167 170 174 177 179 180 178 176 172 167 163 159 154 151 146 143 140 137 135 132 129 127 124 123 121 118 117 115 114 113 113 112 111 110 111 110 112 111 112 112 114 113 114 115 118 118 121 121 124 124 126 127 130 133 135 137 140 144 147 149
