17.asc
ncols        384
nrows        456
xllcorner    93.000000000000
yllcorner    -8.000000000000
cellsize     0.041666666667
NODATA_value 0
[rows 37 to 73 of 456, columns 170 to 254 of 384]
185 184 185 185 186 187 187 186 186 186 186 186 185 184 183 182 180 180 178 177 176 173 173 171 170 169 167 166 165 162 161 158 157 155 153 152 151 148 148 145 145 142 141 138 137 135 134 132 130 128 127 125 124 122 120 119 117 114 114 111 110 108 108 106 105 102 101 99 98 96 94 93 91 91 89 88 86 86 84 82 81 80 79 78 77
182 183 186 185 185 185 186 185 186 185 186 185 183 182 182 180 180 178 177 176 175 173 173 170 170 167 167 164 164 161 160 158 157 155 154 151 150 148 147 144 143 141 140 139 136 135 133 131 130 127 126 124 123 122 120 117 117 114 113 111 111 109 107 105 104 101 100 98 97 96 95 93 92 91 89 88 87 85 84 82 81 81 80 77 77
184 184 185 185 187 186 188 187 187 187 187 185 186 185 184 182 182 181 178 178 176 175 173 172 170 169 168 167 165 163 162 159 159 157 154 154 151 149 148 147 144 143 142 140 138 135 136 133 131 128 128 126 126 123 121 118 118 116 116 113 112 110 108 106 105 103 103 100 100 97 96 94 94 92 90 90 88 87 85 84 82 82 81 79 78
181 183 183 184 185 185 187 186 186 185 185 184 185 183 182 181 181 178 178 177 175 174 174 172 171 168 167 165 164 162 161 160 157 156 155 153 151 149 147 144 144 142 141 138 137 136 134 131 131 129 128 126 124 122 120 118 118 116 115 113 110 109 107 106 106 103 103 100 99 97 96 95 93 92 91 88 88 87 86 84 83 83 81 78 78
183 183 185 185 186 186 187 187 187 186 186 185 187 186 185 183 182 181 179 178 177 174 175 172 172 170 169 168 166 163 163 161 159 157 157 152 153 150 149 147 146 143 142 140 139 137 134 133 132 130 129 127 125 124 122 121 119 117 116 114 112 111 109 108 106 104 104 101 102 99 99 96 95 93 92 90 89 89 87 86 85 83 82 81 81
180 182 182 184 186 185 186 186 186 186 185 185 185 183 183 182 181 180 179 177 177 174 175 172 171 169 169 165 166 163 162 159 159 156 156 153 150 150 148 146 144 142 141 140 137 135 135 133 132 130 127 127 125 124 122 120 117 116 114 114 112 110 109 107 106 105 103 102 102 99 99 96 95 94 92 91 90 89 87 86 84 84 82 81 80
181 183 184 184 187 187 188 187 187 187 187 186 186 185 185 184 182 181 180 178 177 175 175 174 172 171 168 168 167 164 164 161 159 159 156 154 153 151 150 147 146 143 143 140 139 137 136 134 133 130 130 127 126 124 123 122 120 118 117 115 114 113 110 110 108 107 105 103 102 100 100 97 98 95 95 92 91 89 88 88 86 85 83 82 82
180 181 182 184 185 186 186 186 187 186 186 185 183 183 183 182 182 180 178 178 176 176 174 172 171 169 169 167 165 164 162 161 159 156 155 153 152 149 148 146 145 143 141 139 139 136 136 133 133 130 129 126 126 124 123 120 119 117 116 114 113 112 111 109 108 106 105 103 101 100 97 97 96 94 93 91 90 88 87 87 85 84 82 82 80
180 182 184 185 186 187 187 187 188 187 187 186 186 185 186 183 183 181 180 178 179 177 176 174 172 170 170 168 167 165 164 162 160 158 158 154 154 151 150 147 147 144 144 141 139 137 137 135 133 131 130 128 128 125 124 121 121 118 119 116 115 113 112 109 109 107 106 105 104 102 100 98 98 95 94 93 91 90 90 88 86 85 83 83 83
178 181 183 184 184 186 186 186 187 184 185 185 185 183 183 182 182 179 179 177 177 175 174 172 172 170 170 167 166 165 163 160 159 157 155 153 151 150 148 147 144 144 142 140 138 137 135 134 132 130 129 128 126 124 122 121 119 119 118 116 115 112 111 109 108 106 105 104 102 101 100 98 97 96 95 93 92 90 89 88 86 85 84 83 83
180 182 184 186 185 188 187 188 188 185 187 186 186 185 184 183 183 182 180 178 179 176 176 173 173 171 170 168 168 166 163 162 160 158 157 155 153 151 150 148 146 144 143 140 140 138 137 134 133 132 131 129 127 125 124 123 121 120 118 117 116 114 113 112 110 108 107 105 104 102 102 100 98 97 96 94 94 91 91 89 88 87 86 84 84
178 181 182 183 184 185 186 186 186 185 184 184 185 182 182 181 181 180 178 176 176 176 173 172 171 170 168 167 166 164 162 159 159 156 156 153 152 149 148 146 146 143 141 139 139 137 136 133 132 130 130 127 126 125 123 123 121 120 117 115 114 113 113 110 110 107 107 104 104 103 100 100 98 97 96 94 93 91 91 90 88 87 85 84 84
181 183 183 185 186 187 188 188 187 186 186 185 186 185 183 183 183 181 179 179 178 177 174 172 173 170 170 167 167 165 164 161 160 158 157 154 153 152 150 147 146 144 141 141 139 138 137 135 134 132 131 128 128 126 125 123 122 121 119 118 116 115 114 111 111 108 108 106 106 104 103 101 100 98 98 96 95 93 93 91 90 88 88 85 86
180 182 183 184 185 186 185 186 184 184 185 184 182 182 182 180 179 178 177 176 176 172 173 171 171 168 167 165 164 163 161 160 157 156 155 153 151 150 148 147 144 142 142 140 139 137 135 134 132 131 129 128 127 126 124 121 121 118 119 117 116 114 113 111 110 109 108 106 105 104 102 101 99 98 97 96 96 93 92 91 89 88 88 85 86
181 184 185 186 188 188 187 187 185 185 186 185 184 183 183 182 180 179 180 177 177 174 173 173 171 169 168 166 166 164 163 162 159 157 156 153 153 150 150 147 145 144 143 140 140 139 137 135 134 132 131 130 128 127 125 123 123 121 120 118 117 115 115 113 113 110 110 107 107 105 104 103 102 100 100 97 97 94 94 92 91 90 90 87 87
180 182 184 184 186 186 185 185 184 184 184 182 182 181 179 179 178 177 177 175 173 173 171 171 169 166 166 163 163 161 161 158 157 155 154 152 151 149 148 145 144 143 141 140 138 136 136 133 133 131 129 128 127 125 124 123 123 120 120 117 117 115 115 113 112 110 110 107 107 106 104 103 101 100 98 97 95 94 93 93 91 90 90 87 87
182 185 185 187 187 187 186 186 185 185 185 183 183 182 181 180 179 178 177 177 174 173 172 171 170 167 167 164 164 162 161 160 157 156 154 153 152 150 148 146 144 144 142 141 139 138 137 135 134 133 131 129 128 127 125 124 124 121 121 118 118 117 116 114 113 111 111 109 109 106 106 104 102 101 99 98 97 96 96 94 93 91 91 88 88
183 185 185 186 186 185 185 185 183 183 183 181 181 178 179 177 177 175 174 173 172 170 170 168 167 165 164 162 161 160 159 157 155 154 152 151 149 148 147 145 143 142 141 139 138 137 136 134 133 130 131 128 128 126 126 124 122 121 121 118 117 116 114 113 111 110 109 108 107 105 104 103 101 100 99 98 96 96 94 93 92 90 90 88 87
186 187 187 187 187 187 187 186 184 184 183 182 182 179 180 178 178 176 175 174 172 171 170 169 168 165 165 162 162 160 160 157 157 154 153 151 150 148 148 145 145 142 142 139 139 138 137 135 133 132 132 129 129 126 127 125 124 122 123 120 119 117 116 114 114 112 112 109 109 106 106 104 103 101 101 99 99 97 96 94 93 91 91 90 89
185 186 186 186 185 185 185 183 183 181 181 180 180 178 177 176 175 173 172 171 170 168 168 165 166 163 162 160 159 157 157 155 155 152 150 149 147 146 145 143 143 141 140 138 137 136 135 134 132 131 130 129 128 127 125 124 122 121 120 119 118 116 115 114 113 112 111 109 108 107 105 104 102 102 101 99 98 97 96 94 94 91 91 90 89
187 188 187 187 187 186 186 184 184 182 181 180 180 179 178 177 175 174 173 171 171 169 169 166 166 164 162 161 160 158 158 156 154 154 151 150 148 147 146 144 143 142 141 140 138 137 136 134 133 133 131 130 131 128 126 125 124 123 121 120 119 117 117 116 114 113 113 110 110 108 108 106 105 103 103 100 100 98 97 96 95 93 93 91 90
188 187 185 184 185 184 184 182 181 180 178 177 176 176 174 174 172 171 171 169 168 166 164 164 161 160 159 157 156 155 154 153 152 150 149 148 146 145 143 142 141 140 139 138 136 135 135 133 132 131 130 128 127 126 126 123 123 123 121 119 119 116 117 116 114 113 112 110 109 109 107 106 104 103 103 100 100 98 97 96 96 93 93 91 90
188 189 186 186 185 184 183 182 181 181 179 178 177 175 175 173 173 171 170 169 168 166 165 163 162 161 159 158 157 156 154 153 152 151 149 149 147 146 144 143 142 140 140 138 137 137 136 134 134 132 131 129 129 128 127 124 125 124 122 121 120 119 118 117 115 114 113 112 111 110 108 107 107 104 104 101 101 100 99 97 97 94 94 93 91
187 187 184 184 183 181 181 180 178 178 177 175 175 173 172 171 170 168 168 165 164 163 161 159 159 157 156 155 154 151 151 150 149 148 147 146 144 144 142 141 140 139 138 137 136 133 134 132 131 131 130 128 128 127 126 124 124 123 122 120 120 118 118 116 115 113 113 112 111 110 108 107 105 104 104 103 102 100 99 97 97 95 94 92 92
186 186 184 183 182 181 180 179 178 176 176 174 174 173 172 171 170 168 168 166 165 164 162 160 159 157 157 155 155 152 152 150 150 147 148 145 145 144 143 141 141 140 139 138 137 134 135 133 132 132 131 129 129 128 127 125 126 123 123 121 122 120 119 118 116 115 114 113 112 111 109 108 106 105 106 104 103 101 100 98 98 97 95 94 94
181 182 180 179 179 178 176 176 174 173 172 171 170 168 168 167 166 165 163 163 161 160 158 158 157 155 153 152 151 150 149 147 146 145 144 143 142 141 140 139 138 137 137 135 135 134 133 132 132 130 131 128 128 128 126 125 124 123 121 120 120 118 118 116 115 113 114 111 111 109 108 107 107 105 104 103 102 100 100 98 97 95 95 94 93
179 179 178 178 177 176 175 175 174 174 172 171 170 169 168 167 166 165 164 161 161 160 159 157 157 155 153 153 151 150 150 148 147 145 145 142 143 141 140 140 139 138 138 136 136 135 134 133 133 131 131 129 129 129 127 126 126 124 123 121 121 119 119 117 117 116 115 113 112 111 110 109 109 107 106 104 103 101 101 100 98 97 97 96 96
174 175 174 173 174 172 171 171 172 170 169 169 167 166 165 163 164 161 160 159 158 156 156 154 153 152 151 149 148 148 146 145 144 143 143 141 141 140 139 138 138 136 135 134 133 133 132 130 131 130 129 128 127 127 126 124 125 123 122 121 120 119 119 117 117 115 115 112 112 111 110 109 108 107 105 104 104 101 101 99 98 97 97 95 94
171 172 172 172 171 170 170 170 170 170 168 167 167 165 164 163 162 160 160 158 157 157 155 154 153 151 151 149 149 146 146 144 144 144 142 142 141 140 140 138 138 137 136 135 134 134 133 131 132 130 130 129 129 128 127 125 126 124 123 123 122 120 120 119 118 116 116 114 113 112 112 110 110 108 107 105 105 103 102 102 100 99 99 97 96
165 167 167 168 168 168 167 167 165 165 165 165 163 162 162 160 160 157 156 155 155 153 151 151 149 148 148 146 145 144 144 142 142 140 140 138 138 137 136 136 136 133 134 133 134 131 132 130 130 129 129 128 128 126 126 125 125 123 123 121 122 120 119 118 118 116 116 114 113 113 112 110 109 108 107 105 105 104 103 101 101 99 98 97 96
162 164 165 165 166 165 166 165 164 165 164 163 163 161 160 160 158 157 156 155 154 152 152 150 150 147 147 146 145 143 143 142 141 141 139 139 139 136 137 136 136 134 135 134 134 132 132 131 130 130 130 130 129 127 127 126 127 124 124 123 123 121 121 120 120 117 117 115 115 114 113 112 111 109 109 107 107 105 104 103 102 100 100 98 98
158 160 161 163 162 163 162 163 161 160 161 161 159 158 158 156 155 153 153 152 150 150 147 147 146 144 143 143 142 142 141 139 140 138 137 137 136 135 135 135 134 133 133 132 132 131 131 130 130 129 129 128 129 126 127 126 125 124 124 122 122 121 120 119 118 117 116 114 115 113 112 111 110 109 109 107 107 105 104 103 102 101 100 98 98
155 157 158 160 161 161 160 161 160 159 160 159 158 157 156 155 154 154 153 150 150 148 148 146 145 144 144 142 142 140 140 140 139 138 138 136 137 135 136 134 135 133 133 132 133 131 132 130 131 129 130 129 130 127 128 127 126 125 125 124 123 122 121 121 120 118 117 116 116 115 113 112 111 110 110 108 108 106 105 104 103 102 101 99 99
152 154 155 157 157 158 157 157 157 156 156 156 156 154 154 154 151 150 149 148 147 145 145 144 143 142 140 140 139 137 138 136 136 135 134 134 134 132 132 132 132 131 131 130 130 130 130 128 129 128 129 127 127 126 126 125 125 124 123 122 123 121 120 120 119 118 117 115 116 114 113 112 111 109 110 108 108 105 105 104 102 101 101 99 99
149 152 153 154 155 156 154 156 156 156 154 155 154 153 153 152 151 148 148 146 146 146 143 143 142 141 140 139 138 137 137 136 135 135 135 134 134 132 133 132 132 132 132 131 131 130 130 129 129 129 130 127 127 127 127 126 126 126 124 123 124 122 121 121 121 119 119 117 117 116 114 113 114 112 111 109 109 107 106 105 104 102 102 100 100
146 149 149 152 153 153 153 154 153 154 152 151 151 151 149 148 147 146 146 144 143 142 141 140 139 138 138 137 135 135 135 134 133 133 133 132 132 131 130 130 130 130 131 129 129 128 129 128 128 127 128 126 127 126 126 126 126 124 124 123 123 122 122 120 120 119 119 117 117 116 115 113 113 112 112 109 109 107 106 105 104 103 102 100 99
143 146 148 149 150 151 152 152 152 152 150 150 150 150 148 146 146 146 144 144 143 141 140 140 139 138 136 136 136 134 135 133 134 132 133 132 132 130 131 131 131 131 131 129 129 129 130 129 129 128 129 127 128 127 127 126 127 126 126 124 125 123 123 122 121 120 120 119 118 117 116 115 115 113 113 112 110 109 109 107 106 104 104 103 102
