17.asc
ncols        384
nrows        456
xllcorner    93.000000000000
yllcorner    -8.000000000000
cellsize     0.041666666667
NODATA_value 0
[rows 185 to 221 of 456, columns 85 to 169 of 384]
-32768 -32768 -32768 -32768 -32768 -32768 -32768 -32768 -32768 -32768 -32768 -32768 -32768 -32768 372 349 288 305 308 317 300 281 268 263 275 254 245 248 250 279 290 288 288 288 293 316 310 308 301 335 331 293 288 281 277 280 276 286 312 315 304 277 267 254 245 236 231 227 222 218 214 211 209 208 203 201 199 195 192 188 186 184 182 180 179 179 178 179 179 181 182 184 185 187 188
-32768 -32768 -32768 -32768 -32768 -32768 -32768 -32768 -32768 -32768 -32768 -32768 -32768 -32768 -32768 372 358 327 303 322 312 300 295 289 290 286 287 260 281 284 281 299 307 305 300 318 308 298 294 334 327 269 257 266 273 264 262 266 285 297 308 306 291 277 265 253 247 241 235 229 225 223 221 217 213 209 205 201 198 194 189 187 184 183 181 181 180 180 180 182 183 185 186 189 191
-32768 -32768 -32768 -32768 -32768 -32768 -32768 -32768 -32768 -32768 -32768 -32768 -32768 -32768 -32768 366 361 350 334 323 324 307 302 297 297 294 289 271 298 292 299 302 307 315 311 304 329 308 303 312 329 302 296 276 258 281 276 274 271 270 299 313 304 293 282 268 265 255 246 240 235 234 229 224 219 216 210 205 201 197 192 187 183 182 180 180 179 179 180 181 183 185 186 188 192
-32768 -32768 -32768 -32768 -32768 -32768 -32768 -32768 -32768 -32768 -32768 -32768 -32768 -32768 -32768 -32768 362 351 342 321 327 314 310 299 298 291 273 299 307 308 306 314 312 323 320 319 318 320 321 336 344 332 336 320 292 296 287 284 282 268 289 314 316 312 298 293 284 273 262 254 250 247 240 234 228 223 217 213 207 200 194 191 186 183 180 180 179 180 181 182 184 186 188 191 194
-32768 -32768 -32768 -32768 -32768 -32768 -32768 -32768 -32768 -32768 -32768 -32768 -32768 -32768 -32768 -32768 -32768 348 340 332 322 319 314 311 306 299 305 306 310 310 313 316 316 321 322 325 323 338 317 334 341 344 339 327 314 302 294 289 287 271 259 302 311 312 311 306 299 285 274 270 262 256 249 242 235 228 220 217 211 204 197 191 186 182 179 179 178 179 180 182 185 187 190 192 195
-32768 -32768 -32768 -32768 -32768 -32768 -32768 -32768 -32768 -32768 -32768 -32768 -32768 -32768 -32768 -32768 -32768 358 341 334 326 321 319 316 317 316 315 317 319 319 322 323 328 323 333 337 337 343 336 347 349 348 343 330 316 304 294 289 283 278 258 286 290 306 306 311 310 308 303 290 281 271 263 254 246 238 230 224 217 209 200 193 188 183 180 180 179 180 182 184 187 189 192 195 197
-32768 -32768 -32768 -32768 -32768 -32768 -32768 -32768 -32768 -32768 -32768 -32768 -32768 -32768 -32768 -32768 -32768 -32768 339 330 324 319 319 315 313 319 320 321 322 323 322 324 326 329 334 328 334 342 348 339 339 341 336 318 299 282 274 273 271 268 268 285 288 296 293 287 275 280 305 305 297 283 271 262 252 244 234 231 220 211 202 195 187 183 179 178 178 180 182 185 188 191 193 196 199
-32768 -32768 -32768 -32768 -32768 -32768 -32768 -32768 -32768 -32768 -32768 -32768 -32768 -32768 -32768 -32768 -32768 -32768 352 334 326 320 315 314 317 324 327 328 331 329 333 332 333 335 337 336 333 342 351 349 332 327 324 286 258 253 250 253 257 254 258 268 279 288 286 281 276 279 310 313 309 298 284 272 261 253 243 237 227 217 207 198 192 186 179 178 179 183 184 189 191 194 196 200 202
-32768 -32768 -32768 -32768 -32768 -32768 -32768 -32768 -32768 -32768 -32768 -32768 -32768 -32768 -32768 -32768 -32768 -32768 -32768 345 325 317 311 314 328 330 329 330 334 335 336 335 338 337 344 345 348 336 350 354 352 321 309 270 236 237 248 246 247 245 249 255 262 271 279 280 282 289 304 311 311 307 290 278 266 258 250 241 230 219 211 203 195 188 182 179 181 185 187 190 193 196 199 202 204
-32768 -32768 -32768 -32768 -32768 -32768 -32768 -32768 -32768 -32768 -32768 -32768 -32768 -32768 -32768 -32768 -32768 -32768 -32768 -32768 342 330 317 318 326 329 329 335 341 340 343 343 346 348 354 355 357 352 350 360 362 359 337 265 239 232 238 274 282 258 248 250 249 255 266 277 284 293 305 315 316 312 300 287 275 265 256 247 237 227 217 209 202 196 189 188 188 190 193 195 198 202 204 207 208
-32768 -32768 -32768 -32768 -32768 -32768 -32768 -32768 -32768 -32768 -32768 -32768 -32768 -32768 -32768 -32768 -32768 -32768 -32768 -32768 351 340 332 326 327 329 333 337 339 342 345 347 350 352 358 354 359 361 358 354 360 356 346 321 271 246 233 281 315 311 302 285 249 246 253 258 275 285 295 308 314 313 305 292 281 271 261 251 240 231 223 216 208 203 198 196 194 196 198 200 202 205 208 210 213
-32768 -32768 -32768 -32768 -32768 -32768 -32768 -32768 -32768 -32768 -32768 -32768 -32768 -32768 -32768 -32768 -32768 -32768 -32768 -32768 -32768 353 344 340 339 340 344 345 351 352 356 358 361 361 365 367 361 355 362 359 350 343 349 330 277 247 235 272 312 306 299 297 288 254 243 246 252 267 282 292 307 316 310 301 290 278 268 258 248 240 231 225 218 212 208 204 203 205 204 206 209 210 212 216 217
-32768 -32768 -32768 -32768 -32768 -32768 -32768 -32768 -32768 -32768 -32768 -32768 -32768 -32768 -32768 -32768 -32768 -32768 -32768 -32768 -32768 -32768 354 349 348 347 351 354 357 359 363 364 367 368 371 371 372 359 343 332 348 330 306 327 289 255 240 234 270 300 292 290 281 274 252 237 240 243 251 273 290 301 307 304 295 284 272 264 254 245 238 231 224 220 214 211 210 210 211 213 214 216 217 220 221
-32768 -32768 -32768 -32768 -32768 -32768 -32768 -32768 -32768 -32768 -32768 -32768 -32768 -32768 -32768 -32768 -32768 -32768 -32768 -32768 -32768 -32768 365 361 360 360 361 365 369 371 374 376 378 378 380 381 383 378 366 350 313 304 298 286 296 265 243 233 235 279 289 279 248 243 257 248 236 237 240 247 272 288 301 307 302 292 281 271 262 253 245 238 233 228 224 221 219 219 218 218 220 222 225 226 229
-32768 -32768 -32768 -32768 -32768 -32768 -32768 -32768 -32768 -32768 -32768 -32768 -32768 -32768 -32768 -32768 -32768 -32768 -32768 -32768 -32768 -32768 370 368 367 367 369 373 376 378 381 383 385 385 387 388 389 384 378 364 364 343 292 272 265 261 242 232 231 234 286 271 236 229 234 249 243 235 234 237 244 266 275 291 304 296 286 276 267 260 252 245 239 234 231 228 226 225 225 225 226 228 229 231 234
-32768 -32768 -32768 -32768 -32768 -32768 -32768 -32768 -32768 -32768 -32768 -32768 -32768 -32768 -32768 -32768 -32768 -32768 -32768 -32768 -32768 -32768 -32768 379 378 379 382 384 389 390 394 396 397 397 399 398 400 393 389 382 381 368 336 276 250 246 244 234 231 237 281 271 236 229 227 232 241 234 236 232 237 245 267 269 293 303 295 286 276 268 260 255 250 244 240 238 235 235 233 234 234 236 238 239 240
-32768 -32768 -32768 -32768 -32768 -32768 -32768 -32768 -32768 -32768 -32768 -32768 -32768 -32768 -32768 -32768 -32768 -32768 -32768 -32768 -32768 -32768 383 384 385 386 389 393 397 398 401 402 405 405 406 405 406 400 394 374 358 368 348 295 256 241 240 234 230 233 239 254 238 229 226 227 233 235 235 237 231 234 246 260 287 299 299 294 284 276 270 262 257 253 248 245 241 242 240 239 240 242 243 245 246
-32768 -32768 -32768 -32768 -32768 -32768 -32768 -32768 -32768 -32768 -32768 -32768 -32768 -32768 -32768 -32768 -32768 -32768 -32768 -32768 -32768 -32768 392 392 395 397 401 405 409 411 414 415 417 416 417 416 416 413 406 393 381 340 328 321 278 247 237 235 232 231 250 279 253 233 229 228 232 248 243 243 243 233 240 244 278 290 299 301 297 286 281 274 268 262 257 255 252 249 249 248 250 250 251 252 255
-32768 -32768 -32768 -32768 -32768 -32768 -32768 -32768 -32768 -32768 -32768 -32768 -32768 -32768 -32768 -32768 -32768 -32768 -32768 -32768 -32768 395 397 399 402 405 410 413 416 418 422 423 424 423 425 424 424 420 415 403 384 329 313 306 292 259 241 234 233 231 230 237 257 255 235 229 231 239 280 271 265 271 251 240 263 283 283 291 298 294 285 279 275 269 267 262 260 257 256 256 257 257 259 260 262
394 -32768 -32768 -32768 -32768 -32768 -32768 -32768 -32768 -32768 -32768 -32768 -32768 -32768 -32768 -32768 -32768 -32768 -32768 -32768 400 402 405 408 412 415 420 423 427 431 434 435 436 435 436 435 435 430 428 420 401 377 294 278 266 261 251 240 235 233 231 230 230 255 271 246 241 249 274 291 267 282 285 277 265 278 263 270 287 304 296 291 287 281 276 274 270 268 267 265 266 267 268 269 270
392 395 -32768 -32768 -32768 -32768 -32768 -32768 -32768 -32768 -32768 -32768 -32768 -32768 -32768 -32768 -32768 -32768 -32768 -32768 403 406 410 414 417 423 427 432 437 439 443 443 444 443 443 441 440 438 434 428 419 407 371 309 296 261 255 245 237 234 233 231 230 236 277 284 280 289 297 293 278 287 290 289 263 260 253 246 285 307 305 298 295 290 286 282 280 278 275 275 273 274 274 274 275
391 393 394 -32768 -32768 -32768 -32768 -32768 -32768 -32768 -32768 -32768 -32768 -32768 -32768 -32768 -32768 -32768 -32768 405 410 413 416 422 426 431 437 443 448 451 454 456 456 453 453 450 449 447 438 438 433 409 400 343 342 305 270 255 244 238 236 234 232 231 262 297 300 307 311 299 297 297 297 296 272 239 248 256 299 317 314 311 306 302 298 296 292 289 287 285 285 284 285 285 285
390 392 393 396 -32768 -32768 -32768 -32768 -32768 -32768 -32768 -32768 -32768 -32768 -32768 -32768 402 404 405 409 412 416 420 425 430 436 442 449 455 460 463 464 464 461 460 457 454 454 450 430 440 427 406 384 377 356 314 281 258 245 240 239 238 235 251 299 297 309 315 301 301 301 299 297 265 252 268 275 306 319 318 316 313 308 306 303 301 299 297 294 293 293 292 291 291
392 392 394 396 -32768 -32768 -32768 -32768 -32768 -32768 -32768 -32768 -32768 -32768 -32768 403 403 405 408 413 415 419 424 430 436 442 448 457 463 471 474 473 472 470 467 466 464 463 460 438 429 444 435 419 412 391 329 303 278 251 245 244 243 242 256 243 243 245 243 261 290 295 293 269 256 265 283 300 309 319 326 323 321 318 317 315 314 312 309 306 304 303 303 301 301
394 393 393 395 395 -32768 -32768 -32768 -32768 -32768 -32768 -32768 -32768 -32768 401 403 404 407 409 413 417 421 425 433 438 444 451 459 468 477 482 479 476 472 471 469 469 467 465 458 452 444 431 440 427 416 408 340 300 259 247 244 244 242 242 239 239 239 239 245 245 245 249 250 254 267 282 300 313 316 319 325 320 326 324 323 322 319 316 313 311 310 309 309 308
-32768 -32768 394 394 394 397 396 396 396 398 398 398 400 400 400 403 405 406 410 413 418 422 428 433 440 446 452 461 468 479 482 482 479 478 476 475 473 472 472 471 467 454 436 439 430 426 431 408 312 254 253 248 246 245 244 246 244 247 248 247 248 247 244 244 251 263 271 278 287 308 324 331 333 335 333 333 331 330 327 324 321 321 320 318 318
-32768 391 391 393 393 396 395 394 395 397 395 397 398 400 401 403 404 407 410 414 416 423 428 432 439 446 452 459 467 473 478 478 478 477 477 475 476 474 475 476 475 469 449 438 432 437 437 426 354 259 262 253 248 246 244 246 252 251 253 253 252 249 244 247 253 260 261 246 254 307 329 337 337 337 336 338 337 336 333 331 328 327 325 326 325
-32768 393 392 393 394 394 394 394 395 396 397 396 397 400 400 403 405 406 409 412 416 421 425 432 436 442 448 456 463 469 474 476 476 475 477 477 478 479 479 480 482 483 484 465 423 431 440 440 402 310 287 273 265 254 250 248 254 255 257 257 257 256 253 254 260 264 260 257 257 305 321 336 326 322 340 347 347 344 343 341 339 337 336 335 335
-32768 392 392 393 394 395 395 395 395 396 396 397 396 398 399 402 404 406 408 412 414 420 423 429 435 439 445 450 457 463 468 470 471 472 473 474 476 479 480 482 484 485 487 490 460 448 450 431 381 312 307 323 300 263 251 249 251 257 252 256 255 256 253 251 257 277 296 297 270 271 274 270 282 299 350 353 351 351 349 348 346 343 342 342 341
-32768 392 392 392 394 -32768 -32768 -32768 396 396 395 397 395 398 398 400 401 404 406 410 413 417 420 424 429 434 440 445 452 457 462 465 467 468 470 474 478 480 483 486 489 492 495 498 500 501 494 455 438 394 343 353 362 320 259 256 254 276 253 254 255 257 254 266 281 294 307 318 313 294 293 276 293 358 364 364 362 361 355 357 355 354 353 351 351
-32768 -32768 -32768 -32768 -32768 -32768 -32768 -32768 -32768 -32768 396 396 396 397 398 398 400 404 404 407 410 414 417 421 425 431 435 441 445 450 454 459 462 464 466 469 474 478 483 487 489 493 497 501 504 508 475 442 424 490 506 471 429 449 378 294 256 251 280 252 253 257 261 266 283 297 311 321 332 329 328 296 315 334 369 369 366 363 361 361 361 360 359 358 358
-32768 -32768 -32768 -32768 -32768 -32768 -32768 -32768 -32768 -32768 -32768 395 394 395 396 397 398 400 402 402 406 409 411 415 419 423 428 433 438 444 448 452 456 460 461 467 473 479 484 489 494 497 502 505 510 515 518 522 481 519 527 525 504 454 376 317 262 257 255 258 259 262 264 266 269 292 308 318 331 343 349 334 340 322 370 377 376 374 373 372 371 370 369 368 368
-32768 -32768 -32768 -32768 -32768 -32768 -32768 -32768 -32768 -32768 -32768 395 394 395 395 397 397 397 399 401 402 405 407 411 415 418 422 425 429 435 438 442 447 453 457 463 471 478 482 489 493 500 504 509 512 514 521 526 530 534 532 516 515 480 409 345 285 271 272 281 261 263 265 266 274 281 298 309 319 336 350 358 359 350 356 377 371 369 371 372 372 374 374 374 375
-32768 -32768 -32768 -32768 -32768 -32768 -32768 -32768 -32768 -32768 -32768 -32768 393 392 392 393 393 395 396 397 397 401 402 404 406 411 -32768 -32768 -32768 -32768 -32768 -32768 -32768 448 454 461 470 477 482 489 494 500 507 513 518 523 527 533 539 543 548 553 538 509 467 396 275 301 273 312 318 268 268 269 274 284 296 296 290 314 312 338 346 319 331 353 361 366 368 369 371 374 375 376 377
-32768 -32768 -32768 -32768 -32768 -32768 -32768 -32768 -32768 -32768 -32768 -32768 -32768 392 391 393 392 393 -32768 -32768 -32768 396 396 400 402 -32768 -32768 -32768 -32768 -32768 -32768 -32768 -32768 -32768 449 458 466 474 479 486 492 500 506 513 519 524 532 538 543 548 553 563 528 526 506 484 397 339 294 307 400 279 273 280 287 281 304 306 290 295 288 304 310 315 341 343 338 354 365 367 367 371 374 376 378
-32768 -32768 -32768 -32768 -32768 -32768 -32768 -32768 -32768 -32768 -32768 -32768 -32768 391 390 -32768 -32768 -32768 -32768 -32768 -32768 -32768 393 393 -32768 -32768 -32768 -32768 -32768 -32768 -32768 -32768 -32768 -32768 -32768 455 463 473 477 486 492 502 509 517 522 531 538 545 550 558 564 572 581 557 506 489 451 379 324 350 418 379 325 332 334 313 313 311 291 297 302 291 301 313 333 351 341 351 362 364 364 370 369 376 379
-32768 -32768 -32768 -32768 -32768 -32768 -32768 -32768 -32768 -32768 -32768 -32768 -32768 -32768 -32768 -32768 -32768 -32768 -32768 387 386 -32768 387 388 -32768 -32768 -32768 -32768 -32768 -32768 -32768 -32768 -32768 -32768 -32768 450 458 469 475 483 490 500 506 515 521 531 538 546 551 549 565 574 576 590 507 455 447 401 353 326 351 424 373 373 354 332 319 296 283 293 309 306 299 312 313 327 331 344 352 359 360 364 365 373 380
