17.asc
ncols        384
nrows        456
xllcorner    93.000000000000
yllcorner    -8.000000000000
cellsize     0.041666666667
NODATA_value 0
[rows 222 to 258 of 456, columns 170 to 254 of 384]
384 385 387 392 397 399 407 412 416 419 423 421 418 417 413 410 407 403 398 393 389 383 378 374 368 363 357 351 345 340 334 328 322 317 311 306 301 295 289 286 280 277 271 268 264 261 257 254 252 250 247 246 243 243 241 242 241 242 242 244 246 249 250 254 256 260 262 266 270 274 277 281 284 289 295 300 305 311 317 324 330 338 348 359 369
380 385 388 390 397 404 411 416 420 423 426 429 427 425 422 419 415 410 406 401 397 391 386 380 375 368 362 357 351 345 339 334 328 322 316 312 305 301 295 290 286 282 277 274 270 266 263 260 257 256 252 251 248 247 246 246 245 246 247 248 249 251 253 255 257 260 264 267 271 274 277 281 284 289 295 301 307 312 318 325 333 341 351 362 372
382 383 388 394 399 409 417 422 427 429 434 436 439 438 435 432 426 422 417 413 407 402 395 391 384 378 373 367 360 354 349 343 338 332 325 320 315 309 304 299 294 290 286 282 278 275 273 269 266 263 262 260 257 256 255 254 253 253 253 253 255 258 259 260 262 266 269 272 274 278 280 286 290 293 299 304 311 317 324 331 337 346 355 367 379
382 382 389 398 401 411 421 427 432 436 442 443 447 446 444 441 435 431 426 420 415 409 403 398 392 386 379 373 366 361 353 348 343 337 330 325 319 315 308 304 300 295 292 288 283 280 278 274 271 269 267 265 262 261 258 258 257 257 256 257 258 259 261 263 264 267 269 272 275 278 280 286 290 295 300 305 312 319 325 332 337 345 352 353 374
379 385 393 403 410 417 426 435 440 443 447 451 453 453 455 453 448 442 438 431 426 420 414 408 402 396 389 383 377 369 363 358 351 345 339 334 328 322 317 312 307 304 300 295 293 289 286 283 281 279 276 272 271 269 267 266 266 265 263 264 265 266 265 268 269 271 273 276 279 282 286 290 293 298 304 311 316 324 329 336 342 349 356 364 372
380 390 398 406 413 423 429 440 447 450 454 456 460 460 461 460 456 450 445 440 434 428 422 416 409 402 395 389 383 377 369 363 357 350 344 339 333 328 322 318 313 309 304 301 297 295 291 289 287 284 281 279 275 273 270 270 269 269 266 267 267 268 268 270 270 272 275 277 279 281 286 289 293 298 303 310 316 325 331 336 341 347 351 358 366
388 396 405 414 422 431 438 446 454 458 462 462 466 465 465 466 468 462 458 450 444 439 432 425 418 413 405 399 392 386 379 372 366 360 353 348 341 335 331 326 319 317 312 308 305 302 300 299 295 293 289 286 282 280 279 278 276 275 274 274 273 275 274 276 275 277 279 280 282 284 289 292 296 300 306 311 318 327 336 341 342 346 352 357 365
387 395 404 415 425 436 442 453 461 466 470 472 474 472 473 472 471 469 464 458 451 446 438 432 425 418 411 405 398 392 385 379 371 366 358 351 346 341 335 330 325 320 317 314 310 307 302 302 300 297 295 291 287 285 282 281 280 278 277 277 277 277 276 277 277 278 279 282 282 285 287 291 294 299 303 309 315 324 331 335 339 342 346 354 360
391 403 411 423 430 441 449 459 468 473 479 480 481 480 479 475 476 473 470 468 463 456 448 443 434 428 420 415 407 401 393 387 380 374 367 361 355 349 344 339 333 329 324 320 317 313 311 309 305 304 300 297 294 291 291 287 286 285 284 283 282 283 282 283 283 284 284 285 286 288 290 293 296 299 304 310 314 320 327 333 336 340 345 351 358
392 403 414 425 437 446 455 464 472 478 486 487 487 484 484 479 476 473 469 470 466 463 455 448 441 434 427 420 412 407 399 393 384 380 371 364 359 354 347 342 336 332 327 324 320 317 314 312 308 306 303 301 298 295 292 291 289 287 286 287 285 285 284 284 283 284 284 285 285 286 288 291 293 297 300 305 309 314 319 324 329 333 339 344 351
403 414 421 433 443 453 460 470 477 483 490 492 490 488 487 482 478 475 474 470 467 466 461 457 450 443 436 430 421 415 407 401 393 387 379 373 366 360 355 349 343 340 335 332 326 323 320 318 316 312 309 306 303 301 299 297 296 294 293 292 291 290 288 288 289 289 288 289 288 289 291 292 293 296 298 302 305 310 314 318 324 330 335 342 348
409 419 429 440 448 454 463 473 478 483 490 491 491 489 487 482 477 475 475 472 468 465 464 461 455 448 442 435 427 419 412 406 398 392 385 377 371 365 359 354 349 343 338 334 329 326 323 320 317 315 311 309 306 303 301 300 299 297 295 295 294 292 291 291 289 289 289 290 289 289 289 290 290 292 293 295 299 302 307 312 315 321 327 334 341
417 425 433 446 452 461 469 476 480 485 489 490 491 490 487 484 480 478 475 469 468 467 465 463 460 455 448 443 436 427 421 414 406 399 392 385 378 371 366 361 355 349 345 341 335 331 328 326 323 319 317 315 312 310 307 306 305 303 301 300 299 297 297 296 295 294 292 293 291 292 291 290 290 291 292 294 296 299 302 307 312 317 324 331 338
424 431 438 450 455 462 469 474 480 485 487 490 490 487 485 481 478 476 472 468 466 464 461 462 459 456 451 449 441 434 427 419 411 403 396 389 383 375 369 364 358 352 347 343 337 334 330 327 325 322 319 317 314 312 309 308 307 306 304 303 301 301 299 298 297 295 294 292 291 290 290 289 287 287 287 288 288 290 292 297 303 311 317 324 331
438 445 449 456 460 469 471 478 482 486 489 490 489 488 483 481 479 478 473 470 467 466 463 462 460 458 457 454 449 441 434 427 417 411 404 396 389 382 374 369 363 358 353 348 343 338 335 333 329 327 324 323 320 318 315 313 313 312 310 309 308 307 303 303 301 299 298 297 294 292 291 289 288 287 286 285 283 284 286 289 297 305 312 321 328
445 453 455 461 465 471 473 478 482 484 485 485 485 485 480 479 477 475 470 467 465 464 462 461 458 457 456 455 449 445 439 431 422 414 407 399 392 385 378 372 366 361 355 351 344 341 338 334 331 329 327 323 322 321 317 316 316 314 312 312 309 309 307 305 303 301 298 296 294 291 289 287 286 284 282 280 278 278 276 283 289 299 306 315 322
458 463 466 470 472 477 478 482 483 485 484 487 484 482 480 479 475 475 469 466 465 464 461 461 459 459 459 457 454 450 445 437 430 420 412 404 398 390 383 378 371 364 359 355 349 346 342 339 336 333 332 329 327 325 324 323 320 320 317 318 315 315 313 312 308 305 302 300 297 295 292 290 287 285 282 280 276 274 272 279 288 296 304 313 321
466 470 472 475 476 479 480 482 481 484 483 482 480 477 477 474 474 470 466 465 463 460 460 461 461 460 459 459 455 453 446 439 434 424 415 408 400 393 386 379 372 367 361 358 351 347 343 341 339 335 332 331 329 327 326 325 322 321 320 319 319 318 315 315 310 308 305 300 297 296 292 289 286 284 282 279 275 273 271 277 283 292 300 310 317
478 480 480 484 484 486 485 486 484 483 480 481 478 476 476 473 468 466 464 464 463 464 463 464 462 461 459 459 456 452 447 441 436 428 421 413 404 398 390 383 377 371 365 360 355 351 348 344 341 339 336 335 334 332 330 330 328 327 325 325 322 322 322 319 315 313 308 305 302 299 296 293 289 288 284 282 280 278 277 280 286 294 302 310 317
488 489 488 489 488 489 489 488 485 483 478 475 476 475 471 468 464 465 462 462 458 462 462 461 461 460 455 456 454 452 444 441 434 428 420 415 406 399 391 384 378 373 366 361 356 352 349 345 342 341 339 337 336 336 333 332 331 330 328 327 325 324 321 320 317 314 309 306 303 300 296 293 292 288 285 284 282 281 281 283 288 294 301 309 316
495 494 495 495 494 494 492 492 488 484 480 475 471 473 469 466 464 463 462 461 457 459 460 462 461 461 455 454 454 451 443 438 430 425 419 415 408 403 395 388 383 375 370 365 360 355 351 348 347 345 344 342 341 340 339 338 336 335 332 331 330 328 327 324 321 318 314 312 307 305 301 298 296 293 292 288 288 288 287 290 292 299 304 312 318
504 501 501 499 500 498 495 494 489 480 474 474 472 471 467 466 464 464 462 461 459 460 461 461 460 460 457 454 450 445 440 433 425 421 416 411 403 401 397 389 383 377 372 366 361 357 353 350 348 346 345 344 343 342 341 341 338 337 335 333 332 330 327 325 322 320 316 313 310 307 303 301 298 296 296 292 290 290 291 293 296 302 307 312 319
504 501 500 503 502 501 497 496 492 489 480 473 475 471 468 465 465 464 462 463 461 460 461 461 460 459 458 456 449 445 435 429 423 418 412 408 404 401 396 392 386 381 375 370 364 361 355 353 352 350 350 349 349 348 347 345 343 342 341 339 336 335 333 330 327 326 322 318 315 312 308 306 304 301 299 299 297 298 297 299 302 306 310 317 321
504 473 480 507 503 499 492 496 493 489 484 480 473 471 466 463 462 462 462 461 459 460 460 460 458 458 456 454 447 439 431 424 418 412 406 403 400 399 394 390 384 381 377 371 367 362 356 353 353 352 352 353 352 351 348 348 347 345 344 342 340 338 336 332 330 327 323 322 318 315 311 309 307 305 302 302 300 302 301 304 305 310 313 318 322
536 528 493 485 487 504 497 496 494 492 489 481 474 472 466 465 463 460 459 460 460 460 458 459 459 457 455 452 447 438 429 423 415 410 405 402 399 397 393 389 386 383 379 375 371 366 363 359 358 358 356 355 355 355 354 355 353 352 349 347 345 343 340 338 335 332 329 326 323 321 317 316 313 312 309 308 308 308 308 311 313 316 318 322 327
543 537 531 524 508 503 502 503 494 494 490 481 471 471 467 465 461 455 455 458 459 459 458 459 457 454 452 447 442 436 426 420 413 408 403 400 400 396 391 390 384 381 378 375 371 369 365 362 360 357 356 354 354 353 353 354 354 354 353 351 348 344 343 340 338 334 331 329 324 323 321 319 317 315 313 313 311 312 313 314 316 318 321 326 329
553 546 538 531 517 518 510 508 498 494 492 486 480 475 470 468 464 460 457 459 460 461 462 461 458 456 451 448 440 436 426 418 411 408 402 401 399 396 391 388 385 381 378 375 371 369 366 363 361 360 357 355 354 355 353 355 354 355 356 356 354 351 348 346 343 340 337 334 331 330 327 324 323 321 320 319 318 320 319 319 321 324 327 331 334
552 549 531 538 530 517 518 512 507 490 488 490 484 481 474 471 466 457 456 463 463 463 462 464 461 459 453 448 442 434 424 415 408 403 401 400 398 394 391 387 383 381 380 376 372 369 366 362 360 359 356 354 353 353 353 354 354 354 356 358 357 354 351 349 345 343 339 337 334 332 330 328 326 325 324 322 322 323 324 325 326 328 331 334 336
550 562 513 536 536 527 515 515 510 502 486 482 484 483 478 476 474 470 467 470 465 469 469 467 464 461 454 448 443 436 427 417 407 405 402 400 397 395 391 389 384 381 380 377 373 369 367 364 361 358 356 355 353 353 352 354 355 355 357 359 358 360 357 355 351 349 347 343 341 339 335 334 333 331 329 330 328 330 329 331 332 334 335 339 342
524 553 552 523 539 533 517 507 508 504 498 480 466 475 477 479 479 475 474 473 461 467 468 466 465 464 457 450 444 436 427 421 406 406 403 400 396 395 390 389 384 380 378 377 373 369 368 365 361 358 357 354 354 354 353 354 355 357 357 358 359 361 360 357 354 352 350 347 344 342 339 338 337 336 334 333 333 333 332 334 336 338 339 340 344
528 512 549 517 528 536 526 506 509 505 500 491 476 464 467 470 476 474 474 470 466 467 468 467 465 461 459 456 447 441 433 427 423 416 409 404 399 395 393 390 386 385 381 380 376 373 368 366 364 361 358 356 353 352 354 355 355 356 358 357 360 361 363 364 361 359 356 353 350 348 346 344 343 342 340 340 340 340 339 340 342 344 344 348 349
555 484 499 508 505 536 530 508 502 505 500 493 489 478 458 471 473 476 475 470 464 465 468 468 469 465 459 457 451 446 441 435 429 422 414 409 402 399 394 393 388 387 382 380 376 374 370 367 365 362 359 357 354 354 355 355 356 357 357 358 360 363 364 366 364 361 359 356 355 352 350 348 347 346 345 343 343 343 343 344 345 346 348 350 352
563 503 498 508 516 484 521 519 499 501 499 492 489 484 471 473 473 471 476 466 467 468 472 472 472 470 470 464 457 452 447 443 435 428 421 416 410 407 401 397 393 390 386 383 379 375 373 370 366 364 362 357 357 357 356 356 357 357 357 360 361 362 364 366 368 367 365 363 360 359 357 356 354 352 352 350 350 350 350 351 351 352 353 356 357
561 504 430 472 510 530 525 516 470 453 487 494 490 486 484 479 472 472 472 472 474 477 476 473 474 473 471 469 462 457 450 444 438 431 425 419 413 407 401 400 396 392 389 385 381 377 373 370 366 366 363 360 360 360 358 357 357 358 358 361 361 363 365 367 369 370 368 366 365 362 361 359 358 357 355 355 355 354 353 354 355 356 356 358 359
555 488 385 430 493 506 484 508 510 481 476 480 490 485 483 477 475 471 469 471 476 474 470 471 469 468 470 468 465 458 451 447 442 436 428 424 417 411 406 404 399 394 389 387 382 378 373 371 368 367 366 364 362 360 358 359 358 358 360 361 362 363 364 366 368 369 372 372 373 369 367 367 365 364 362 362 361 360 360 361 362 362 363 365 365
546 472 402 476 499 479 498 501 507 503 495 482 475 479 476 475 468 471 472 464 470 469 468 469 469 467 466 468 464 460 454 450 444 437 430 425 419 414 410 406 399 396 393 389 383 378 373 372 371 368 366 365 364 363 360 361 359 361 361 362 363 364 366 368 370 371 373 375 374 373 371 370 368 368 365 365 364 365 365 364 364 366 366 368 368
515 486 371 451 410 450 445 487 494 499 496 492 475 461 472 470 463 464 458 450 437 458 471 471 473 469 468 464 464 462 459 453 445 442 434 428 423 418 411 407 401 396 394 390 386 382 377 372 371 369 367 366 364 365 362 361 363 363 363 362 363 365 366 367 367 370 371 374 376 377 378 377 375 375 373 374 372 371 371 370 371 371 371 373 373
