18.asc
ncols        384
nrows        456
xllcorner    93.000000000000
yllcorner    -8.000000000000
cellsize     0.041666666667
NODATA_value 0
[rows 222 to 258 of 456, columns 83 to 165 of 384]
-32768 -32768 -32768 -32768 -32768 -32768 -32768 -32768 -32768 -32768 -32768 -32768 -32768 -32768 -32768 -32768 -32768 -32768 -32768 -32768 -32768 -32768 -32768 523 519 522 -32768 -32768 -32768 -32768 -32768 -32768 -32768 -32768 -32768 -32768 -32768 -32768 572 578 583 588 593 841 603 610 877 889 901 912 919 647 645 949 953 950 975 930 750 687 628 607 593 626 645 589 571 560 555 542 543 538 533 527 525 516 515 509 504 507 510 512 512
-32768 -32768 -32768 -32768 -32768 -32768 -32768 -32768 -32768 -32768 -32768 -32768 -32768 -32768 -32768 -32768 -32768 -32768 -32768 -32768 -32768 -32768 -32768 513 509 511 -32768 -32768 -32768 -32768 -32768 -32768 -32768 -32768 -32768 -32768 -32768 -32768 -32768 575 580 586 591 597 848 610 874 896 905 912 924 931 937 932 924 951 960 939 863 707 616 617 607 608 653 589 565 565 561 546 546 542 540 533 520 523 511 507 507 510 509 515 517
-32768 -32768 -32768 -32768 -32768 -32768 -32768 -32768 -32768 -32768 -32768 -32768 -32768 -32768 -32768 -32768 -32768 -32768 -32768 -32768 -32768 -32768 -32768 -32768 508 503 511 -32768 -32768 -32768 -32768 -32768 -32768 -32768 -32768 -32768 -32768 -32768 -32768 573 579 587 592 600 607 616 872 890 903 917 931 940 942 939 921 892 945 945 903 773 653 626 629 612 616 612 576 573 564 554 554 548 545 534 518 530 509 508 511 513 514 518 519
-32768 -32768 -32768 -32768 -32768 -32768 -32768 -32768 -32768 -32768 -32768 -32768 -32768 -32768 -32768 -32768 -32768 -32768 -32768 -32768 -32768 -32768 507 -32768 501 493 499 -32768 -32768 -32768 -32768 -32768 -32768 -32768 -32768 -32768 -32768 -32768 -32768 568 576 584 590 599 839 854 867 883 894 906 922 930 935 933 922 942 947 932 924 849 705 689 656 633 629 616 578 578 572 562 559 554 545 533 518 519 513 507 514 517 518 521 524
-32768 -32768 -32768 -32768 -32768 -32768 -32768 -32768 -32768 -32768 -32768 -32768 -32768 -32768 -32768 -32768 -32768 -32768 -32768 -32768 -32768 500 496 492 489 486 487 -32768 -32768 -32768 -32768 -32768 -32768 -32768 -32768 -32768 -32768 -32768 -32768 -32768 575 584 592 602 833 849 864 878 890 903 916 927 930 932 949 948 943 926 921 881 820 804 692 681 655 612 582 577 583 573 560 539 529 517 513 509 507 508 514 518 521 524 527
-32768 -32768 -32768 -32768 -32768 -32768 -32768 -32768 -32768 -32768 -32768 -32768 -32768 -32768 -32768 -32768 -32768 -32768 -32768 -32768 500 492 487 480 477 474 474 -32768 -32768 -32768 -32768 -32768 -32768 -32768 -32768 -32768 -32768 -32768 -32768 -32768 -32768 581 589 813 829 844 857 870 883 894 905 915 919 919 939 937 927 922 913 896 877 824 734 721 667 620 598 588 590 562 545 531 523 516 513 509 512 514 518 520 526 530 534
-32768 -32768 -32768 -32768 -32768 -32768 -32768 -32768 -32768 -32768 -32768 -32768 -32768 -32768 -32768 -32768 -32768 -32768 513 502 497 490 484 477 472 466 465 -32768 -32768 -32768 -32768 -32768 -32768 -32768 -32768 -32768 -32768 -32768 -32768 -32768 -32768 583 791 808 822 839 852 866 878 889 899 908 907 905 913 927 925 915 907 887 872 850 814 738 655 604 610 605 587 566 541 527 525 516 511 509 515 515 521 524 530 535 539
-32768 -32768 -32768 -32768 -32768 -32768 -32768 -32768 -32768 -32768 -32768 -32768 -32768 -32768 526 524 521 515 510 500 494 486 483 475 468 461 458 477 -32768 -32768 -32768 -32768 -32768 -32768 -32768 -32768 -32768 -32768 -32768 -32768 -32768 -32768 587 599 606 830 843 856 870 881 890 899 899 894 903 912 911 901 891 876 862 838 812 710 658 635 624 590 579 574 533 524 533 526 520 517 522 525 527 531 538 542 546
-32768 -32768 -32768 -32768 -32768 -32768 -32768 -32768 -32768 -32768 -32768 -32768 -32768 -32768 529 526 526 517 512 502 496 486 484 473 467 463 468 -32768 -32768 -32768 -32768 -32768 -32768 -32768 -32768 -32768 -32768 -32768 -32768 -32768 -32768 -32768 763 601 806 820 835 850 863 875 884 893 895 892 890 903 899 894 883 868 852 827 784 693 662 638 602 566 553 581 531 524 520 528 527 528 528 530 534 539 542 547 551
-32768 -32768 -32768 -32768 -32768 -32768 -32768 -32768 -32768 -32768 -32768 -32768 -32768 -32768 -32768 520 521 515 509 500 493 484 480 472 464 460 455 458 -32768 -32768 -32768 -32768 -32768 -32768 -32768 -32768 -32768 -32768 -32768 -32768 -32768 -32768 584 777 603 614 825 842 855 867 875 882 886 884 880 876 887 879 872 855 839 804 750 686 662 617 593 575 542 584 579 528 525 522 526 530 533 537 543 546 550 555 558
-32768 -32768 -32768 -32768 -32768 -32768 -32768 -32768 -32768 -32768 -32768 -32768 -32768 -32768 -32768 520 521 515 510 501 495 486 481 476 468 469 465 464 462 -32768 -32768 -32768 -32768 -32768 -32768 -32768 -32768 -32768 -32768 -32768 -32768 -32768 -32768 -32768 779 615 624 839 849 860 868 874 877 876 872 867 869 871 860 842 815 805 774 696 680 627 603 633 549 540 593 529 537 528 531 534 545 548 552 553 556 559 563
-32768 -32768 -32768 -32768 -32768 -32768 -32768 -32768 -32768 -32768 -32768 -32768 -32768 -32768 -32768 516 517 510 506 498 493 485 480 474 469 467 472 461 473 474 -32768 -32768 -32768 -32768 -32768 -32768 -32768 -32768 -32768 -32768 -32768 -32768 -32768 -32768 769 611 620 830 840 850 858 862 866 865 864 859 868 859 850 834 797 771 762 720 669 632 604 656 588 561 596 607 570 575 558 550 547 555 562 562 564 569 574
-32768 -32768 -32768 -32768 -32768 -32768 -32768 -32768 -32768 -32768 -32768 -32768 -32768 -32768 526 521 519 514 509 502 496 490 486 480 476 474 477 474 472 477 492 -32768 -32768 -32768 -32768 -32768 -32768 -32768 -32768 -32768 -32768 -32768 -32768 -32768 603 615 806 824 835 845 853 855 856 859 857 853 854 850 845 826 805 770 759 746 681 649 622 634 662 560 580 643 636 630 626 576 587 567 570 572 575 579 583
-32768 -32768 -32768 -32768 -32768 -32768 -32768 -32768 -32768 -32768 -32768 -32768 -32768 -32768 523 518 516 510 506 499 494 488 486 480 479 476 478 477 477 480 483 493 501 512 522 -32768 -32768 -32768 -32768 -32768 -32768 -32768 -32768 -32768 760 612 797 815 828 839 844 847 851 851 851 845 844 840 836 822 804 777 768 747 713 668 639 652 680 648 568 657 653 638 633 610 596 587 583 586 588 591 596
-32768 -32768 -32768 -32768 -32768 -32768 -32768 -32768 -32768 -32768 -32768 -32768 -32768 -32768 -32768 -32768 -32768 516 512 507 501 495 491 487 484 482 584 490 488 490 494 501 508 517 525 645 546 -32768 -32768 -32768 -32768 -32768 -32768 -32768 763 779 623 808 821 828 834 839 843 845 845 840 836 833 829 816 805 781 766 748 730 687 678 640 696 686 606 584 666 659 634 630 624 596 595 597 600 602 607
-32768 -32768 -32768 -32768 -32768 -32768 -32768 -32768 -32768 -32768 -32768 -32768 -32768 -32768 -32768 -32768 -32768 -32768 -32768 507 499 494 491 488 572 484 486 489 492 589 494 599 609 518 524 646 656 554 -32768 -32768 -32768 -32768 -32768 -32768 -32768 612 785 800 812 821 825 828 835 839 838 834 832 826 823 813 801 784 768 749 736 716 696 667 673 704 646 621 649 669 671 621 619 611 612 612 616 615 617
-32768 -32768 -32768 -32768 -32768 -32768 -32768 -32768 -32768 -32768 -32768 -32768 -32768 -32768 -32768 -32768 -32768 -32768 -32768 512 507 503 500 497 496 495 497 603 609 505 508 513 518 627 534 651 550 561 568 -32768 -32768 -32768 -32768 -32768 -32768 618 625 796 809 816 818 824 833 835 835 832 832 825 820 809 801 787 777 757 743 724 706 690 675 672 676 644 639 691 671 677 645 625 626 626 627 628 629
-32768 -32768 -32768 -32768 -32768 -32768 -32768 -32768 -32768 -32768 -32768 -32768 -32768 -32768 -32768 -32768 -32768 -32768 -32768 510 507 503 500 498 496 587 601 605 614 620 512 514 519 627 534 648 662 674 569 577 -32768 -32768 -32768 -32768 -32768 619 780 793 804 809 812 822 827 829 829 828 827 821 814 807 801 792 779 769 754 734 725 714 713 688 708 667 661 664 705 678 690 657 645 643 643 643 640
-32768 -32768 -32768 -32768 -32768 -32768 -32768 -32768 -32768 -32768 -32768 -32768 -32768 -32768 -32768 -32768 -32768 -32768 -32768 520 583 513 510 507 506 506 602 614 634 633 624 529 529 632 641 654 665 569 577 585 -32768 -32768 -32768 -32768 616 774 783 793 801 808 815 819 825 827 828 825 826 818 811 806 803 792 784 775 774 749 737 781 787 763 759 694 684 682 726 662 665 688 680 664 661 660 657
-32768 -32768 -32768 -32768 -32768 -32768 -32768 -32768 -32768 -32768 -32768 -32768 -32768 -32768 -32768 -32768 -32768 -32768 -32768 589 584 512 510 507 507 507 509 613 638 653 643 530 532 539 641 553 663 677 686 585 -32768 -32768 -32768 -32768 -32768 767 779 788 797 803 809 814 822 824 826 821 819 814 810 806 803 792 785 781 781 783 763 779 811 775 781 779 713 707 750 677 638 627 671 700 693 684 678
-32768 -32768 -32768 -32768 -32768 -32768 -32768 -32768 -32768 -32768 -32768 -32768 -32768 -32768 -32768 -32768 -32768 -32768 -32768 593 523 588 588 587 518 517 517 608 634 654 654 648 642 549 647 655 667 680 690 698 -32768 -32768 -32768 -32768 747 772 781 788 794 801 806 810 816 822 823 819 818 814 810 803 804 795 790 782 792 800 835 838 852 779 717 744 790 722 743 759 701 645 607 653 664 683 691
-32768 -32768 -32768 -32768 -32768 -32768 -32768 -32768 -32768 -32768 -32768 -32768 -32768 -32768 -32768 -32768 -32768 -32768 -32768 -32768 591 589 588 519 519 518 519 520 625 654 657 648 629 639 646 654 665 677 687 695 -32768 -32768 -32768 -32768 624 766 776 784 792 799 803 804 809 810 812 812 814 811 811 802 803 796 793 784 810 871 892 860 879 835 708 732 837 746 745 778 738 647 620 601 620 662 681
-32768 -32768 -32768 -32768 -32768 -32768 -32768 -32768 -32768 -32768 -32768 -32768 -32768 -32768 -32768 -32768 -32768 -32768 -32768 -32768 533 530 592 529 528 531 530 529 612 639 646 651 642 560 648 658 669 679 686 601 -32768 -32768 -32768 -32768 629 762 777 786 792 800 806 804 805 806 810 812 814 811 813 805 805 798 798 788 788 827 894 804 769 838 756 694 806 809 772 796 793 722 644 633 647 672 706
-32768 -32768 -32768 -32768 -32768 -32768 -32768 -32768 -32768 -32768 -32768 -32768 -32768 -32768 -32768 -32768 -32768 -32768 -32768 -32768 -32768 -32768 -32768 -32768 -32768 -32768 -32768 530 606 617 641 648 648 646 651 657 667 676 682 -32768 -32768 -32768 -32768 -32768 632 764 776 783 790 796 802 804 803 805 810 810 810 809 811 805 801 796 798 796 795 802 900 731 793 814 801 777 747 848 835 828 772 776 704 653 644 622 676
-32768 -32768 -32768 -32768 -32768 -32768 -32768 -32768 -32768 -32768 -32768 -32768 -32768 -32768 -32768 -32768 -32768 -32768 -32768 -32768 -32768 -32768 -32768 -32768 -32768 -32768 -32768 -32768 540 615 625 647 660 654 673 661 669 680 604 -32768 -32768 -32768 -32768 -32768 750 766 776 782 789 797 801 804 806 808 811 809 811 806 808 804 803 796 796 791 796 822 921 927 970 891 977 907 767 743 834 842 825 802 754 704 629 612 647
-32768 -32768 -32768 -32768 -32768 -32768 -32768 -32768 -32768 -32768 -32768 -32768 -32768 -32768 -32768 -32768 -32768 -32768 -32768 -32768 -32768 -32768 -32768 -32768 -32768 -32768 -32768 -32768 541 614 618 637 662 651 664 660 669 599 606 -32768 -32768 -32768 -32768 -32768 749 766 774 780 787 793 798 801 805 806 805 803 806 803 804 800 801 795 795 786 792 799 831 845 845 851 939 896 805 671 693 788 842 819 784 710 650 620 614
-32768 -32768 -32768 -32768 -32768 -32768 -32768 -32768 -32768 -32768 -32768 -32768 -32768 -32768 -32768 -32768 -32768 -32768 -32768 -32768 -32768 -32768 -32768 -32768 -32768 -32768 -32768 -32768 548 616 554 641 657 671 669 662 673 683 615 -32768 -32768 -32768 -32768 -32768 747 767 775 782 789 793 799 802 805 804 803 801 804 801 803 797 796 795 795 796 792 794 813 821 848 888 936 919 864 700 661 739 810 810 813 789 761 700 686
-32768 -32768 -32768 -32768 -32768 -32768 -32768 -32768 -32768 -32768 -32768 -32768 -32768 -32768 -32768 -32768 -32768 -32768 -32768 -32768 -32768 -32768 -32768 -32768 -32768 -32768 -32768 -32768 555 616 620 635 642 650 654 661 672 611 -32768 -32768 -32768 -32768 -32768 -32768 749 769 778 782 787 791 795 799 803 803 802 799 798 797 799 794 795 788 789 782 785 778 795 801 811 867 976 960 902 779 714 685 690 713 762 753 700 720 734
-32768 -32768 -32768 -32768 -32768 -32768 -32768 -32768 -32768 -32768 -32768 -32768 -32768 -32768 -32768 -32768 -32768 -32768 -32768 -32768 -32768 -32768 -32768 -32768 -32768 -32768 -32768 -32768 566 560 621 625 630 642 652 665 676 -32768 -32768 -32768 -32768 -32768 -32768 -32768 747 772 782 784 790 793 798 798 804 804 804 798 798 797 799 792 792 785 784 778 781 779 783 787 793 798 840 891 944 862 829 786 729 670 729 696 627 662 710
-32768 -32768 -32768 -32768 -32768 -32768 -32768 -32768 -32768 -32768 -32768 -32768 -32768 -32768 -32768 -32768 -32768 -32768 -32768 -32768 -32768 -32768 -32768 -32768 -32768 -32768 -32768 -32768 -32768 568 567 628 574 643 592 667 675 -32768 -32768 -32768 -32768 -32768 -32768 -32768 744 765 777 782 787 791 795 797 800 802 801 797 800 799 797 789 788 781 783 774 779 776 780 781 777 784 792 832 927 914 874 750 685 657 650 694 642 633 679
-32768 -32768 -32768 -32768 -32768 -32768 -32768 -32768 -32768 -32768 -32768 -32768 -32768 -32768 -32768 -32768 -32768 -32768 -32768 -32768 -32768 -32768 -32768 -32768 -32768 -32768 -32768 -32768 -32768 626 580 634 641 649 604 671 679 -32768 -32768 -32768 -32768 -32768 -32768 -32768 750 772 781 790 792 792 795 798 801 799 802 799 803 798 795 785 783 775 777 771 776 770 768 767 773 781 782 806 841 867 897 819 667 641 678 631 641 624 598
-32768 -32768 -32768 -32768 -32768 -32768 -32768 -32768 -32768 -32768 -32768 -32768 -32768 -32768 -32768 -32768 -32768 -32768 -32768 -32768 -32768 -32768 -32768 -32768 -32768 -32768 -32768 -32768 -32768 586 632 638 645 654 663 619 678 -32768 -32768 -32768 -32768 -32768 -32768 -32768 752 772 779 789 791 790 794 797 799 799 799 799 801 794 792 784 778 768 770 764 769 766 762 756 761 759 760 770 789 833 879 869 768 720 770 702 652 655 652
-32768 -32768 -32768 -32768 -32768 -32768 -32768 -32768 -32768 -32768 -32768 -32768 -32768 -32768 -32768 -32768 -32768 -32768 -32768 -32768 -32768 -32768 -32768 -32768 -32768 -32768 -32768 -32768 -32768 -32768 596 644 651 659 667 676 -32768 -32768 -32768 -32768 -32768 -32768 -32768 -32768 -32768 768 779 788 793 793 796 797 799 801 800 796 797 790 789 780 775 762 766 760 764 757 756 752 756 743 749 753 779 807 844 860 860 821 808 726 713 721 732
-32768 -32768 -32768 -32768 -32768 -32768 -32768 -32768 -32768 -32768 -32768 -32768 -32768 -32768 -32768 -32768 -32768 -32768 -32768 -32768 -32768 -32768 -32768 -32768 -32768 -32768 -32768 -32768 -32768 -32768 -32768 648 654 664 674 684 688 -32768 -32768 -32768 -32768 -32768 -32768 -32768 -32768 766 782 791 791 790 794 794 797 796 796 790 791 786 784 776 775 760 762 760 765 749 757 818 774 736 741 745 758 763 793 804 826 830 838 783 783 776 757
-32768 -32768 -32768 -32768 -32768 -32768 -32768 -32768 -32768 -32768 -32768 -32768 -32768 -32768 -32768 -32768 -32768 -32768 -32768 -32768 -32768 -32768 -32768 -32768 -32768 -32768 -32768 -32768 -32768 -32768 -32768 -32768 657 668 679 688 693 -32768 -32768 -32768 -32768 -32768 -32768 -32768 -32768 767 779 788 790 793 796 794 796 794 796 791 791 784 782 774 771 760 758 754 753 756 754 750 765 724 727 727 738 736 748 753 772 780 807 805 781 787 706
-32768 -32768 -32768 -32768 -32768 -32768 -32768 -32768 -32768 -32768 -32768 -32768 -32768 -32768 -32768 -32768 -32768 -32768 -32768 -32768 -32768 -32768 -32768 -32768 -32768 -32768 -32768 -32768 -32768 -32768 -32768 -32768 660 671 683 691 691 -32768 -32768 -32768 -32768 -32768 -32768 -32768 -32768 -32768 769 786 795 796 797 796 799 795 796 792 790 783 780 768 765 755 755 745 747 740 730 721 720 708 712 712 720 718 729 731 741 775 802 810 815 793 775
-32768 -32768 -32768 -32768 -32768 -32768 -32768 -32768 -32768 -32768 -32768 -32768 -32768 -32768 -32768 -32768 -32768 -32768 -32768 -32768 -32768 -32768 -32768 -32768 -32768 -32768 -32768 -32768 -32768 -32768 -32768 -32768 662 675 689 697 691 -32768 -32768 -32768 -32768 -32768 -32768 -32768 -32768 -32768 768 787 797 798 799 798 799 796 796 791 790 781 779 767 762 752 749 739 739 729 733 712 704 693 714 700 705 707 717 716 727 730 751 742 780 818 819
