18.asc
ncols        384
nrows        456
xllcorner    93.000000000000
yllcorner    -8.000000000000
cellsize     0.041666666667
NODATA_value 0
[rows 333 to 369 of 456, columns 249 to 331 of 384]
510 509 508 508 507 505 503 503 501 502 500 503 504 511 514 522 526 536 540 549 553 562 567 577 578 589 591 600 604 613 612 621 621 628 628 635 633 638 635 639 634 636 630 632 628 628 623 624 619 619 614 615 608 608 601 602 595 595 587 585 579 578 570 571 567 568 571 577 581 594 602 619 629 642 647 655 656 665 657 664 666 672 673
510 509 510 509 508 509 506 505 505 507 506 507 510 514 515 524 528 536 539 548 552 561 565 574 578 587 591 599 603 612 611 621 621 628 627 633 631 634 630 632 628 630 624 625 620 621 614 615 608 607 602 600 595 593 586 586 578 577 570 567 558 558 554 551 545 546 543 549 552 570 581 598 612 632 640 648 646 648 646 652 654 660 662
515 516 514 514 513 514 513 513 512 515 513 516 517 522 525 531 534 542 547 556 559 568 570 582 585 595 598 610 612 622 624 632 634 639 640 644 642 646 641 644 637 639 631 632 626 624 617 617 611 608 602 601 592 590 582 581 574 570 562 560 551 549 541 538 531 530 528 532 536 549 565 588 606 630 638 647 643 644 642 647 649 657 657
516 517 516 516 516 518 515 517 517 519 518 522 521 525 527 534 537 543 547 555 559 567 571 581 585 594 599 608 611 619 623 631 632 640 639 643 640 642 638 639 633 633 624 625 618 617 609 607 599 599 591 587 580 577 569 565 558 554 545 541 532 529 521 516 510 504 501 505 508 523 537 561 583 614 621 626 624 627 628 633 634 641 645
521 522 522 522 523 523 523 524 524 527 527 529 529 535 536 542 543 551 555 563 566 576 578 589 592 603 607 617 621 631 635 643 645 653 652 656 653 653 648 649 641 641 631 631 623 622 613 610 603 601 591 587 578 576 566 562 554 549 541 533 523 520 509 504 496 489 483 484 487 501 517 540 560 586 598 608 609 617 621 628 630 633 635
524 523 525 526 527 527 527 528 528 531 531 534 533 538 540 543 547 554 556 563 567 575 578 588 592 602 607 616 620 630 635 643 645 652 652 656 651 651 645 643 635 634 625 624 616 612 604 602 593 590 580 576 567 563 554 549 538 533 524 518 508 501 492 486 475 468 459 458 458 470 486 510 529 552 569 582 587 596 600 610 611 619 622
530 530 530 532 531 534 535 535 535 539 539 542 542 545 547 551 554 560 563 571 574 581 585 595 600 610 613 624 630 642 646 657 659 667 665 668 664 663 654 652 645 641 632 631 621 617 608 605 594 591 580 576 565 562 551 546 536 531 520 514 503 496 484 477 464 456 445 439 435 448 466 491 509 532 549 560 570 581 585 598 602 611 614
532 533 534 536 536 538 539 539 541 542 543 545 546 549 552 554 556 562 565 570 574 581 586 594 599 608 613 623 629 640 646 655 661 668 667 669 661 660 651 648 636 636 626 622 612 609 599 597 586 582 571 565 556 552 539 536 524 518 509 502 490 483 471 462 451 441 429 419 407 423 444 469 488 509 522 537 547 560 567 579 586 597 602
538 540 542 542 543 545 545 548 548 549 551 553 553 557 559 563 563 569 571 577 579 588 592 599 606 615 620 630 638 648 653 667 672 682 681 681 672 668 657 653 643 640 630 626 615 612 601 598 588 582 571 566 556 551 539 534 522 516 506 498 487 479 467 459 447 438 424 419 411 421 437 460 477 497 510 526 536 549 557 569 577 588 594
541 544 545 546 548 549 551 552 553 554 555 556 556 561 562 564 565 571 571 576 580 587 591 598 604 613 617 628 634 645 651 664 672 683 685 682 669 663 652 646 636 632 622 618 608 604 592 589 578 573 562 557 546 540 531 523 512 506 495 489 477 470 457 448 439 430 419 416 412 419 430 450 463 482 494 510 519 536 543 555 562 575 581
548 550 551 554 555 556 558 559 559 562 562 564 563 568 567 572 573 575 576 582 584 592 596 603 607 617 621 632 639 650 656 669 677 690 692 686 674 668 657 651 640 636 625 621 610 606 595 589 578 574 562 557 546 540 529 523 512 505 494 488 476 469 457 450 439 432 423 420 419 426 433 449 460 477 488 504 513 529 536 548 555 568 574
552 554 556 559 561 562 563 565 565 566 566 568 568 570 569 572 572 575 577 583 584 591 594 601 604 613 617 628 633 644 649 663 668 678 676 676 664 659 649 643 633 629 617 614 602 598 587 582 571 565 555 550 539 534 522 515 503 498 487 479 470 462 449 442 433 428 422 422 420 427 432 443 452 469 478 493 503 516 523 535 544 556 562
557 560 562 565 567 569 571 572 572 572 572 574 573 575 573 576 577 581 581 587 588 594 596 604 607 616 620 631 635 644 650 660 666 673 671 671 662 660 648 645 634 631 619 615 603 600 588 584 572 567 556 551 540 534 522 516 505 499 487 481 471 463 451 446 436 434 428 428 427 433 435 446 453 467 475 489 498 510 517 531 537 551 557
562 565 567 571 573 575 576 577 577 577 576 578 576 578 576 578 578 580 581 585 586 593 595 600 604 612 615 624 629 637 642 650 653 659 657 657 651 649 639 636 626 622 612 606 597 591 581 574 565 559 548 544 533 528 517 511 499 493 481 474 463 458 448 443 435 431 427 427 425 431 433 443 449 460 468 481 488 500 506 520 527 540 546
568 570 575 576 579 581 583 584 585 584 584 583 583 581 581 582 581 583 585 587 589 593 597 602 606 613 616 624 627 636 639 647 648 654 652 653 647 647 637 636 626 624 613 608 597 593 582 576 567 561 550 546 534 529 518 513 499 493 482 477 462 461 451 446 438 437 432 432 431 435 438 446 450 461 467 480 485 498 503 516 522 535 541
573 577 580 581 584 587 588 590 590 589 588 586 584 585 582 582 580 582 583 584 586 589 591 597 600 606 609 616 620 626 630 636 638 642 641 642 637 636 629 627 618 615 606 601 589 584 576 570 560 556 545 539 529 522 511 505 493 487 477 471 458 457 449 444 437 436 431 433 430 435 435 444 447 458 462 473 478 490 496 506 512 524 530
577 582 585 588 593 594 594 594 595 596 592 591 587 586 584 584 582 583 582 586 585 589 590 596 598 603 607 614 617 623 626 633 633 637 636 637 633 633 626 625 617 613 603 600 589 584 576 572 562 557 544 539 529 523 512 505 495 490 479 472 465 461 452 448 442 440 435 438 435 439 440 445 448 457 461 473 476 488 494 504 508 520 526
582 587 592 594 597 598 598 598 599 598 595 592 589 587 585 582 580 582 581 582 583 585 586 591 591 598 602 607 609 616 618 624 624 627 626 629 625 624 618 617 610 605 595 593 583 579 570 567 557 552 539 535 524 518 508 501 491 485 475 465 460 458 449 447 440 438 434 435 432 437 436 444 445 455 458 466 471 480 485 497 501 512 517
586 592 597 599 603 603 602 602 602 601 598 594 590 587 584 583 582 580 580 581 580 584 585 589 590 597 597 603 606 611 615 620 620 624 622 624 621 621 615 615 607 603 596 592 583 580 571 567 558 552 541 536 527 521 509 503 493 488 479 468 464 460 452 450 443 442 438 440 437 440 440 445 447 454 457 466 470 481 483 494 498 508 512
591 595 600 602 607 606 606 604 602 599 597 592 588 585 583 581 578 577 575 578 576 578 579 583 584 590 592 597 599 604 606 611 612 617 615 617 612 613 609 607 601 599 590 585 577 575 564 560 550 545 535 531 521 516 504 499 489 485 477 470 460 458 449 448 442 440 435 437 434 437 436 443 444 450 453 461 464 472 477 487 490 501 504
592 598 601 611 612 610 607 603 600 599 595 590 587 584 581 579 576 575 573 573 573 575 575 579 579 586 587 593 595 602 603 608 608 614 610 613 609 609 607 606 600 596 587 585 578 574 564 560 550 544 536 532 521 517 509 501 492 487 479 473 465 460 453 452 443 442 438 440 437 440 440 444 445 452 452 460 463 472 474 484 488 499 501
589 598 608 611 614 609 606 599 597 595 591 587 584 582 578 574 572 572 570 569 569 570 570 573 575 580 582 586 589 594 596 601 603 606 605 606 604 604 601 601 593 591 584 581 572 568 560 554 545 541 531 526 516 511 503 498 488 484 475 470 462 458 450 449 442 440 436 438 434 438 436 440 440 447 448 455 458 465 469 478 481 489 491
560 575 593 603 604 606 601 584 586 590 587 583 581 578 573 572 569 568 565 566 565 566 566 569 569 573 576 581 585 591 592 597 600 603 601 604 600 602 600 598 592 592 583 580 572 568 559 555 545 541 531 527 518 513 504 498 491 486 476 473 465 461 448 450 444 442 437 439 437 439 438 442 440 447 448 454 456 464 467 475 478 486 489
552 534 562 576 591 595 591 576 578 585 582 580 577 574 571 568 565 563 561 560 559 559 560 563 563 568 571 577 579 584 587 592 594 597 597 599 597 598 595 593 589 585 580 576 568 564 556 551 543 537 528 522 515 509 499 494 487 481 472 470 461 457 443 446 439 439 434 436 434 435 434 439 437 441 443 451 450 458 460 468 470 478 482
582 541 536 561 554 546 554 555 559 579 578 574 573 569 566 563 560 558 556 554 553 554 554 556 557 563 565 571 574 581 583 590 591 596 594 597 595 597 594 593 587 585 579 576 567 565 558 553 545 538 529 524 515 509 500 495 486 482 475 470 463 459 451 448 441 442 438 437 435 437 434 439 438 442 441 447 450 457 459 466 468 476 479
543 520 534 549 547 564 592 571 559 573 573 571 567 565 563 559 555 555 551 550 546 547 547 550 551 556 559 565 569 576 581 587 588 592 592 594 592 594 592 591 585 582 574 572 565 561 555 553 544 535 526 521 511 505 498 493 484 479 471 468 460 453 448 444 439 438 433 433 430 433 431 433 432 436 436 443 444 451 451 458 460 467 470
537 511 526 537 539 591 592 567 557 565 566 565 563 561 558 554 551 547 544 542 540 540 538 542 545 549 553 559 564 573 577 583 585 588 589 592 590 594 591 590 583 580 574 572 566 564 558 552 543 536 527 521 512 507 498 493 484 480 473 468 461 453 449 447 441 440 435 435 431 434 432 434 432 436 437 442 442 449 450 457 458 464 467
547 542 539 538 558 585 568 557 556 561 562 561 560 559 555 553 547 543 540 537 534 532 533 536 537 544 546 555 560 571 575 581 583 588 588 590 589 592 588 587 582 578 575 572 565 562 554 547 540 533 524 518 510 504 494 489 481 477 469 463 456 453 446 443 437 436 432 433 428 430 427 429 428 431 430 436 436 442 442 448 450 457 458
566 571 576 576 589 569 561 559 555 556 559 559 558 556 552 547 543 538 534 531 526 524 524 526 529 535 542 551 558 566 573 579 582 586 588 589 589 590 587 586 581 579 575 573 567 564 554 549 541 532 524 519 511 505 496 490 483 477 469 466 453 454 446 445 438 438 431 432 429 430 427 429 426 431 429 434 434 440 440 446 446 453 456
594 593 593 595 595 587 573 564 560 556 559 558 559 555 551 546 540 537 530 526 520 518 517 519 522 529 536 546 556 564 572 579 583 587 587 589 590 589 585 584 580 577 575 573 566 559 552 545 536 531 524 516 508 501 492 488 480 473 465 462 452 450 443 441 434 433 428 428 424 425 422 423 420 425 422 427 427 433 432 438 437 443 445
591 589 593 593 594 586 581 575 557 556 560 567 561 555 549 544 537 533 525 519 514 510 507 509 513 521 529 541 551 562 571 579 582 584 586 589 588 587 586 585 580 579 576 573 567 561 554 548 540 533 525 518 508 503 494 488 479 475 467 461 453 451 443 440 435 433 428 427 424 423 421 423 420 423 421 426 425 429 429 435 434 441 442
595 595 602 596 596 593 595 594 572 566 575 589 578 562 552 545 539 533 526 519 511 505 501 501 506 515 523 537 548 559 569 577 580 586 587 587 586 588 585 585 582 581 579 574 567 561 553 547 539 531 522 516 505 499 491 485 475 471 463 456 449 446 439 435 430 429 422 423 418 418 414 416 413 417 415 418 417 422 421 427 426 432 433
610 599 598 595 594 597 601 591 576 573 581 587 576 563 553 544 538 532 524 515 506 498 492 491 495 507 519 532 544 555 564 574 579 585 584 586 586 588 585 587 585 584 579 575 567 560 553 545 537 530 521 513 505 500 492 484 475 471 463 449 450 445 439 435 429 427 422 422 417 417 414 415 411 415 414 417 414 419 419 424 423 428 430
609 609 605 600 599 604 606 592 585 580 576 579 563 563 556 551 546 538 529 520 508 499 487 480 489 504 518 532 544 558 565 572 578 582 584 589 590 590 590 590 585 584 579 574 567 560 550 543 535 530 520 512 503 496 488 481 472 467 459 443 445 441 434 430 425 422 417 417 410 411 407 408 406 407 405 408 406 411 409 415 414 418 420
617 622 618 604 602 609 607 593 581 574 567 564 562 560 557 553 547 541 531 525 514 502 486 477 491 504 519 534 544 555 561 569 573 579 581 587 588 589 590 588 585 584 578 574 567 558 550 544 536 528 522 513 502 496 486 480 473 466 458 446 444 440 433 429 423 420 416 414 408 408 404 407 404 404 402 405 404 408 406 411 409 416 417
602 612 625 621 612 612 604 600 583 568 569 566 568 569 566 563 558 552 543 537 529 515 501 499 505 517 529 540 548 558 565 571 575 581 581 585 585 588 586 589 586 585 584 579 569 560 548 542 535 528 518 510 501 493 484 477 468 462 454 448 440 435 428 425 418 415 410 408 402 402 398 399 395 397 395 397 396 400 397 402 401 406 406
583 593 599 612 604 606 601 590 577 567 565 565 565 567 565 565 564 560 553 544 535 527 519 519 521 529 535 545 553 563 566 574 578 581 581 583 583 584 584 585 584 584 583 579 570 558 548 542 536 528 518 510 500 493 485 477 468 461 453 447 438 433 427 423 417 415 407 405 400 398 396 396 392 396 392 393 392 396 394 399 397 402 402
