18.asc
ncols        384
nrows        456
xllcorner    93.000000000000
yllcorner    -8.000000000000
cellsize     0.041666666667
NODATA_value 0
[rows 185 to 221 of 456, columns 249 to 331 of 384]
982 1001 994 1011 1000 1010 996 1000 982 985 967 964 947 944 926 923 908 904 891 891 881 883 871 875 867 871 865 869 864 872 866 874 869 878 875 880 881 887 884 893 889 892 892 896 896 901 899 902 904 905 906 906 908 908 910 913 914 916 918 921 922 926 926 927 929 931 931 933 940 941 938 942 947 955 960 966 968 972 979 983 988 990 995
967 985 966 990 982 992 981 985 969 971 952 951 936 930 912 909 895 893 878 879 867 870 860 867 857 864 857 863 859 865 860 867 864 872 866 878 875 884 879 887 887 888 889 892 894 896 899 901 900 902 901 904 905 908 907 911 913 913 917 920 919 922 926 924 926 927 929 937 939 941 934 935 943 951 953 959 964 970 974 981 983 988 993
960 979 961 985 975 985 974 979 964 963 948 943 928 925 909 906 890 888 876 877 867 869 860 862 855 864 857 863 859 865 862 872 866 874 873 881 879 886 885 892 889 895 895 899 899 905 904 906 908 907 909 911 910 917 914 918 922 924 923 927 926 929 931 931 931 932 934 937 983 956 939 943 948 953 960 966 973 974 981 986 990 993 998
944 962 948 968 958 969 958 959 946 948 931 929 913 907 895 890 877 873 861 861 852 855 849 851 846 855 848 856 850 859 854 865 860 872 868 875 874 880 881 887 886 890 892 895 895 900 902 903 903 905 907 907 908 913 917 920 920 924 924 924 926 924 926 928 930 940 932 934 978 962 941 944 951 955 957 964 969 972 977 978 985 988 995
940 957 947 963 953 962 951 954 941 941 924 922 908 905 887 884 872 868 859 859 850 852 846 851 843 852 846 856 853 859 860 865 865 875 873 880 879 885 886 892 893 898 897 902 901 907 907 911 909 912 914 917 926 929 929 930 937 929 931 929 931 937 936 940 937 945 937 941 951 949 949 949 956 960 962 969 974 979 984 987 990 995 1000
925 942 927 945 937 946 935 937 924 923 908 906 889 885 870 867 856 854 843 843 834 839 833 839 834 843 837 846 844 853 850 862 856 867 865 874 871 882 880 888 888 894 893 897 899 902 903 905 907 912 908 916 916 922 924 928 927 928 928 933 931 933 940 935 934 935 937 939 941 944 946 956 953 955 962 967 971 974 979 983 988 991 998
922 938 924 943 933 942 931 933 920 919 903 899 884 880 864 863 849 849 837 841 831 837 829 837 832 844 837 846 845 853 854 862 863 867 868 879 877 888 888 895 893 899 900 902 906 912 910 914 913 918 920 921 924 928 930 940 949 936 935 938 936 940 942 942 942 944 946 946 949 951 954 958 963 964 969 976 978 982 986 990 994 998 1002
909 923 920 929 921 928 915 918 903 901 884 881 867 864 847 843 828 831 822 824 818 823 819 827 822 832 830 838 837 850 845 855 856 864 865 872 873 882 881 889 889 895 896 902 903 908 904 911 913 913 917 920 922 925 925 930 933 938 945 939 938 936 936 937 939 942 944 947 950 949 951 956 958 965 967 971 975 979 984 985 989 993 1000
910 924 918 929 919 926 914 916 899 897 882 877 857 855 839 837 821 824 813 819 812 821 817 825 820 833 830 842 838 851 850 859 857 868 869 876 878 886 885 895 897 901 902 909 908 914 911 919 920 921 925 929 929 933 934 936 951 960 957 941 943 946 945 949 949 952 957 957 957 959 963 965 970 972 977 975 982 987 989 994 996 1000 1004
894 910 901 915 908 910 900 900 885 881 862 858 840 834 820 817 803 809 823 814 796 808 804 812 813 819 820 831 831 844 843 853 852 864 865 872 873 881 881 889 892 896 896 905 903 910 910 915 916 922 921 926 928 930 932 938 960 949 946 938 938 941 943 943 945 948 950 951 955 957 963 962 965 971 973 977 979 983 985 989 994 996 1001
898 911 910 921 911 913 900 898 881 875 859 854 834 830 813 811 799 798 847 826 796 806 802 813 812 822 823 836 834 848 844 856 857 867 868 876 879 888 886 895 896 906 902 910 912 918 916 923 925 928 930 933 936 940 939 950 957 951 946 948 950 951 953 954 956 958 961 961 965 966 968 970 975 976 981 982 988 989 994 994 1001 1001 1008
884 900 898 910 900 903 888 886 865 859 841 833 816 812 798 796 783 781 831 829 783 792 790 802 802 816 816 828 826 838 838 849 852 863 863 871 871 881 884 891 891 901 900 906 908 915 915 919 922 926 928 931 930 938 939 939 947 945 944 943 943 947 949 953 950 955 955 962 979 965 968 970 972 977 979 983 983 985 990 989 996 999 1003
887 904 901 916 908 910 891 885 864 855 834 829 810 807 792 792 780 782 893 867 792 795 794 806 806 818 819 830 830 842 845 857 856 869 870 881 878 889 891 899 901 908 909 915 914 922 924 929 932 939 935 941 943 943 946 952 948 951 950 954 956 960 958 959 961 962 966 967 984 972 975 978 980 982 987 988 990 994 994 999 1001 1007 1012
874 893 890 904 898 903 883 873 846 837 815 807 789 790 777 778 768 771 863 863 786 785 787 800 800 812 811 826 825 838 839 849 851 863 864 876 875 884 886 896 895 906 903 913 912 920 920 926 927 934 935 936 938 943 940 945 946 949 948 952 951 953 955 958 960 963 963 972 972 970 972 977 981 982 982 984 986 989 991 995 997 1000 1004
879 894 893 906 905 912 887 870 843 830 806 800 784 782 773 775 771 775 770 782 778 791 793 806 804 819 820 833 832 845 846 859 856 870 869 881 882 893 894 903 902 913 913 922 920 929 928 935 939 943 942 948 948 950 952 954 954 959 960 962 962 964 966 967 967 970 972 974 979 982 982 984 986 986 991 993 995 996 999 1000 1007 1006 1011
867 881 879 891 886 895 870 851 818 805 783 778 765 765 758 763 759 767 764 774 773 787 787 802 803 815 815 827 829 841 841 856 855 865 867 876 878 889 888 901 900 908 907 918 917 927 923 932 934 939 940 944 943 948 947 951 953 956 955 958 960 963 960 966 968 969 971 973 975 975 977 983 985 985 987 987 992 992 994 998 1002 1003 1007
871 881 878 886 876 875 852 838 807 794 773 770 759 762 757 767 760 771 769 781 781 793 803 809 809 822 825 837 836 851 848 859 862 873 872 886 885 898 895 908 907 918 918 928 924 933 937 942 943 947 947 953 954 955 957 962 964 965 965 969 968 972 972 975 975 980 980 983 985 987 987 988 990 994 994 995 997 998 1001 1004 1006 1010 1010
863 872 864 867 855 849 826 812 782 767 744 748 741 749 745 756 754 769 765 777 776 791 814 816 805 820 818 833 833 845 846 857 860 872 871 883 881 894 893 905 905 914 913 923 926 933 935 937 938 945 947 948 949 955 957 957 959 963 963 965 967 969 971 973 975 976 980 981 983 983 986 988 988 990 992 989 991 995 999 999 999 1004 1006
866 871 862 864 848 844 818 804 774 754 733 741 739 751 749 761 761 774 772 786 784 801 800 814 816 828 829 842 843 854 856 869 866 879 878 891 892 904 903 913 912 925 926 933 934 939 940 948 947 955 954 959 959 965 964 969 971 974 972 976 977 980 982 981 983 985 985 990 990 990 990 996 998 994 996 998 1002 1004 1006 1004 1006 1010 1015
863 862 849 852 835 828 804 791 760 742 721 728 730 749 747 759 760 772 772 786 784 799 799 812 815 827 828 848 842 854 856 865 865 877 876 890 887 901 900 911 911 921 923 928 930 941 940 948 947 951 953 960 960 960 962 966 968 969 970 975 975 975 977 979 981 983 983 985 986 989 991 991 993 991 991 996 996 996 998 999 1004 1005 1009
866 869 855 855 839 834 811 798 769 754 732 739 746 759 756 770 770 784 784 796 794 808 809 823 823 838 835 868 852 863 862 875 873 888 886 897 896 908 909 921 923 931 931 938 940 949 949 954 956 964 962 968 967 971 972 973 975 979 979 984 982 986 986 990 990 993 995 994 996 998 998 997 999 996 998 1000 1002 1005 1007 1008 1011 1013 1018
859 863 851 852 835 830 807 800 775 767 751 755 751 764 764 778 775 787 785 800 798 812 810 825 823 837 835 851 847 861 861 875 872 886 884 896 895 908 909 919 922 929 930 941 940 949 947 953 955 961 960 964 965 971 969 974 975 980 980 981 981 985 985 987 985 988 990 989 991 992 994 991 993 991 993 997 999 1000 1004 1003 1005 1006 1010
870 872 859 859 843 842 822 817 797 792 778 784 775 786 781 795 791 803 799 812 810 821 821 835 833 848 845 861 858 871 869 885 884 895 894 906 907 918 919 929 930 939 939 949 951 955 957 965 965 972 970 974 976 978 979 982 984 986 986 990 996 994 994 996 996 997 997 997 997 998 1000 1000 1002 1002 1004 1004 1008 1007 1009 1010 1012 1013 1017
867 873 862 862 847 846 829 825 810 810 800 804 795 801 794 804 798 824 811 818 812 826 824 839 835 849 846 861 859 872 871 884 883 895 896 907 907 918 919 929 927 939 940 949 949 957 957 965 965 968 969 975 977 978 977 983 980 984 984 988 988 991 991 993 993 992 992 994 995 997 997 1000 1000 1000 1002 1002 1002 1002 1004 1007 1008 1007 1011
880 886 873 875 860 862 848 846 833 839 827 834 821 826 815 823 815 826 825 831 828 839 836 848 846 858 856 872 869 883 883 894 895 904 906 917 919 930 928 939 940 949 950 959 959 967 968 973 973 980 980 984 985 989 989 990 990 996 997 997 997 1000 1000 998 1000 1001 1003 1000 1000 1003 1003 1005 1005 1007 1007 1008 1008 1011 1013 1013 1013 1016 1018
885 890 877 881 867 869 861 859 846 852 840 848 837 838 826 833 826 831 828 839 834 841 841 852 847 861 859 873 873 882 883 894 895 905 905 917 918 932 932 938 940 949 951 960 958 966 967 975 971 978 980 985 981 987 989 988 990 994 992 995 996 998 996 996 997 996 998 998 998 999 999 1001 1003 1001 1003 1005 1005 1005 1007 1005 1010 1011 1010
899 905 894 896 885 889 877 878 867 871 860 866 854 859 847 852 840 851 842 851 845 856 851 864 862 871 871 881 883 894 892 908 906 919 916 929 928 941 941 953 950 961 961 970 971 978 977 984 982 988 988 992 994 996 994 998 1000 999 1001 1003 1005 1004 1004 1006 1004 1007 1007 1007 1009 1008 1008 1007 1009 1008 1010 1010 1012 1014 1014 1014 1016 1016 1017
903 912 899 907 896 899 886 892 881 884 873 877 864 869 857 860 848 856 849 857 852 860 855 867 863 876 872 887 883 898 895 908 909 919 918 929 930 942 942 954 953 962 962 973 972 978 978 985 984 989 989 991 991 998 995 998 998 999 999 1002 1001 1002 1002 1004 1004 1005 1005 1001 1004 1004 1006 1005 1007 1005 1006 1008 1010 1006 1008 1008 1010 1010 1012
918 925 917 923 905 915 904 909 899 903 889 893 882 884 872 877 864 871 860 868 861 874 869 880 878 887 885 896 894 907 907 917 917 933 931 942 940 953 955 963 964 972 972 982 984 988 989 996 994 999 1001 1003 1002 1006 1005 1008 1008 1010 1008 1010 1010 1011 1009 1013 1013 1013 1010 1013 1013 1013 1015 1014 1016 1011 1013 1013 1013 1012 1017 1017 1019 1016 1018
922 933 922 930 906 923 915 922 911 915 901 904 891 897 880 886 873 880 867 876 868 876 871 883 878 890 888 902 898 911 909 924 918 933 933 945 943 954 955 966 966 975 975 982 984 990 989 995 997 1000 1000 1003 1003 1005 1003 1009 1006 1008 1010 1010 1010 1011 1011 1011 1011 1008 1010 1010 1010 1011 1009 1007 1009 1009 1011 1010 1010 1009 1011 1011 1011 1010 1010
939 948 938 943 916 937 934 940 926 931 919 919 905 909 898 900 885 892 881 886 879 889 882 893 889 900 899 910 910 920 920 932 932 942 943 956 955 967 969 976 977 987 985 995 993 1002 1001 1006 1007 1010 1010 1012 1013 1017 1014 1017 1014 1018 1016 1019 1020 1019 1019 1019 1017 1019 1021 1020 1018 1020 1018 1016 1018 1014 1016 1016 1015 1015 1017 1020 1018 1017 1019
945 957 948 950 931 954 945 954 934 943 929 931 915 918 902 906 892 899 884 893 881 891 886 896 890 905 902 913 911 924 922 936 934 948 947 957 959 969 970 982 979 989 987 996 996 1003 1003 1007 1007 1010 1011 1011 1011 1016 1013 1018 1014 1017 1014 1018 1018 1017 1017 1017 1016 1018 1018 1015 1015 1016 1016 1013 1013 1012 1014 1013 1011 1011 1013 1011 1011 1010 1010
962 968 961 974 962 970 966 971 954 958 943 944 929 931 915 917 902 906 897 901 892 902 894 907 903 913 913 923 921 935 933 945 945 961 959 969 971 981 979 992 992 999 999 1008 1006 1015 1012 1018 1018 1022 1020 1026 1021 1026 1025 1027 1025 1029 1024 1026 1026 1025 1027 1026 1028 1026 1024 1024 1026 1025 1022 1023 1022 1020 1022 1021 1018 1017 1017 1018 1017 1017 1015
973 977 970 982 979 988 978 983 966 970 951 954 935 933 920 919 907 908 897 903 895 903 898 907 906 916 914 928 926 939 937 950 950 962 962 974 974 986 983 994 994 1004 1000 1010 1008 1015 1015 1022 1019 1025 1020 1025 1024 1027 1023 1028 1025 1027 1025 1027 1025 1026 1026 1025 1025 1023 1023 1022 1024 1019 1019 1020 1018 1014 1016 1013 1015 1013 1013 1012 1012 1010 1008
990 993 983 1001 996 1007 997 1001 985 984 955 964 945 947 927 928 913 917 904 911 900 909 907 917 911 926 922 937 935 951 948 962 962 974 970 985 983 997 995 1006 1004 1015 1015 1020 1020 1029 1025 1031 1029 1033 1033 1035 1032 1038 1035 1035 1033 1037 1035 1036 1034 1035 1033 1033 1033 1030 1030 1031 1030 1028 1028 1026 1026 1023 1025 1022 1021 1018 1020 1018 1017 1016 1017
995 1005 995 1016 1013 1025 1013 1013 996 994 965 969 950 947 929 929 914 915 905 912 903 910 906 918 916 927 926 938 938 952 952 963 965 976 976 988 988 1002 998 1011 1008 1020 1015 1026 1021 1030 1025 1032 1034 1034 1034 1037 1033 1035 1035 1037 1033 1036 1033 1036 1033 1034 1031 1032 1030 1029 1029 1028 1028 1025 1022 1023 1023 1020 1019 1015 1017 1013 1015 1012 1010 1009 1008
1003 1019 1017 1039 1036 1046 1033 1031 1008 1003 981 977 956 950 935 933 918 919 910 915 907 917 912 926 923 936 934 949 946 962 960 974 973 990 989 1000 1001 1012 1012 1022 1020 1029 1029 1035 1035 1038 1039 1041 1043 1046 1043 1045 1047 1045 1043 1046 1045 1047 1043 1044 1042 1043 1041 1040 1037 1038 1038 1037 1037 1032 1030 1031 1031 1027 1027 1024 1022 1020 1022 1018 1019 1016 1012
