18.asc
ncols        384
nrows        456
xllcorner    93.000000000000
yllcorner    -8.000000000000
cellsize     0.041666666667
NODATA_value 0
[rows 222 to 258 of 456, columns 249 to 331 of 384]
1007 1029 1029 1055 1055 1065 1045 1041 1013 1005 982 975 952 948 929 927 912 916 904 913 907 915 915 924 922 937 937 953 951 965 967 980 980 993 992 1006 1004 1017 1016 1025 1024 1034 1030 1039 1035 1044 1040 1047 1041 1045 1045 1045 1045 1047 1045 1045 1043 1045 1040 1042 1042 1042 1040 1036 1036 1034 1032 1031 1031 1029 1029 1023 1025 1023 1025 1017 1017 1017 1015 1012 1010 1008 1009
1013 1037 1044 1072 1080 1087 1059 1045 1018 1006 983 975 950 943 926 926 911 916 905 912 907 919 917 932 932 944 945 960 961 975 976 992 992 1006 1005 1017 1018 1026 1027 1037 1038 1044 1044 1050 1050 1052 1054 1056 1054 1057 1055 1059 1054 1056 1057 1055 1052 1054 1052 1051 1049 1048 1048 1046 1046 1043 1043 1040 1040 1037 1037 1033 1034 1031 1029 1028 1026 1022 1020 1019 1018 1012 1012
1009 1035 1043 1071 1077 1093 1053 1038 1009 1002 976 965 941 932 912 914 903 906 897 908 905 915 915 931 933 945 948 964 966 979 982 995 997 1008 1010 1020 1022 1032 1031 1042 1039 1049 1045 1054 1050 1057 1054 1057 1055 1058 1057 1059 1055 1055 1055 1053 1053 1054 1052 1053 1049 1047 1046 1043 1043 1039 1039 1036 1038 1034 1032 1031 1031 1028 1024 1023 1020 1016 1016 1011 1013 1007 1007
1008 1034 1035 1035 974 1067 1039 1030 1003 993 968 957 932 924 903 904 893 898 893 905 905 919 919 937 937 954 954 972 976 993 993 1008 1009 1021 1020 1034 1032 1047 1044 1051 1053 1058 1060 1063 1063 1067 1067 1070 1064 1070 1069 1068 1066 1068 1065 1065 1063 1063 1061 1060 1058 1055 1055 1053 1050 1049 1046 1045 1045 1041 1041 1040 1040 1034 1033 1032 1029 1022 1022 1019 1017 1013 1013
997 1018 1019 1028 1015 1037 1013 1008 987 977 954 941 916 906 889 885 877 887 883 896 899 915 918 935 938 956 959 977 980 994 997 1013 1012 1028 1026 1041 1039 1049 1049 1058 1055 1063 1062 1068 1064 1071 1069 1070 1070 1070 1068 1068 1068 1067 1064 1064 1064 1061 1059 1058 1058 1053 1050 1050 1048 1046 1044 1043 1039 1037 1037 1036 1034 1030 1030 1026 1026 1017 1015 1011 1012 1004 1006
988 1005 1000 1015 1002 1006 984 984 968 963 938 927 902 892 870 870 864 876 878 896 898 919 922 942 947 965 970 987 988 1006 1008 1026 1025 1040 1038 1050 1050 1063 1060 1072 1070 1077 1074 1080 1076 1082 1079 1083 1079 1081 1077 1080 1076 1076 1072 1072 1072 1069 1067 1067 1067 1062 1060 1059 1057 1051 1051 1048 1048 1044 1044 1041 1041 1034 1036 1033 1029 1023 1023 1017 1015 1013 1013
969 981 971 979 963 965 946 947 937 937 912 903 880 868 847 845 845 863 867 889 893 914 919 941 947 967 972 993 994 1013 1012 1030 1029 1047 1045 1057 1054 1068 1067 1073 1073 1080 1076 1080 1080 1084 1082 1084 1082 1083 1079 1080 1076 1076 1072 1071 1071 1068 1066 1065 1065 1060 1057 1057 1054 1051 1051 1045 1045 1040 1036 1034 1036 1028 1028 1025 1023 1019 1015 1013 1011 1006 1006
949 957 944 948 930 928 905 901 889 897 882 878 857 841 822 825 830 852 861 887 897 918 928 951 956 977 984 1004 1007 1026 1027 1045 1044 1057 1059 1070 1070 1078 1080 1087 1085 1091 1089 1094 1090 1093 1091 1095 1093 1092 1090 1089 1085 1085 1081 1080 1080 1078 1076 1073 1071 1068 1066 1064 1064 1058 1056 1055 1051 1048 1046 1039 1039 1035 1034 1031 1027 1023 1023 1016 1017 1013 1010
912 923 911 915 895 890 862 846 833 854 849 842 819 811 795 804 819 843 856 883 894 920 930 952 959 981 988 1008 1012 1032 1036 1050 1051 1064 1065 1078 1074 1086 1081 1089 1088 1096 1092 1095 1092 1097 1093 1094 1092 1091 1089 1089 1086 1085 1080 1079 1076 1075 1072 1072 1068 1065 1065 1061 1059 1057 1053 1049 1049 1044 1042 1037 1035 1029 1029 1023 1023 1017 1017 1012 1010 1005 1006
888 896 884 888 871 865 838 828 816 835 827 820 791 794 797 811 821 847 860 888 901 928 937 960 973 995 1001 1024 1028 1047 1050 1064 1065 1079 1076 1090 1087 1099 1095 1103 1099 1105 1101 1106 1103 1106 1102 1105 1101 1101 1099 1098 1096 1094 1088 1087 1085 1082 1082 1081 1075 1072 1070 1070 1068 1062 1060 1056 1053 1050 1049 1045 1043 1038 1035 1029 1029 1024 1024 1015 1017 1010 1010
854 863 853 858 843 839 822 821 812 824 817 810 782 790 793 812 823 848 863 890 902 929 941 969 979 1001 1010 1031 1031 1053 1055 1071 1072 1085 1081 1094 1090 1100 1097 1104 1100 1107 1103 1109 1104 1107 1102 1106 1102 1100 1098 1096 1093 1091 1086 1087 1085 1080 1078 1078 1074 1071 1069 1065 1063 1058 1055 1053 1051 1045 1043 1038 1039 1032 1031 1026 1024 1018 1018 1013 1009 1008 1006
832 842 832 840 826 829 814 820 816 829 826 817 795 804 807 826 833 859 873 901 916 942 956 983 993 1019 1026 1048 1052 1072 1072 1087 1087 1099 1097 1108 1103 1114 1110 1117 1113 1118 1116 1120 1114 1116 1112 1115 1111 1112 1108 1104 1102 1100 1096 1096 1092 1089 1087 1083 1081 1078 1076 1072 1070 1066 1064 1060 1059 1054 1049 1047 1045 1039 1037 1032 1030 1025 1025 1018 1017 1011 1011
804 814 808 815 806 814 805 812 807 821 815 816 803 815 814 831 840 864 879 906 922 950 964 990 1003 1026 1035 1056 1062 1079 1080 1095 1092 1105 1102 1112 1109 1116 1112 1116 1115 1120 1114 1118 1113 1117 1113 1113 1109 1109 1107 1103 1099 1099 1095 1092 1088 1087 1085 1082 1078 1075 1073 1069 1067 1062 1059 1057 1055 1049 1047 1040 1040 1032 1032 1025 1025 1019 1019 1012 1010 1007 1007
782 794 792 802 796 806 800 811 807 820 813 821 814 824 825 845 856 880 895 923 936 965 982 1010 1021 1048 1054 1076 1080 1098 1096 1110 1109 1120 1115 1126 1120 1128 1126 1129 1127 1133 1125 1129 1123 1128 1124 1123 1117 1117 1115 1112 1108 1108 1102 1101 1097 1096 1090 1089 1087 1082 1078 1076 1076 1070 1068 1060 1060 1054 1054 1049 1046 1042 1038 1033 1030 1026 1023 1019 1017 1010 1012
757 772 770 783 780 793 788 802 800 812 810 821 819 830 834 853 863 888 902 932 946 976 990 1023 1036 1060 1067 1090 1090 1106 1106 1118 1114 1125 1119 1127 1122 1129 1125 1131 1127 1129 1125 1128 1123 1126 1122 1121 1115 1116 1110 1110 1106 1104 1100 1100 1094 1091 1087 1085 1081 1080 1078 1072 1070 1064 1062 1058 1055 1050 1048 1041 1041 1033 1033 1026 1028 1020 1019 1012 1010 1008 1004
742 759 757 772 773 787 785 800 799 812 812 825 827 844 848 867 879 905 918 946 966 997 1011 1041 1053 1081 1088 1108 1110 1125 1122 1134 1129 1139 1135 1140 1135 1140 1134 1141 1135 1139 1133 1136 1132 1133 1130 1130 1124 1125 1119 1118 1114 1111 1107 1105 1102 1098 1096 1092 1088 1086 1082 1077 1077 1071 1069 1064 1064 1056 1054 1052 1047 1041 1039 1032 1032 1026 1024 1019 1017 1011 1010
722 741 743 758 760 778 778 791 793 808 809 822 827 844 852 873 884 909 923 955 969 1004 1022 1052 1066 1094 1102 1121 1120 1132 1130 1139 1132 1143 1136 1143 1134 1139 1133 1139 1135 1137 1131 1135 1129 1128 1124 1124 1122 1123 1115 1114 1112 1108 1104 1102 1100 1095 1092 1089 1087 1083 1079 1074 1072 1067 1063 1059 1055 1050 1048 1043 1041 1036 1032 1029 1026 1022 1021 1013 1011 1006 1006
717 734 736 755 757 775 778 791 794 811 814 830 836 853 862 886 897 924 939 970 986 1021 1040 1073 1088 1115 1124 1141 1140 1150 1144 1151 1145 1153 1147 1156 1146 1151 1143 1149 1141 1146 1140 1144 1136 1138 1133 1133 1129 1128 1124 1121 1117 1115 1111 1110 1104 1101 1097 1094 1092 1088 1084 1081 1081 1074 1070 1064 1062 1057 1055 1050 1048 1040 1040 1033 1033 1026 1024 1018 1017 1013 1010
710 725 728 744 749 767 769 785 789 807 810 829 834 854 862 886 900 927 942 974 992 1025 1048 1082 1100 1130 1134 1153 1147 1156 1147 1154 1147 1152 1145 1154 1143 1150 1141 1144 1139 1142 1137 1139 1134 1135 1129 1130 1123 1122 1120 1119 1113 1113 1107 1103 1101 1099 1093 1092 1088 1085 1083 1075 1073 1069 1068 1062 1059 1054 1051 1044 1043 1039 1035 1029 1027 1022 1020 1013 1011 1007 1005
712 727 729 747 748 766 770 788 792 809 815 835 841 863 872 897 909 939 953 986 1005 1039 1061 1099 1122 1154 1157 1170 1161 1168 1159 1166 1157 1162 1155 1160 1153 1156 1150 1152 1146 1149 1141 1144 1138 1141 1136 1135 1131 1132 1125 1124 1120 1117 1115 1112 1110 1102 1100 1097 1093 1091 1086 1082 1082 1076 1074 1066 1064 1058 1058 1050 1050 1042 1039 1034 1031 1027 1023 1019 1018 1010 1010
707 721 723 740 744 760 764 783 786 806 812 831 840 861 870 896 909 936 953 984 1002 1036 1060 1097 1126 1161 1159 1170 1161 1163 1154 1160 1151 1156 1150 1155 1146 1153 1145 1150 1139 1144 1138 1140 1135 1135 1131 1131 1127 1125 1121 1118 1114 1112 1107 1106 1101 1100 1096 1093 1091 1086 1084 1078 1074 1071 1067 1062 1060 1055 1052 1044 1044 1037 1037 1029 1029 1021 1019 1012 1011 1007 1003
711 726 728 743 746 764 768 785 790 810 817 837 844 867 877 902 917 942 961 992 1012 1046 1065 1104 1122 1155 1156 1171 1164 1170 1159 1165 1155 1164 1155 1160 1153 1158 1150 1154 1147 1149 1143 1145 1140 1142 1136 1137 1133 1130 1126 1123 1119 1117 1115 1112 1108 1105 1101 1100 1094 1092 1089 1083 1080 1076 1076 1069 1064 1058 1055 1051 1048 1044 1040 1034 1033 1024 1024 1018 1018 1011 1009
706 720 722 737 739 760 762 782 786 807 812 832 840 864 873 899 912 938 955 986 1002 1036 1055 1090 1106 1130 1133 1153 1146 1156 1147 1154 1147 1154 1145 1151 1144 1149 1144 1146 1141 1142 1136 1141 1136 1136 1130 1130 1124 1125 1121 1119 1115 1113 1107 1107 1102 1100 1097 1094 1092 1084 1082 1077 1076 1070 1068 1061 1059 1053 1053 1047 1047 1039 1036 1031 1027 1022 1018 1013 1011 1005 1003
710 724 725 741 743 761 766 784 789 810 816 836 845 868 877 904 917 943 957 987 1004 1038 1052 1085 1096 1122 1126 1144 1143 1153 1145 1156 1148 1154 1148 1154 1149 1153 1146 1149 1144 1147 1143 1145 1138 1139 1135 1135 1129 1130 1126 1124 1120 1118 1114 1111 1109 1105 1102 1100 1096 1093 1086 1084 1080 1077 1073 1066 1062 1060 1056 1050 1049 1043 1041 1033 1032 1025 1022 1018 1016 1008 1008
707 719 721 738 740 756 761 780 785 804 811 831 839 862 871 896 907 936 948 978 990 1023 1035 1066 1076 1101 1105 1122 1122 1135 1130 1141 1133 1142 1136 1143 1134 1143 1136 1139 1132 1137 1131 1136 1131 1132 1127 1126 1124 1123 1119 1118 1114 1114 1108 1106 1102 1099 1096 1093 1091 1085 1084 1078 1076 1069 1067 1063 1061 1055 1053 1047 1042 1036 1035 1028 1026 1019 1019 1013 1011 1005 1004
709 723 724 742 744 760 763 782 787 806 814 835 841 866 873 899 910 936 948 977 990 1019 1030 1060 1069 1091 1096 1113 1114 1128 1124 1137 1131 1141 1136 1141 1136 1142 1137 1143 1137 1142 1136 1138 1133 1135 1130 1133 1129 1125 1124 1121 1119 1117 1113 1111 1107 1104 1101 1098 1095 1092 1088 1083 1080 1075 1074 1068 1065 1060 1057 1050 1048 1043 1041 1033 1032 1026 1024 1016 1016 1008 1006
706 718 720 737 738 756 757 776 783 802 806 829 835 858 866 890 902 926 938 964 976 1002 1013 1038 1048 1071 1075 1092 1092 1106 1105 1118 1113 1126 1120 1127 1122 1129 1124 1130 1125 1130 1126 1128 1123 1127 1120 1123 1120 1119 1117 1112 1110 1109 1107 1104 1101 1098 1095 1092 1090 1084 1082 1078 1078 1070 1068 1062 1060 1054 1050 1045 1042 1037 1034 1026 1026 1019 1017 1012 1010 1004 1003
709 723 724 740 742 757 761 780 785 804 810 831 836 859 870 889 901 928 937 963 974 999 1007 1032 1039 1062 1067 1085 1086 1099 1099 1113 1111 1120 1118 1124 1119 1128 1124 1129 1124 1131 1125 1132 1127 1130 1124 1128 1123 1124 1120 1117 1114 1113 1111 1109 1105 1103 1099 1097 1093 1090 1087 1085 1081 1077 1073 1067 1063 1059 1057 1051 1047 1043 1039 1035 1032 1024 1024 1018 1015 1010 1006
703 717 717 734 736 753 756 773 779 797 803 821 828 850 857 881 889 913 922 947 956 980 989 1013 1019 1041 1046 1061 1064 1080 1079 1093 1091 1104 1100 1110 1102 1115 1110 1118 1112 1119 1113 1118 1115 1118 1115 1117 1113 1115 1110 1110 1107 1108 1102 1102 1099 1094 1092 1090 1086 1085 1083 1078 1074 1069 1066 1062 1061 1054 1050 1043 1043 1036 1034 1028 1025 1022 1018 1012 1010 1004 1001
706 722 721 738 740 755 759 778 781 798 804 824 829 851 858 880 888 911 919 943 954 976 982 1006 1015 1033 1038 1056 1056 1071 1074 1086 1085 1098 1098 1106 1104 1113 1109 1118 1112 1121 1116 1120 1119 1121 1118 1119 1116 1116 1112 1115 1109 1111 1109 1105 1101 1098 1096 1095 1093 1089 1086 1083 1079 1075 1071 1067 1066 1058 1056 1050 1048 1041 1038 1032 1030 1025 1022 1016 1014 1007 1005
700 714 715 730 732 748 751 769 772 791 796 816 821 842 847 867 874 897 905 926 935 957 965 986 993 1013 1017 1036 1036 1052 1053 1068 1067 1079 1077 1090 1088 1098 1095 1102 1099 1106 1101 1109 1105 1110 1105 1109 1105 1108 1104 1106 1102 1101 1097 1096 1093 1092 1087 1087 1086 1084 1078 1075 1072 1068 1066 1062 1059 1051 1049 1045 1043 1035 1033 1029 1026 1020 1018 1012 1009 1003 1001
703 717 719 734 735 751 752 770 775 791 796 817 822 839 845 867 872 895 901 923 931 951 958 982 985 1006 1010 1029 1031 1046 1049 1062 1063 1077 1075 1088 1085 1095 1092 1102 1099 1106 1103 1108 1106 1109 1108 1112 1108 1111 1107 1107 1105 1104 1101 1102 1098 1096 1094 1090 1089 1086 1085 1081 1077 1072 1070 1066 1062 1058 1055 1052 1046 1039 1035 1032 1029 1024 1022 1015 1014 1007 1005
696 711 711 726 727 743 745 763 765 783 786 805 809 829 833 853 859 880 886 907 912 933 941 959 965 984 987 1007 1009 1027 1027 1043 1043 1057 1054 1068 1068 1078 1076 1085 1083 1091 1089 1094 1093 1096 1094 1097 1096 1100 1096 1098 1095 1094 1092 1093 1091 1089 1086 1085 1082 1078 1076 1073 1071 1066 1064 1059 1057 1051 1050 1044 1042 1036 1035 1025 1023 1019 1016 1010 1008 1001 999
698 714 712 728 730 745 748 763 768 783 788 805 808 828 833 850 857 875 883 903 909 928 934 954 958 977 980 999 1001 1020 1022 1037 1039 1050 1053 1064 1065 1074 1074 1082 1082 1090 1088 1096 1093 1099 1097 1100 1099 1101 1097 1099 1099 1098 1096 1097 1094 1094 1091 1088 1087 1083 1083 1077 1073 1070 1067 1066 1062 1056 1054 1047 1045 1042 1038 1030 1030 1023 1020 1016 1013 1006 1004
693 705 706 720 722 736 739 753 756 775 777 793 796 816 819 838 842 860 866 884 891 909 914 936 939 958 962 980 982 999 1002 1018 1017 1033 1034 1045 1045 1057 1057 1069 1065 1076 1076 1082 1081 1087 1083 1088 1086 1090 1088 1090 1088 1090 1085 1087 1085 1086 1084 1079 1078 1075 1073 1072 1070 1064 1062 1059 1055 1050 1047 1044 1042 1033 1031 1026 1025 1018 1018 1011 1007 1003 1001
696 708 709 723 724 738 739 756 758 773 777 793 796 814 818 835 838 858 862 879 886 904 910 929 932 951 955 973 975 992 994 1011 1013 1028 1029 1043 1042 1055 1055 1066 1063 1075 1073 1084 1080 1086 1084 1091 1089 1092 1090 1093 1092 1094 1092 1089 1088 1089 1087 1086 1080 1080 1077 1076 1073 1069 1067 1063 1060 1054 1050 1048 1045 1038 1038 1031 1030 1024 1022 1013 1012 1005 1004
687 700 700 714 715 730 730 746 747 762 765 781 783 799 803 821 825 841 845 864 868 885 891 907 911 930 935 951 954 972 974 989 992 1008 1010 1025 1026 1037 1036 1050 1050 1060 1058 1067 1067 1073 1072 1078 1075 1078 1077 1083 1081 1081 1081 1083 1078 1080 1076 1077 1075 1074 1071 1067 1065 1063 1061 1058 1055 1050 1050 1043 1039 1034 1032 1026 1026 1019 1017 1012 1010 1002 999
