19.asc
ncols        384
nrows        456
xllcorner    93.000000000000
yllcorner    -8.000000000000
cellsize     0.041666666667
NODATA_value 0
[rows 185 to 221 of 456, columns 170 to 254 of 384]
241 244 245 246 248 248 249 251 253 253 255 256 258 258 260 261 261 264 264 267 267 267 269 270 271 273 275 279 283 287 292 298 302 307 307 310 313 310 308 309 310 314 326 331 322 268 312 306 311 306 299 286 277 271 266 263 261 262 264 265 270 278 291 295 298 306 318 329 342 354 368 381 397 411 426 441 457 469 483 494 506 515 525 531 540
245 248 248 250 252 252 255 256 257 258 260 260 262 263 265 265 266 268 268 270 271 273 273 274 276 277 280 283 285 289 294 298 302 304 305 307 310 305 304 307 307 314 311 313 318 266 268 256 304 307 299 288 281 275 270 267 266 266 268 271 275 282 289 297 306 313 323 334 348 359 374 386 402 416 432 446 462 474 489 501 512 520 534 540 550
247 248 249 251 252 255 255 257 258 259 260 261 262 264 265 266 267 267 269 270 272 273 273 275 276 278 279 282 284 288 290 294 298 300 300 302 301 300 298 300 303 308 304 304 316 252 309 266 250 298 292 284 279 275 269 265 266 266 269 272 277 282 288 296 310 318 325 333 347 359 375 386 401 415 431 444 460 472 488 498 512 520 533 541 551
251 251 254 256 257 259 260 261 263 264 265 267 268 268 269 271 271 274 274 275 276 276 279 279 280 283 283 287 288 290 292 294 298 301 301 301 301 302 300 301 302 305 302 302 309 308 302 261 253 297 292 286 285 280 273 270 270 272 274 277 282 287 294 303 312 318 329 340 352 364 378 391 406 420 436 450 466 479 495 507 520 530 543 550 562
251 253 256 257 259 260 261 263 264 266 266 268 268 270 271 272 271 274 275 276 276 277 279 280 280 283 283 285 287 289 291 292 295 298 298 299 299 299 298 298 299 297 298 299 300 304 302 292 291 291 286 281 279 290 272 271 271 272 274 277 282 288 293 301 310 317 328 338 351 363 376 390 405 418 434 449 464 478 493 506 520 531 544 551 564
256 259 260 262 264 265 267 269 269 271 272 272 274 275 275 277 278 278 279 280 281 283 283 284 284 287 287 290 291 293 295 296 298 300 300 302 302 302 301 301 299 298 300 296 248 256 299 291 284 286 283 281 279 284 279 274 273 276 279 282 287 292 299 305 315 323 333 344 356 368 382 395 409 424 440 455 472 485 501 514 530 540 555 563 576
259 259 262 263 266 267 269 269 271 273 273 274 276 277 277 278 280 280 280 281 283 284 283 284 285 287 288 290 291 293 295 297 296 299 299 301 301 301 299 298 295 295 291 289 246 302 285 280 273 278 274 274 273 273 278 272 273 276 279 282 286 291 299 305 313 321 331 342 354 366 379 392 409 422 438 453 469 484 501 513 529 541 556 566 578
263 265 267 270 271 272 274 276 277 278 279 281 281 281 284 284 285 285 285 288 288 288 289 289 291 291 292 295 295 296 298 299 300 303 302 304 304 304 302 301 297 296 291 289 303 291 223 271 269 275 275 273 273 275 280 277 277 281 283 287 292 296 303 309 318 326 337 347 358 370 384 397 413 427 445 458 476 491 509 523 540 553 568 578 591
265 268 270 272 272 276 276 278 278 281 281 282 283 284 284 285 287 287 288 288 288 289 290 290 291 291 293 294 295 296 296 298 299 300 300 301 301 301 299 298 297 294 287 282 285 289 272 265 271 276 275 271 269 270 273 274 275 279 282 285 290 295 300 308 316 324 335 344 356 367 381 394 410 424 441 457 475 490 507 523 541 553 571 580 594
271 273 276 279 279 281 282 284 285 287 287 289 289 290 291 292 291 292 292 293 294 294 295 296 296 297 298 298 299 300 300 302 302 303 303 304 303 303 301 301 300 295 288 283 277 226 272 277 279 249 292 279 273 273 274 276 280 283 285 289 294 299 304 311 319 328 337 348 359 372 386 399 414 429 446 462 481 497 516 533 551 567 583 594 610
274 278 279 281 282 284 285 287 287 290 290 290 293 293 293 293 294 295 295 296 296 297 296 296 297 298 297 298 298 299 299 300 298 300 300 300 299 299 296 297 294 291 284 279 273 277 235 310 287 273 272 269 266 268 271 274 278 280 283 287 291 296 301 308 317 324 335 343 356 367 381 395 410 425 444 458 478 495 515 532 551 567 586 599 612
282 283 287 288 289 290 292 294 294 295 296 297 297 299 299 299 299 300 300 300 302 302 301 302 303 303 302 303 303 303 302 303 302 302 302 303 301 300 298 296 293 289 283 278 276 274 225 255 297 268 210 209 267 201 205 277 281 284 287 290 294 299 305 311 319 326 336 347 358 369 383 396 411 428 445 463 484 501 522 541 561 579 599 614 629
286 287 290 292 294 295 296 296 297 299 299 299 300 300 301 301 302 302 304 304 303 303 304 303 303 302 303 303 303 303 302 302 301 301 299 299 298 296 293 292 288 283 281 280 272 266 266 286 270 262 265 262 264 198 203 273 277 281 283 286 291 295 301 306 314 323 331 342 354 365 378 391 407 418 431 453 478 497 518 538 559 580 601 617 634
294 296 297 298 300 301 303 305 305 306 307 307 307 308 308 308 309 309 308 308 309 309 309 309 308 309 309 308 308 307 306 305 305 304 233 302 299 298 295 293 287 283 277 272 268 267 267 281 212 197 264 264 196 200 272 274 212 282 284 288 292 296 302 309 316 324 333 343 355 366 380 394 409 423 440 438 461 497 524 544 568 590 614 633 652
299 301 302 304 305 306 306 308 308 309 309 310 310 310 311 311 311 312 312 312 311 311 311 311 311 310 310 309 308 307 306 306 303 303 301 299 296 295 292 289 283 278 272 268 265 264 265 229 229 268 265 199 197 267 202 271 274 278 281 284 288 292 298 303 311 319 327 336 349 359 374 387 402 415 424 443 469 488 517 539 564 585 614 636 657
308 310 309 311 313 314 314 315 317 317 316 317 317 317 318 318 317 317 318 318 318 317 316 317 315 315 315 315 312 311 310 309 307 307 304 302 299 219 293 290 285 281 276 272 270 268 267 267 276 208 295 206 268 200 203 273 275 278 282 284 289 293 299 304 311 319 328 337 350 360 372 387 401 413 419 432 462 489 514 540 565 589 620 644 670
313 314 316 316 317 318 318 319 320 320 321 322 321 321 321 321 321 321 320 320 319 320 319 318 317 317 316 315 313 312 311 309 307 306 226 301 219 296 291 206 283 280 274 271 269 265 265 264 265 274 274 200 266 268 269 271 204 274 278 281 285 288 294 300 306 313 322 331 342 353 366 378 393 405 417 434 457 476 489 518 556 580 608 632 658
323 324 326 326 327 327 327 327 329 328 328 329 329 328 328 329 328 328 327 327 327 326 326 325 323 323 321 321 319 318 317 315 313 309 307 305 219 299 295 291 201 196 278 275 272 270 267 268 267 194 223 205 270 271 202 203 273 276 278 281 285 288 294 298 306 313 322 330 342 351 365 376 392 404 420 439 456 468 498 500 539 569 601 623 644
329 330 331 331 331 331 331 331 333 333 332 333 333 331 332 331 331 330 331 330 329 329 328 327 325 324 324 323 320 319 317 315 312 309 306 305 218 297 208 290 286 282 278 273 271 268 185 266 267 267 272 272 268 269 272 269 272 271 274 277 281 284 288 293 300 307 315 323 334 343 356 367 384 395 413 431 443 452 487 496 529 542 583 600 619
339 340 341 340 340 340 341 341 341 340 341 341 341 341 339 340 339 339 338 337 337 336 334 334 333 331 329 328 326 325 322 320 317 314 312 225 306 302 210 295 200 286 282 277 275 271 270 270 271 273 273 273 272 271 271 271 273 274 275 279 281 284 289 294 301 306 315 322 333 341 355 366 382 395 408 419 436 449 461 475 521 550 571 588 606
345 344 345 345 345 345 345 345 344 345 345 345 344 344 343 343 343 343 341 341 340 338 337 335 335 333 332 330 328 327 323 320 318 315 313 224 306 302 210 294 290 196 281 278 274 271 269 268 270 271 271 272 270 268 267 267 273 269 272 274 277 282 285 289 295 301 309 316 325 333 345 357 372 389 401 411 427 434 453 474 509 530 551 567 583
354 353 354 354 353 353 354 354 354 354 353 353 354 353 353 352 350 350 349 348 347 346 345 344 341 341 338 337 334 333 329 328 324 321 317 316 312 308 304 300 203 290 287 282 278 275 272 272 273 274 274 272 270 270 269 268 272 270 272 275 302 299 285 290 296 302 309 316 324 331 341 354 373 389 400 411 429 442 459 477 501 521 539 554 570
359 359 359 359 359 359 358 358 358 357 357 358 357 357 356 355 354 354 353 352 350 349 348 346 344 343 340 339 336 333 330 329 326 321 318 228 312 219 305 301 296 292 287 283 279 276 273 271 270 270 269 267 266 264 265 266 266 267 269 281 303 283 281 286 292 298 304 311 318 325 335 346 360 375 393 401 418 435 447 465 488 503 519 534 548
368 368 369 368 367 366 368 368 367 367 367 367 366 366 366 365 364 363 361 360 358 357 356 355 352 350 349 346 343 341 339 335 332 329 325 323 318 315 310 306 302 298 293 289 286 282 278 277 275 273 270 267 264 265 266 268 269 268 270 273 275 278 283 287 293 299 306 312 320 327 336 347 359 370 384 398 413 428 445 461 477 490 508 522 537
373 373 373 373 373 372 371 371 371 372 373 372 371 370 369 368 368 366 364 363 362 361 359 356 355 354 351 349 346 344 340 337 334 332 327 324 319 316 312 308 304 300 295 291 287 284 280 277 274 270 267 261 260 261 264 264 266 265 266 268 271 275 280 285 291 296 303 309 316 323 334 342 352 362 376 387 402 416 433 445 461 474 491 504 518
384 383 382 381 382 382 382 380 381 381 381 381 381 380 379 378 378 377 374 372 371 369 367 366 364 361 359 357 354 351 348 346 343 338 334 331 233 323 319 219 311 307 302 298 294 290 288 283 280 275 272 267 265 265 267 268 268 268 270 272 275 279 282 287 293 299 304 312 319 325 336 344 352 362 373 383 398 410 424 437 453 466 479 492 506
387 386 387 387 387 386 386 386 386 386 385 385 384 384 383 382 381 380 378 377 375 372 371 370 366 365 362 360 356 354 351 347 344 341 337 333 329 326 225 316 313 309 304 301 298 293 290 285 281 278 274 270 269 267 266 267 268 268 270 272 275 278 282 287 291 298 302 313 316 323 332 340 348 355 366 375 386 398 412 423 435 449 463 476 492
397 397 398 397 397 397 396 396 396 396 395 395 394 395 394 392 392 391 387 387 385 382 380 379 375 374 371 369 365 363 359 355 352 350 344 341 338 333 329 326 321 316 314 309 305 302 298 294 289 285 283 279 277 275 273 273 272 274 276 278 281 283 285 290 295 301 308 314 319 328 335 342 349 355 363 372 383 394 407 416 429 441 456 467 482
400 400 401 401 401 401 401 401 401 401 401 400 400 399 399 398 395 394 394 391 388 387 384 382 379 377 374 372 370 366 362 359 355 352 349 344 341 337 332 329 324 320 316 313 308 304 301 298 294 290 286 283 281 278 276 276 276 276 278 279 282 285 287 291 297 301 307 313 319 327 334 340 345 350 358 365 375 383 393 404 418 429 441 452 466
410 411 412 411 412 413 411 411 411 411 411 411 410 409 409 408 407 405 404 401 399 397 394 393 390 386 383 381 377 375 282 368 271 361 356 353 349 345 341 336 334 329 324 322 318 313 310 306 303 299 296 293 291 290 286 286 286 286 286 287 289 291 294 299 302 306 311 317 324 329 336 341 347 351 357 362 371 380 390 398 409 421 434 448 460
413 414 416 415 416 416 417 416 417 417 416 417 417 416 414 413 412 410 409 407 403 402 398 396 393 390 388 384 381 378 380 372 366 363 360 357 353 350 344 341 337 333 330 325 322 319 314 311 308 304 301 298 296 294 293 290 291 290 291 290 292 293 298 301 305 309 313 317 323 329 334 338 344 347 353 357 363 370 379 389 400 410 424 441 450
423 423 425 426 427 427 428 429 429 428 428 427 427 426 426 424 422 420 420 417 415 412 410 406 403 401 398 394 391 388 386 380 377 373 370 366 363 358 355 351 346 343 339 335 332 328 325 322 318 315 312 310 307 305 304 301 301 299 301 302 300 303 306 309 312 316 319 323 328 333 338 342 346 350 355 358 362 368 376 385 395 405 421 435 443
426 428 429 429 431 431 432 433 433 433 434 433 433 432 431 430 429 427 425 422 420 417 414 411 408 405 317 399 394 393 390 386 381 376 373 369 366 363 359 355 351 347 344 341 337 334 330 326 325 321 318 314 313 311 310 307 306 305 306 306 307 307 310 311 315 319 322 325 329 331 338 341 345 348 352 354 361 363 371 378 386 397 409 423 438
438 437 438 439 442 443 444 445 445 445 445 445 444 442 442 441 440 437 436 434 431 428 425 423 419 415 412 408 405 404 399 397 390 387 383 380 376 372 369 366 362 358 355 352 348 344 341 338 336 333 331 327 325 322 321 318 318 316 316 316 317 317 318 319 323 325 328 332 335 338 342 346 348 351 354 357 363 368 372 377 383 395 407 422 436
440 440 442 445 446 448 450 451 451 452 452 451 451 449 448 448 446 443 442 440 437 434 430 426 423 421 417 414 411 407 404 400 395 391 388 384 381 376 374 370 367 363 360 357 354 352 347 345 342 339 338 335 331 329 326 325 323 323 321 322 323 322 323 324 325 328 332 333 336 337 344 346 349 352 355 359 363 367 371 376 381 391 403 417 432
448 450 451 455 457 459 462 462 464 464 464 464 463 462 461 460 456 455 453 451 448 445 362 438 435 430 427 335 420 325 414 409 407 402 398 394 389 387 384 272 378 375 372 368 365 362 359 357 353 351 349 346 343 341 337 336 335 334 332 333 333 333 333 335 337 338 342 341 340 344 348 350 355 357 359 364 368 372 375 380 386 393 407 421 432
449 453 455 456 460 463 466 466 468 471 472 471 471 470 468 466 463 462 458 457 454 451 448 445 440 352 347 341 425 330 418 415 412 407 402 399 396 392 282 385 383 380 377 374 372 369 366 363 360 358 356 354 350 347 345 343 342 339 340 338 338 338 339 339 341 342 343 344 346 347 350 352 355 357 361 364 369 373 377 381 387 395 408 420 431
