19.asc
ncols        384
nrows        456
xllcorner    93.000000000000
yllcorner    -8.000000000000
cellsize     0.041666666667
NODATA_value 0
[rows 259 to 295 of 456, columns 255 to 339 of 384]
481 483 485 489 490 493 497 500 503 507 510 514 517 520 520 527 531 535 538 542 546 551 553 557 561 567 570 575 579 584 587 592 595 600 603 608 611 616 620 624 626 631 634 639 642 644 647 651 654 657 660 662 665 668 670 673 675 676 681 682 683 685 686 689 690 690 692 692 693 694 695 696 697 697 697 697 698 698 698 698 699 698 698 697 698
487 489 490 492 497 497 501 505 507 511 514 516 520 522 526 530 531 535 539 543 547 551 554 557 562 566 570 574 578 583 586 592 595 600 604 608 612 617 619 623 628 632 636 641 643 646 650 653 657 659 663 667 669 671 675 677 679 682 683 687 688 690 691 692 695 696 697 697 699 698 699 700 701 701 702 702 702 702 703 701 702 702 702 701 701
486 385 490 491 495 497 500 503 506 508 511 515 517 520 523 527 530 534 536 539 544 547 549 553 558 562 565 569 574 579 582 587 591 595 600 604 609 613 617 621 626 630 634 638 642 645 649 653 655 659 662 665 668 672 673 677 678 681 683 685 687 690 691 692 694 694 696 696 699 699 700 700 701 701 702 702 703 703 703 701 702 702 703 702 702
491 493 494 497 501 502 505 507 510 513 515 517 520 523 525 528 532 535 536 541 543 547 550 553 557 561 565 569 573 577 582 587 591 597 600 604 609 614 618 623 627 631 636 640 645 647 650 654 659 662 666 669 672 675 678 679 683 686 687 690 692 693 697 697 699 699 702 701 703 704 705 705 706 706 706 706 707 707 708 705 706 706 706 706 707
491 493 494 497 499 502 503 506 509 509 512 515 518 522 524 527 528 532 535 537 540 544 545 549 553 557 560 564 569 572 578 583 587 592 598 603 606 612 616 621 625 630 633 639 642 646 649 653 658 662 665 669 671 675 677 680 683 686 687 689 693 694 696 698 700 700 702 702 703 703 704 705 706 705 707 708 708 707 708 707 707 706 707 706 707
497 497 499 501 503 506 508 510 512 514 517 519 520 523 525 528 531 533 535 540 541 543 545 546 552 555 559 564 567 573 576 581 586 592 597 602 607 612 617 621 625 631 635 640 644 649 653 656 660 665 669 671 674 678 681 684 687 689 693 695 696 698 701 701 704 704 708 707 708 709 710 709 710 710 711 710 712 710 712 711 712 711 711 710 711
498 498 500 502 504 506 507 510 510 512 513 516 519 521 524 526 529 531 533 535 536 540 541 544 547 550 555 560 563 568 573 577 584 588 594 599 605 610 614 620 624 629 634 638 643 647 652 656 660 663 668 672 674 678 682 684 687 691 692 695 697 699 702 702 704 705 708 707 708 709 710 711 712 711 711 710 712 711 712 712 712 712 712 711 712
505 504 506 506 509 510 511 513 514 517 518 519 520 523 525 526 530 531 534 536 537 538 539 543 545 549 555 558 562 566 572 577 581 588 594 599 604 610 616 621 625 631 635 641 646 650 655 658 662 667 671 674 678 682 686 688 691 695 696 700 702 703 706 707 709 709 711 713 714 713 715 714 715 715 716 716 715 716 717 715 717 716 717 714 715
504 504 505 506 507 509 511 511 514 513 516 517 519 521 522 524 526 529 532 529 532 531 529 531 541 544 547 553 557 561 567 573 578 585 590 596 601 608 613 619 623 630 634 640 644 649 653 659 663 666 670 674 678 682 686 687 692 694 698 700 702 704 705 706 710 710 712 712 713 715 716 715 716 716 717 716 717 716 717 716 717 716 717 715 716
507 508 510 511 512 511 514 515 515 517 518 519 520 522 524 526 527 529 529 526 526 525 528 534 538 540 546 550 556 560 567 571 578 584 590 596 601 608 613 619 625 631 636 641 646 651 656 660 665 669 674 679 681 687 690 693 696 700 702 704 707 709 711 712 713 715 717 717 718 717 720 720 721 721 722 720 721 720 721 719 720 720 721 719 720
507 508 510 511 512 510 511 514 515 516 517 517 519 519 521 521 524 527 528 522 520 521 525 531 534 536 540 545 551 556 561 568 575 581 588 595 599 607 612 618 624 629 636 641 646 651 656 660 665 670 675 678 682 687 690 693 696 700 702 705 707 709 711 712 714 715 717 718 719 719 721 721 721 721 722 721 721 721 722 720 721 721 722 721 720
426 512 511 514 515 515 517 515 517 517 519 519 519 520 522 522 524 526 527 529 528 527 526 527 531 533 538 542 548 554 561 566 573 580 587 594 600 606 614 620 625 631 637 642 648 654 658 664 669 674 677 682 686 691 694 697 700 704 706 710 712 714 717 719 720 721 723 724 725 723 724 724 725 725 726 725 727 725 726 724 725 724 724 724 724
429 512 512 513 515 514 516 515 516 516 517 518 518 517 520 518 521 522 523 522 523 522 521 522 523 529 533 539 544 551 556 564 571 578 585 591 599 606 612 620 625 630 637 642 648 654 658 665 670 673 677 683 686 691 695 698 701 705 708 710 713 715 718 719 721 722 723 724 725 725 726 725 726 724 726 726 728 725 726 724 725 724 725 723 725
515 516 517 516 517 518 518 518 518 518 518 519 516 517 518 518 519 520 520 519 516 516 516 516 518 523 529 534 543 549 556 562 571 577 584 593 599 608 613 620 627 632 639 645 651 656 661 667 672 677 681 687 691 694 699 702 705 708 713 714 719 720 722 723 726 726 728 728 729 729 730 729 730 730 730 730 731 729 730 729 729 728 730 729 729
439 436 518 518 518 517 517 517 518 517 517 515 515 515 515 514 514 514 515 513 509 507 508 508 512 517 524 530 538 546 553 562 569 577 584 592 599 608 613 620 626 634 639 646 652 658 662 667 673 678 682 688 691 695 700 703 707 710 714 716 718 721 723 724 727 727 729 728 729 729 731 730 731 730 731 729 730 730 730 730 729 728 730 729 729
520 441 522 519 520 520 520 518 518 517 518 516 516 513 514 513 512 511 509 506 503 501 498 502 505 513 520 529 537 544 552 561 569 576 585 593 599 607 614 622 628 636 641 648 654 660 665 671 676 681 686 691 695 699 704 708 711 714 718 721 723 726 728 729 730 732 733 733 734 733 734 733 735 733 734 734 733 734 734 734 734 732 733 732 733
448 521 522 520 521 520 520 518 518 516 516 515 515 513 512 509 508 506 504 502 499 494 492 491 499 508 516 526 535 542 552 561 569 576 584 592 600 609 615 622 630 637 641 648 656 661 666 673 677 683 687 693 697 701 706 710 712 716 718 722 724 726 729 731 732 732 733 734 735 734 735 734 735 735 736 734 735 734 735 733 734 733 734 733 734
523 522 523 521 522 521 521 519 519 517 516 516 515 514 511 509 507 506 502 500 497 491 491 495 498 508 516 525 534 543 551 562 569 577 586 594 601 610 616 624 631 639 645 653 658 665 669 675 681 687 692 697 701 706 709 713 717 720 721 727 728 730 734 734 736 736 737 738 739 739 740 738 739 737 738 738 739 738 738 737 737 736 736 736 737
524 523 523 523 523 521 522 518 520 517 516 515 514 512 512 509 506 504 502 499 496 495 495 495 501 509 516 525 535 544 552 561 570 578 586 595 603 611 618 627 633 640 647 655 660 667 671 677 682 688 693 700 703 707 711 715 719 721 724 729 730 731 733 735 736 737 738 738 739 738 741 739 740 739 739 739 740 738 740 738 739 737 736 735 737
526 525 524 524 522 522 521 521 519 517 516 514 514 512 512 509 507 504 502 501 497 498 499 501 506 512 519 528 537 545 554 563 573 581 588 597 604 614 621 629 635 644 650 657 663 672 676 684 688 693 698 703 706 712 716 719 724 727 728 731 734 736 737 739 740 741 742 742 743 742 743 742 742 743 744 742 743 741 742 740 742 740 740 739 740
464 526 526 524 524 522 522 521 521 517 518 515 514 511 511 509 507 504 503 503 502 502 502 504 510 516 523 531 540 547 556 565 574 582 590 598 606 616 623 631 638 646 653 659 666 674 678 686 690 696 701 704 708 713 717 721 724 728 730 733 736 738 739 740 741 741 742 743 744 744 745 743 744 742 744 742 743 742 743 741 741 739 740 739 740
468 527 464 525 525 523 523 521 521 518 518 515 515 513 512 510 508 507 505 505 505 506 507 510 514 519 527 534 542 549 559 567 576 586 594 602 611 619 627 636 641 650 656 664 670 677 681 689 694 700 705 710 713 719 721 725 728 732 734 738 740 742 743 744 746 746 746 746 747 746 747 746 747 746 747 745 746 744 745 744 744 743 743 742 742
530 528 527 526 526 524 523 522 521 520 519 516 515 512 513 511 511 510 508 508 510 509 511 514 520 524 531 539 546 554 562 570 580 588 596 605 612 621 629 638 645 653 659 668 673 680 685 692 697 703 707 713 716 721 724 727 731 734 737 739 741 743 745 745 747 747 748 749 748 748 748 747 747 745 746 744 747 745 745 743 744 743 744 743 743
477 529 528 528 526 525 524 522 520 519 518 516 516 514 514 512 512 510 512 511 512 513 516 518 524 529 536 541 549 557 564 575 582 590 600 609 617 625 633 643 650 658 664 672 678 687 691 697 701 707 711 717 721 725 728 733 735 739 741 742 744 745 747 748 749 750 751 750 751 750 751 750 752 750 750 748 750 748 748 747 747 746 746 745 746
480 530 530 528 528 526 525 523 523 521 519 517 516 515 515 515 514 513 515 515 515 517 522 524 529 534 541 546 554 561 569 577 587 595 603 613 621 629 638 647 652 661 669 677 681 689 694 701 705 712 714 721 723 728 731 736 737 741 743 745 746 748 749 749 750 751 752 751 752 751 752 751 752 750 750 748 749 749 749 747 747 746 746 746 745
483 478 530 528 474 526 525 523 523 519 520 518 517 517 516 515 516 516 516 518 519 522 524 530 533 538 544 551 559 566 574 581 590 600 608 618 625 635 642 651 658 667 672 682 687 695 699 707 712 717 722 726 729 734 737 740 742 746 747 749 750 752 754 753 753 754 755 754 755 755 754 753 753 753 752 751 752 750 750 748 749 749 750 748 748
532 484 484 481 481 475 474 525 524 522 521 519 518 517 517 517 518 519 519 520 524 526 529 533 538 544 548 555 562 570 578 586 594 605 612 621 631 639 647 657 663 671 677 686 693 699 705 711 715 721 724 729 732 737 739 742 744 748 749 750 751 752 753 754 754 756 756 756 756 755 756 754 754 754 753 751 752 750 749 749 749 748 749 748 749
487 485 486 529 529 478 476 524 524 521 521 520 520 518 519 518 519 520 523 523 527 529 531 537 543 547 554 559 567 575 582 591 600 609 617 626 636 644 653 662 668 678 685 693 698 705 712 718 721 727 731 736 738 742 744 748 749 753 754 754 755 757 758 758 757 759 759 758 758 758 758 757 757 755 755 753 755 752 754 751 752 750 751 750 751
492 489 491 531 530 484 482 525 525 523 522 521 521 519 520 521 522 522 525 526 530 533 537 541 547 551 558 565 572 579 588 596 604 614 622 632 641 649 657 667 675 683 690 697 703 710 716 721 726 731 735 738 741 745 747 751 752 755 755 757 757 758 758 759 758 759 760 758 758 758 757 755 757 755 755 753 752 752 753 751 751 750 751 749 749
490 489 492 491 492 488 484 526 525 524 522 520 521 521 521 522 524 524 526 529 533 536 541 544 550 557 562 569 577 583 591 601 610 620 627 637 646 655 663 674 681 691 696 704 711 717 723 729 734 738 741 746 748 752 753 755 757 758 759 761 761 762 763 762 762 763 762 761 760 760 760 759 758 756 758 756 756 755 755 753 754 754 754 752 754
492 492 496 495 497 494 490 528 527 524 524 523 522 523 523 524 526 527 530 532 535 540 544 549 555 561 567 574 582 589 596 606 614 625 632 642 651 661 669 679 686 697 703 712 717 725 728 734 739 743 745 749 751 755 755 758 760 760 762 763 762 763 762 763 763 762 762 761 761 759 760 759 758 756 756 755 757 754 754 753 752 753 753 752 753
490 490 494 494 499 496 491 526 525 523 523 522 524 522 524 525 526 529 531 535 539 543 548 552 558 564 570 577 586 593 601 612 619 629 638 648 658 669 676 687 695 705 711 719 726 733 736 743 746 751 752 757 757 760 762 764 765 767 766 767 767 767 768 767 767 766 765 764 764 762 761 760 761 758 760 757 757 756 757 755 756 754 755 753 755
489 490 493 493 498 496 490 526 525 524 523 524 524 524 525 527 529 531 535 539 542 545 551 556 562 568 574 582 589 598 607 616 623 634 643 654 664 674 683 694 700 711 718 726 732 739 742 748 750 755 757 760 762 763 765 767 767 768 768 769 768 767 768 767 766 767 765 764 764 762 761 760 760 758 757 756 756 755 755 754 754 753 753 753 753
484 484 487 487 490 488 485 478 523 523 522 523 523 525 526 526 529 533 537 540 543 549 553 560 566 572 579 587 594 603 611 621 630 641 651 661 670 682 691 702 710 721 728 736 742 749 752 757 760 765 765 769 768 771 770 773 772 773 774 774 773 773 772 772 771 770 769 768 766 765 764 762 763 761 761 758 759 758 759 756 756 756 756 756 756
480 480 482 481 483 479 478 473 522 523 465 460 524 525 526 453 453 535 538 543 546 552 557 564 568 575 582 591 598 607 616 626 635 645 654 666 676 688 698 709 717 728 735 745 748 756 759 762 764 769 769 772 771 774 773 775 774 776 775 774 772 773 773 771 771 768 768 767 766 764 764 762 761 759 760 758 757 756 757 755 755 754 755 754 755
473 471 473 473 474 472 471 469 466 520 461 458 457 525 525 530 532 534 455 544 549 555 561 565 573 580 588 595 603 613 620 631 641 653 661 675 685 697 707 721 727 738 746 756 759 767 769 774 775 779 778 780 779 781 780 782 780 781 780 779 779 777 775 776 774 772 771 768 769 767 765 763 763 761 761 759 760 758 758 757 758 757 758 757 758
467 465 466 464 466 464 465 461 463 460 459 455 457 525 526 530 533 536 540 547 551 557 562 570 575 582 590 598 606 615 624 635 645 657 667 680 690 703 713 726 735 747 754 764 769 775 776 780 781 783 781 784 782 784 783 782 561 782 780 781 779 777 775 774 773 771 771 767 766 764 764 761 760 759 759 757 758 756 757 755 755 754 756 756 756
