19.asc
ncols        384
nrows        456
xllcorner    93.000000000000
yllcorner    -8.000000000000
cellsize     0.041666666667
NODATA_value 0
[rows 74 to 110 of 456, columns 170 to 254 of 384]
251 257 261 267 270 274 277 280 282 284 285 286 288 289 289 290 291 291 292 292 291 291 292 291 291 291 293 290 292 292 293 292 294 294 296 295 298 296 299 298 302 300 304 302 306 303 307 306 308 307 311 308 311 309 312 309 312 310 312 309 311 309 310 306 308 306 305 304 304 301 301 299 300 296 297 293 293 290 291 287 287 284 284 280 280
250 254 260 264 267 271 274 277 280 281 283 286 286 287 289 289 290 291 290 291 291 291 291 291 291 290 292 292 293 291 293 292 294 294 296 295 298 297 300 299 302 302 305 304 306 305 308 307 310 310 312 310 313 312 315 313 316 312 315 313 315 312 313 310 311 309 310 307 307 305 304 303 303 299 300 296 296 295 294 291 291 287 287 284 284
248 255 260 263 267 271 274 278 279 282 284 286 286 288 289 290 290 291 289 290 291 291 290 290 291 291 291 291 292 292 292 292 294 293 296 296 298 298 299 299 302 301 305 303 307 306 309 308 312 309 313 311 314 313 314 313 315 314 316 314 315 314 315 312 313 311 312 309 310 306 307 305 305 302 302 298 300 296 297 293 294 289 290 287 286
246 252 256 261 265 270 272 275 277 280 282 283 284 286 287 288 289 289 289 290 290 290 290 289 290 290 290 290 291 291 292 292 294 294 296 295 299 297 301 300 303 303 305 305 309 307 311 310 313 312 315 313 317 316 318 316 318 317 318 316 318 317 318 315 316 314 315 312 313 310 311 308 308 305 305 302 303 300 300 296 297 294 293 290 290
247 253 257 261 265 269 272 275 277 280 282 284 285 287 287 289 288 288 289 290 289 289 290 290 289 289 290 290 292 291 291 291 293 293 296 295 299 298 301 299 303 302 307 305 308 307 311 310 313 313 315 314 317 315 318 316 319 319 319 318 320 318 318 316 318 316 316 314 315 312 313 310 311 307 308 305 305 303 303 299 299 296 295 292 293
244 250 254 259 263 266 270 273 275 278 279 282 284 285 285 286 287 288 288 289 288 289 289 289 289 289 289 289 290 289 291 291 294 293 297 295 299 299 300 300 304 303 306 306 310 308 312 312 316 314 317 317 320 318 321 319 322 321 322 321 322 321 322 319 321 319 319 317 318 314 316 313 314 310 312 309 309 305 306 303 302 299 298 295 295
244 250 254 259 262 266 269 272 276 279 281 282 284 285 287 287 287 288 287 287 288 288 287 288 289 289 289 289 289 290 291 291 293 293 295 295 298 298 301 301 304 304 307 307 310 310 313 313 316 315 318 317 320 319 322 321 324 321 323 322 324 321 323 321 323 321 322 319 320 317 318 316 316 312 314 312 312 308 308 304 305 302 301 298 298
241 246 250 255 258 263 266 270 272 276 276 280 281 284 284 286 285 286 286 287 286 286 287 287 287 286 287 288 289 289 291 291 293 293 295 295 299 299 301 301 305 305 308 308 312 312 314 314 318 317 320 319 322 321 325 323 326 324 327 324 327 325 327 324 326 324 326 322 323 321 322 318 319 318 317 314 315 311 312 308 309 305 306 301 301
239 244 248 254 257 263 265 270 273 276 278 281 281 283 284 285 285 286 286 287 287 287 286 286 287 287 288 287 288 288 290 290 293 292 295 295 298 298 302 302 304 304 308 308 312 311 315 315 318 318 321 320 324 323 325 324 327 325 328 326 329 326 328 326 328 326 327 325 325 324 325 321 322 319 320 317 317 313 314 312 312 308 308 303 304
233 239 244 248 254 259 262 266 269 273 276 278 280 282 282 283 284 285 284 284 285 284 284 284 285 285 286 286 287 287 289 289 291 291 295 295 298 298 302 302 305 305 309 309 312 312 317 316 319 319 323 322 326 325 328 327 329 328 331 329 331 329 331 329 331 329 331 327 328 327 328 324 326 323 323 320 320 317 318 315 315 311 311 308 307
229 236 241 247 252 257 261 266 270 273 275 278 280 283 283 285 283 284 285 285 284 284 285 284 284 285 285 285 287 287 289 289 291 291 294 294 298 298 303 303 305 306 310 310 314 314 318 318 321 321 324 324 327 326 330 329 330 329 332 330 333 330 333 331 333 331 332 330 332 329 330 326 328 326 326 322 324 321 320 318 318 314 314 311 310
223 231 237 242 247 253 257 263 267 271 273 277 278 280 281 282 282 282 282 282 282 282 282 282 281 282 283 283 285 285 287 287 290 291 293 294 297 298 303 303 306 307 310 310 314 315 319 319 323 323 326 326 329 328 332 331 332 332 334 333 336 334 337 333 336 333 336 332 334 332 333 331 331 328 329 325 327 324 324 320 321 318 317 314 314
220 228 233 240 246 251 256 261 265 271 273 277 279 281 281 282 282 282 282 281 281 281 281 281 281 281 282 283 283 284 287 287 289 290 294 295 298 299 302 302 307 307 311 312 316 316 320 320 324 324 328 328 331 330 334 332 335 334 337 335 338 335 337 337 338 336 338 335 337 335 336 333 334 331 333 329 330 327 327 323 324 320 320 317 317
215 221 228 235 240 247 252 258 262 267 270 275 277 278 278 279 279 279 279 280 278 278 277 278 279 279 280 281 282 282 285 285 288 289 291 294 297 299 302 303 307 308 312 313 317 318 322 322 325 325 329 329 333 333 336 334 338 336 338 338 341 339 341 338 341 339 341 339 341 337 340 337 337 334 336 333 333 330 330 327 327 323 325 319 321
211 218 225 232 238 244 250 257 260 267 270 275 276 279 279 280 278 278 278 278 277 277 278 278 277 277 278 279 280 281 284 285 288 289 292 293 298 299 303 303 308 309 313 315 319 320 324 324 328 328 332 331 335 335 338 338 340 338 342 340 343 342 344 342 343 342 344 342 343 341 342 340 340 338 339 335 336 332 334 331 330 327 328 323 323
206 212 219 226 232 239 244 253 257 263 267 273 274 276 276 277 276 276 275 275 273 273 274 274 274 275 276 276 279 280 282 282 286 287 291 292 296 298 302 303 307 309 315 315 319 320 324 325 329 329 333 333 337 337 340 339 342 342 344 342 345 344 346 345 346 345 347 345 347 344 345 342 344 341 342 339 340 336 337 334 334 330 331 327 326
203 208 215 223 229 236 243 250 255 262 266 272 276 276 275 275 274 274 272 273 272 272 272 272 272 274 275 275 277 279 281 283 285 287 292 293 297 299 303 305 309 312 316 317 321 322 327 328 332 332 335 335 339 339 342 342 346 343 346 346 348 347 350 348 351 348 350 348 350 347 349 346 348 344 346 343 343 340 340 337 337 333 333 330 329
196 202 209 216 223 229 237 244 251 258 263 269 271 271 271 270 270 269 268 268 268 268 268 269 269 271 272 273 274 275 278 280 284 285 290 292 296 299 303 305 311 312 316 318 323 323 328 329 334 334 338 338 341 341 345 345 347 347 350 348 351 350 353 351 353 350 353 351 353 350 353 349 350 349 349 346 346 343 344 340 340 337 336 333 333
192 199 205 211 218 226 233 240 247 255 260 265 266 269 267 268 266 266 265 266 266 266 266 267 268 268 270 270 272 275 277 280 285 286 290 292 297 300 304 307 312 313 318 320 326 327 331 333 337 338 341 342 345 345 347 347 351 350 354 351 354 353 355 355 358 355 357 355 357 355 356 352 355 352 353 350 350 347 348 344 344 341 340 337 337
184 193 199 205 211 219 226 233 242 249 254 259 258 261 261 261 260 260 261 261 260 260 261 262 263 264 266 267 269 271 274 277 281 283 288 291 295 299 304 307 312 314 319 321 326 328 332 333 338 339 344 344 348 347 351 350 353 353 356 355 358 356 358 357 360 358 361 358 360 357 359 357 358 355 356 354 354 350 351 348 348 344 344 340 340
180 186 194 200 205 211 219 229 236 247 250 255 253 257 256 257 255 258 256 257 258 258 259 260 261 263 264 266 269 270 274 276 280 284 288 292 297 301 305 309 314 317 322 325 329 331 336 337 341 342 346 348 351 351 355 354 357 357 359 359 362 361 363 362 364 362 365 363 364 362 363 360 362 359 360 357 358 355 355 352 352 348 349 344 343
174 180 183 189 198 203 210 219 228 241 234 245 243 247 248 248 249 249 249 251 251 252 253 255 257 258 259 261 264 267 271 273 278 281 287 291 297 299 305 308 314 317 323 325 330 332 337 340 344 345 348 349 353 353 357 357 360 359 362 361 365 364 366 364 367 365 368 365 368 365 366 364 365 362 363 359 361 358 359 355 355 352 351 347 347
170 174 179 183 189 197 203 210 219 230 231 237 235 240 241 243 244 245 245 247 248 250 251 253 255 256 259 260 263 266 270 274 278 282 289 292 298 302 308 312 317 321 326 329 334 337 341 343 348 349 353 354 358 359 361 361 365 365 368 366 369 369 372 370 373 369 372 370 373 370 371 369 370 367 368 364 365 362 362 358 359 355 355 351 352
164 168 175 176 182 187 192 197 205 213 216 224 219 228 232 233 235 237 238 240 241 244 244 248 249 252 253 257 259 261 266 270 275 279 286 290 296 301 307 311 318 321 326 330 336 338 344 345 349 351 355 356 360 361 364 364 367 367 370 369 372 371 374 372 375 373 376 373 375 373 374 372 374 370 371 368 369 364 366 362 363 358 359 354 355
158 163 171 172 174 179 183 189 193 202 205 208 211 220 224 227 229 230 233 235 237 240 242 245 247 251 254 255 258 261 266 270 276 280 287 291 299 303 311 314 321 325 332 334 340 343 348 350 355 356 361 363 366 366 370 371 372 372 376 375 379 377 379 378 380 379 381 379 381 378 380 377 378 375 376 372 373 369 370 367 367 363 363 359 359
152 157 163 166 166 171 175 179 184 191 195 199 205 211 214 218 219 223 224 228 231 233 236 239 242 244 247 251 253 256 261 266 272 278 284 290 298 302 310 315 321 326 332 336 341 344 350 352 356 358 363 363 368 368 371 372 375 374 378 378 381 380 382 382 384 382 383 382 383 381 383 380 381 378 379 375 376 373 374 369 370 367 366 362 363
148 150 160 159 161 164 168 172 177 183 187 193 197 203 206 211 213 216 218 223 227 230 234 237 241 245 247 249 253 257 261 266 274 280 286 292 300 306 314 319 326 330 337 341 347 350 355 357 362 363 369 369 373 374 378 378 382 382 385 385 387 386 388 387 389 388 390 387 389 387 388 386 386 383 385 381 382 378 378 375 375 371 371 366 366
142 144 157 154 154 157 160 165 169 174 179 183 187 193 197 201 204 208 212 215 218 224 227 231 235 239 242 246 248 252 259 264 271 277 285 292 299 306 313 319 326 331 337 342 347 350 356 358 364 365 370 372 375 376 380 381 384 383 387 387 389 389 391 389 392 390 392 390 393 391 392 388 390 388 388 385 385 381 381 378 378 374 374 370 369
138 141 155 149 148 151 154 158 163 167 171 175 182 185 190 194 199 202 207 211 216 219 223 228 233 237 241 245 249 253 260 265 272 279 287 294 302 309 316 323 330 337 343 347 354 357 362 365 370 372 376 378 382 383 387 387 391 391 394 393 396 395 398 396 399 396 398 397 398 396 398 394 395 392 393 390 390 386 387 383 383 379 378 375 374
133 138 140 139 141 144 148 152 156 159 163 168 173 178 182 186 191 195 199 204 208 213 218 222 226 231 235 239 245 250 255 262 270 277 284 293 301 309 316 323 332 336 344 349 354 358 364 367 371 374 378 379 383 385 389 389 393 393 397 396 399 397 400 399 401 399 402 400 401 398 400 397 399 395 396 393 394 390 390 386 386 382 382 377 377
130 132 136 133 136 139 142 146 150 153 158 163 166 171 176 180 186 190 195 199 205 210 214 219 226 228 234 239 244 250 257 264 271 278 288 295 305 312 322 328 337 343 350 355 361 365 370 373 378 381 385 386 391 391 396 396 400 399 403 403 405 404 407 406 408 405 407 406 407 405 406 402 404 401 402 398 399 396 394 391 391 387 387 382 381
125 129 134 128 131 133 138 141 143 146 150 156 161 164 168 173 178 183 189 193 199 203 208 216 224 223 229 233 240 246 254 260 270 277 286 294 303 313 322 329 338 343 351 356 363 366 371 373 380 381 385 388 392 394 397 398 402 402 406 405 408 407 409 408 411 409 411 409 410 407 408 406 407 404 404 401 402 398 399 393 394 391 389 386 385
121 125 124 125 128 129 133 136 138 142 146 152 166 160 163 168 176 179 185 189 195 199 206 214 218 223 228 232 239 246 255 262 270 279 288 293 298 316 327 334 344 351 358 363 369 373 377 380 384 387 393 395 399 400 404 405 408 409 412 412 415 415 416 416 418 415 417 415 416 414 416 413 413 410 411 406 407 403 404 399 399 395 394 391 388
118 122 120 122 123 126 127 131 134 136 139 148 167 154 157 163 168 173 179 185 189 195 200 207 212 217 223 229 236 243 251 259 268 276 286 291 295 314 326 334 345 353 360 364 370 373 378 381 386 388 393 396 400 401 406 407 411 410 414 414 417 416 418 417 419 417 420 418 419 417 417 415 416 412 414 411 409 407 407 402 403 398 398 393 392
115 119 117 118 121 122 125 126 129 132 136 149 164 155 153 160 164 172 178 186 187 191 197 204 210 216 223 230 237 243 251 260 269 278 288 296 298 312 329 340 351 360 367 370 376 378 383 386 391 394 399 401 405 408 412 413 417 418 421 420 424 423 425 425 426 425 427 425 425 423 424 422 422 419 419 416 416 413 412 408 408 404 402 399 397
114 114 115 115 118 119 122 123 125 127 131 143 148 161 155 155 161 173 173 177 181 188 194 200 205 212 221 225 233 242 248 257 266 275 285 294 305 311 327 339 351 361 368 371 375 377 383 386 391 394 399 402 407 410 414 414 418 420 423 423 425 425 427 427 429 428 429 426 428 426 427 425 425 422 423 419 419 416 415 411 411 407 406 401 400
112 112 113 114 116 117 119 121 123 126 147 146 136 141 145 153 159 167 171 176 181 188 192 198 205 212 219 226 232 243 250 257 267 276 287 293 301 310 329 341 352 363 369 373 377 380 386 389 394 398 403 407 413 415 420 422 426 427 430 430 433 432 435 433 436 434 435 433 434 432 434 431 431 427 428 426 425 422 420 417 416 411 411 406 405
