19.asc
ncols        384
nrows        456
xllcorner    93.000000000000
yllcorner    -8.000000000000
cellsize     0.041666666667
NODATA_value 0
[rows 111 to 147 of 456, columns 85 to 169 of 384]
-32768 -32768 -32768 -32768 -32768 -32768 -32768 -32768 -32768 -32768 -32768 -32768 -32768 -32768 -32768 -32768 -32768 -32768 -32768 -32768 -32768 -32768 -32768 -32768 -32768 -32768 -32768 -32768 -32768 -32768 -32768 -32768 -32768 111 110 110 110 109 350 351 354 108 357 358 362 363 365 367 369 372 375 377 380 380 383 384 388 389 392 392 396 397 400 400 403 403 406 407 409 408 106 106 106 106 108 105 105 105 111 108 109 109 109 110 111
-32768 -32768 -32768 -32768 -32768 -32768 -32768 -32768 -32768 -32768 -32768 -32768 -32768 -32768 -32768 -32768 -32768 -32768 -32768 -32768 -32768 -32768 -32768 -32768 -32768 -32768 -32768 -32768 -32768 -32768 -32768 -32768 114 113 113 112 112 111 111 353 355 357 360 362 364 366 369 369 373 375 378 378 382 383 387 388 392 391 395 396 400 399 403 403 406 406 410 409 412 106 106 106 105 105 105 105 105 106 106 108 109 109 109 110 110
-32768 -32768 -32768 -32768 -32768 -32768 -32768 -32768 -32768 -32768 -32768 -32768 -32768 -32768 -32768 -32768 -32768 -32768 -32768 -32768 -32768 -32768 -32768 -32768 -32768 -32768 -32768 -32768 -32768 -32768 -32768 -32768 115 115 114 113 113 113 113 352 355 356 359 361 364 365 368 369 372 374 377 379 382 383 386 387 391 393 395 396 400 399 404 404 407 406 411 410 412 411 106 106 105 105 105 105 105 106 107 108 108 108 109 109 110
-32768 -32768 -32768 -32768 -32768 -32768 -32768 -32768 -32768 -32768 -32768 -32768 -32768 -32768 -32768 -32768 -32768 -32768 -32768 -32768 -32768 -32768 -32768 -32768 -32768 -32768 -32768 -32768 -32768 -32768 -32768 119 117 117 117 116 116 351 114 114 358 359 363 363 366 368 370 372 377 378 380 381 386 387 389 391 395 394 399 399 403 402 406 407 410 411 413 412 415 108 107 107 107 106 105 105 106 108 108 108 109 110 110 111 111
-32768 -32768 -32768 -32768 -32768 -32768 -32768 -32768 -32768 -32768 -32768 -32768 -32768 -32768 -32768 -32768 -32768 -32768 -32768 -32768 -32768 -32768 -32768 -32768 -32768 -32768 -32768 -32768 -32768 120 119 119 119 118 117 118 116 350 116 115 358 359 362 363 365 367 371 373 376 377 381 382 385 387 390 391 395 394 398 399 402 402 406 407 411 411 413 413 414 108 417 108 108 108 107 107 108 108 110 109 109 110 110 111 112
-32768 -32768 -32768 -32768 -32768 -32768 -32768 -32768 -32768 -32768 -32768 -32768 -32768 -32768 -32768 -32768 -32768 -32768 -32768 -32768 -32768 -32768 -32768 -32768 -32768 -32768 -32768 -32768 123 123 122 122 121 121 120 119 120 352 118 118 360 361 364 367 369 370 373 375 379 380 382 384 388 389 392 393 398 397 401 401 405 406 409 410 413 413 416 416 418 416 419 108 108 108 108 109 108 109 109 110 110 111 111 112 113
-32768 -32768 -32768 -32768 -32768 -32768 -32768 -32768 -32768 -32768 -32768 -32768 -32768 -32768 -32768 -32768 -32768 -32768 -32768 -32768 -32768 -32768 -32768 -32768 -32768 -32768 -32768 -32768 125 124 124 122 122 122 122 121 120 120 120 119 359 118 363 365 369 370 373 374 378 379 384 384 387 389 392 393 397 397 400 401 404 405 409 409 413 412 416 416 419 417 419 108 108 109 109 109 109 109 110 111 112 113 113 114 114
-32768 -32768 -32768 -32768 -32768 -32768 -32768 -32768 -32768 -32768 -32768 -32768 -32768 -32768 -32768 -32768 -32768 -32768 -32768 -32768 -32768 -32768 -32768 -32768 -32768 -32768 -32768 128 128 127 127 126 126 126 125 125 123 123 124 122 361 120 367 369 371 372 375 377 381 381 386 387 390 391 395 395 399 399 404 404 408 408 412 412 415 415 418 417 422 111 110 110 110 110 110 111 111 111 111 112 113 114 114 115 116
-32768 -32768 -32768 -32768 -32768 -32768 -32768 -32768 -32768 -32768 -32768 -32768 -32768 -32768 -32768 -32768 -32768 -32768 -32768 -32768 -32768 -32768 -32768 -32768 -32768 -32768 130 129 129 129 128 128 126 127 126 125 126 125 125 358 361 123 365 368 372 371 375 376 381 382 384 386 391 391 395 395 399 400 403 404 407 408 411 411 416 416 418 111 422 111 111 111 110 110 110 111 111 111 112 113 113 116 116 118 118
-32768 -32768 -32768 -32768 -32768 -32768 -32768 -32768 -32768 -32768 -32768 -32768 -32768 -32768 -32768 -32768 -32768 -32768 -32768 -32768 -32768 -32768 -32768 -32768 -32768 -32768 -32768 133 132 132 132 132 131 129 130 129 129 128 127 360 364 126 125 369 373 375 378 380 383 384 388 390 393 394 397 397 400 402 405 406 409 411 413 414 418 418 421 420 423 112 425 112 112 113 114 112 112 114 114 116 116 117 118 119 121
-32768 -32768 -32768 -32768 -32768 -32768 -32768 -32768 -32768 -32768 -32768 -32768 -32768 -32768 -32768 -32768 -32768 -32768 -32768 -32768 -32768 -32768 -32768 -32768 -32768 -32768 -32768 134 134 134 133 132 132 132 131 131 129 129 130 128 364 127 127 369 372 374 377 380 383 384 387 389 393 392 396 397 400 401 404 404 409 410 414 415 418 418 422 420 113 113 113 113 113 114 114 114 115 115 116 116 118 119 120 121 122
-32768 -32768 -32768 -32768 -32768 -32768 -32768 -32768 -32768 -32768 -32768 -32768 -32768 -32768 -32768 -32768 -32768 -32768 -32768 -32768 -32768 -32768 -32768 -32768 -32768 -32768 -32768 138 138 138 136 137 136 136 135 134 134 133 133 132 131 130 371 372 129 375 381 380 385 387 389 391 394 395 400 400 403 404 406 406 412 412 416 416 422 421 424 422 115 116 114 115 114 115 115 116 117 117 118 118 119 120 122 124 125
-32768 -32768 -32768 -32768 -32768 -32768 -32768 -32768 -32768 -32768 -32768 -32768 -32768 -32768 -32768 -32768 -32768 -32768 -32768 -32768 -32768 -32768 -32768 -32768 -32768 -32768 141 139 140 138 139 138 138 137 137 136 135 135 135 134 133 367 370 372 374 376 378 381 384 386 389 390 395 394 399 400 402 403 407 405 411 412 416 415 420 420 423 421 116 116 116 116 117 116 116 117 117 118 118 120 121 123 124 125 127
-32768 -32768 -32768 -32768 -32768 -32768 -32768 -32768 -32768 -32768 -32768 -32768 -32768 -32768 -32768 -32768 -32768 -32768 -32768 -32768 -32768 -32768 -32768 -32768 -32768 145 145 145 144 144 143 142 142 142 141 140 139 139 137 138 136 136 134 134 133 379 381 130 387 389 391 393 397 397 401 401 405 405 409 409 412 413 418 418 421 422 424 119 118 118 117 117 118 118 119 119 119 120 120 122 123 124 125 128 129
-32768 -32768 -32768 -32768 -32768 -32768 -32768 -32768 -32768 -32768 -32768 -32768 -32768 -32768 -32768 -32768 -32768 -32768 -32768 -32768 -32768 -32768 -32768 -32768 147 146 147 146 146 145 145 144 144 143 144 141 141 140 140 138 139 136 137 136 135 133 133 383 387 388 391 392 395 396 401 402 405 124 409 409 411 411 121 417 421 420 424 424 119 119 119 118 119 119 120 120 121 121 122 123 124 126 127 128 131
-32768 -32768 -32768 -32768 -32768 -32768 -32768 -32768 -32768 -32768 -32768 -32768 -32768 -32768 -32768 -32768 -32768 -32768 -32768 -32768 -32768 -32768 -32768 -32768 151 151 151 151 150 150 150 149 148 148 147 147 145 145 143 143 142 140 140 138 380 380 136 134 135 391 394 395 398 399 403 127 126 125 126 124 414 124 418 417 122 122 427 121 120 427 120 121 120 120 121 121 122 123 123 125 127 128 128 131 133
-32768 -32768 -32768 -32768 -32768 -32768 -32768 -32768 -32768 -32768 -32768 -32768 -32768 -32768 -32768 -32768 -32768 -32768 -32768 -32768 -32768 -32768 -32768 -32768 154 153 152 152 152 152 151 151 150 149 150 148 148 146 146 144 145 143 143 141 379 139 137 137 389 391 393 395 397 399 402 402 406 407 411 410 414 414 417 417 421 123 122 122 122 426 430 122 122 123 123 124 124 125 126 126 127 128 130 132 134
-32768 -32768 -32768 -32768 -32768 -32768 -32768 -32768 -32768 -32768 -32768 -32768 -32768 -32768 -32768 -32768 -32768 -32768 -32768 -32768 -32768 -32768 -32768 158 158 158 159 158 158 157 157 156 155 154 154 153 152 151 149 149 148 146 145 144 144 142 140 140 139 137 137 135 134 132 405 131 131 409 412 128 127 415 420 420 424 125 124 124 124 124 124 123 124 124 125 125 125 126 127 127 128 131 132 133 136
-32768 -32768 -32768 -32768 -32768 -32768 -32768 -32768 -32768 -32768 -32768 -32768 -32768 -32768 -32768 -32768 -32768 -32768 -32768 -32768 -32768 -32768 -32768 159 160 160 160 160 159 159 160 159 157 157 156 156 154 153 152 151 150 149 147 147 145 144 143 141 141 139 137 396 135 135 133 133 131 408 412 129 129 128 419 127 422 422 425 126 125 125 126 124 125 125 125 125 126 127 128 130 131 132 132 135 136
-32768 -32768 -32768 -32768 -32768 -32768 -32768 -32768 -32768 -32768 -32768 -32768 -32768 -32768 -32768 -32768 -32768 -32768 -32768 -32768 -32768 -32768 165 165 165 164 165 164 164 164 163 162 163 161 161 160 159 157 156 156 154 152 152 149 149 146 146 144 144 141 141 140 139 137 137 135 134 134 413 414 131 130 130 129 128 128 128 127 127 127 127 127 126 128 128 129 129 130 131 131 132 133 134 136 138
-32768 -32768 -32768 -32768 -32768 -32768 -32768 -32768 -32768 -32768 -32768 -32768 -32768 -32768 -32768 -32768 -32768 -32768 -32768 -32768 -32768 166 166 166 167 167 167 166 167 166 166 165 166 164 163 162 162 160 158 157 156 155 153 152 150 149 147 146 145 144 142 141 140 139 138 137 136 134 134 133 132 131 130 130 130 129 129 128 128 129 128 128 128 128 128 129 130 130 131 131 133 135 136 137 140
-32768 -32768 -32768 -32768 -32768 -32768 -32768 -32768 -32768 -32768 -32768 -32768 -32768 -32768 -32768 -32768 -32768 -32768 -32768 -32768 171 170 171 171 172 171 172 172 173 172 172 171 170 169 168 167 167 164 164 162 160 159 157 156 154 152 152 149 148 147 146 144 144 141 140 139 138 138 136 136 134 134 134 132 132 131 130 131 131 130 130 129 130 130 131 131 132 132 133 134 135 136 137 139 141
-32768 -32768 -32768 -32768 -32768 -32768 -32768 -32768 -32768 -32768 -32768 -32768 -32768 -32768 -32768 -32768 -32768 -32768 170 171 172 172 172 174 174 173 174 175 176 174 175 174 174 172 171 169 169 167 165 163 163 160 160 157 156 154 153 151 150 148 148 146 144 144 142 141 140 138 138 136 136 135 134 134 132 132 133 132 131 131 131 131 131 131 132 132 133 134 134 135 135 136 138 140 141
-32768 -32768 -32768 -32768 -32768 -32768 -32768 -32768 -32768 -32768 -32768 -32768 -32768 -32768 -32768 -32768 -32768 175 175 175 176 176 178 177 178 179 180 179 179 179 180 179 178 177 176 174 173 171 171 168 166 164 162 161 160 158 156 154 154 152 150 149 148 145 144 143 142 141 140 140 139 138 137 136 136 134 134 134 134 133 133 133 134 134 133 134 134 135 135 136 137 138 139 141 142
-32768 -32768 -32768 -32768 -32768 -32768 -32768 -32768 -32768 -32768 -32768 -32768 -32768 -32768 -32768 -32768 -32768 176 175 176 177 177 178 180 181 181 182 182 183 183 183 183 181 180 180 177 176 174 173 170 169 167 165 162 160 159 158 156 154 153 152 150 149 148 146 144 144 142 142 140 140 138 138 138 136 136 136 134 135 135 134 134 135 134 134 135 135 137 137 138 138 140 140 142 143
-32768 -32768 -32768 -32768 -32768 180 179 178 178 178 177 177 177 178 -32768 178 178 178 178 179 180 181 184 184 186 186 188 188 189 188 189 187 187 186 184 182 181 179 177 175 173 170 168 166 165 163 161 159 158 156 155 152 150 150 148 147 146 145 144 142 143 141 141 139 139 138 138 138 137 136 137 137 137 137 137 136 137 138 139 139 140 142 142 143 144
189 189 185 179 180 179 180 179 179 180 179 179 179 178 178 178 178 179 179 179 181 183 184 186 188 188 191 191 192 192 192 190 191 188 188 185 184 181 180 177 176 173 171 169 167 164 163 160 159 157 156 154 153 151 151 149 148 147 145 144 143 142 142 141 140 140 138 138 139 138 137 137 137 138 138 138 138 138 140 141 141 143 143 145 145
195 190 188 184 184 183 183 182 182 182 182 183 182 182 182 181 180 180 181 182 183 186 188 189 192 193 195 196 197 197 197 196 196 194 192 190 188 186 184 181 179 177 175 172 169 167 165 163 162 160 158 156 155 154 152 151 150 148 148 146 146 144 143 143 142 142 142 140 140 140 140 139 139 140 140 140 140 141 141 143 143 144 146 147 147
199 195 191 189 187 186 185 184 184 183 184 183 184 184 182 181 180 179 180 183 184 186 190 192 195 196 198 200 201 201 202 200 200 198 197 194 192 189 186 184 182 178 176 174 172 169 167 165 163 161 160 158 157 155 154 153 151 151 149 147 147 145 145 143 144 143 142 142 142 142 141 141 141 142 142 141 141 142 142 143 145 145 146 148 149
205 203 202 196 193 191 189 188 187 186 185 185 186 185 183 181 180 180 180 182 185 189 191 194 198 200 203 205 206 206 207 205 205 202 201 197 195 192 190 187 185 181 179 176 174 171 170 168 166 163 163 160 159 157 155 154 153 152 151 150 149 148 147 146 147 144 145 144 144 144 143 142 143 143 143 144 144 145 145 146 146 148 150 151 151
213 206 204 200 196 193 192 191 189 188 188 185 185 185 181 180 177 179 180 183 186 190 193 197 200 202 206 208 211 211 212 211 210 207 205 200 198 196 193 188 186 183 181 178 176 174 172 169 167 165 164 162 160 159 158 155 155 152 152 150 150 148 148 148 147 146 146 146 145 144 145 145 145 145 146 145 146 146 146 147 149 149 151 152 153
223 215 211 205 202 199 197 195 193 193 191 188 186 182 179 177 176 176 179 183 187 191 195 198 203 206 210 212 216 217 217 217 215 212 210 205 202 198 196 191 189 186 184 181 178 176 174 171 170 167 165 163 163 161 159 157 157 155 155 153 152 151 150 150 148 148 148 147 147 148 147 146 147 147 147 148 148 149 149 150 150 152 154 155 156
227 219 217 212 206 205 202 200 196 195 193 190 187 184 179 175 172 175 179 184 188 193 196 200 205 208 214 217 221 221 223 222 220 215 213 207 205 201 197 194 191 186 185 182 180 176 174 172 170 168 167 165 163 161 160 159 157 156 155 154 153 152 151 150 151 149 149 149 148 148 149 148 148 147 148 149 150 150 150 152 153 153 155 156 159
229 225 221 215 213 209 204 202 200 197 197 191 188 184 181 177 173 176 181 185 190 194 200 203 207 210 215 219 224 226 229 226 224 220 215 211 207 202 199 196 193 190 188 184 182 179 177 175 172 170 169 167 165 164 162 160 159 158 156 157 155 155 154 153 152 152 151 150 151 151 151 150 151 151 152 152 152 153 153 154 156 157 158 160 161
224 227 223 219 213 206 199 198 195 198 198 195 193 190 185 181 180 180 184 187 192 196 200 204 210 213 218 222 227 231 233 231 227 222 219 212 209 204 201 197 194 191 188 185 183 180 178 176 174 172 170 167 167 164 163 161 160 159 158 157 155 155 155 154 153 152 152 153 152 151 151 152 152 153 152 152 153 154 154 156 157 159 159 162 163
220 226 223 222 212 201 199 196 195 195 192 197 196 194 190 186 184 187 189 190 194 198 202 205 210 214 218 224 228 232 236 232 229 222 219 215 210 205 202 197 195 193 190 187 184 181 179 177 175 173 172 169 168 166 165 163 162 160 160 158 158 156 157 155 156 155 154 154 154 155 155 153 154 155 156 156 156 157 157 159 161 162 163 165 167
221 230 222 220 209 199 199 198 197 194 193 192 191 192 192 195 192 192 193 195 197 200 204 207 211 214 219 224 227 230 232 230 227 223 218 214 211 206 204 199 197 193 190 188 186 183 181 178 177 174 172 170 168 167 166 165 164 161 161 159 158 158 157 157 156 156 155 154 155 155 155 156 156 157 156 156 157 157 160 161 162 163 165 167 168
