2.asc
ncols        384
nrows        456
xllcorner    93.000000000000
yllcorner    -8.000000000000
cellsize     0.041666666667
NODATA_value 0
[rows 38 to 75 of 456, columns 85 to 169 of 384]
-32768 -32768 -32768 -32768 -32768 -32768 -32768 -32768 -32768 -32768 -32768 -32768 -32768 -32768 -32768 -32768 -32768 -32768 77 78 79 79 79 79 80 80 81 81 82 82 82 83 83 84 84 85 85 86 86 87 88 88 89 90 90 92 93 95 95 97 97 100 100 103 104 107 108 112 112 116 116 121 121 125 125 129 130 133 133 138 138 142 141 145 145 149 149 152 152 156 155 158 158 160 159
-32768 -32768 -32768 -32768 -32768 -32768 -32768 -32768 -32768 -32768 -32768 -32768 -32768 -32768 -32768 -32768 -32768 77 77 78 78 79 79 79 80 80 81 81 82 82 82 82 83 83 84 85 85 85 86 87 88 88 89 90 91 92 93 94 94 96 95 99 100 103 104 108 108 112 112 116 116 121 122 126 126 130 130 134 134 138 138 142 141 146 145 149 149 153 152 155 155 158 157 160 159
-32768 -32768 -32768 -32768 -32768 -32768 -32768 -32768 -32768 -32768 -32768 -32768 -32768 -32768 -32768 -32768 -32768 77 77 78 78 79 79 79 79 80 80 81 81 82 82 82 83 83 84 84 85 85 86 87 88 88 88 89 90 92 92 93 95 96 96 99 99 103 104 107 107 112 112 116 117 121 121 125 126 130 129 134 133 138 137 141 141 145 145 149 148 152 151 155 154 157 157 159 158
-32768 -32768 -32768 -32768 -32768 -32768 -32768 -32768 -32768 -32768 -32768 -32768 -32768 -32768 -32768 -32768 -32768 77 77 78 78 78 79 79 79 80 80 80 81 81 82 82 83 83 84 84 85 85 86 87 87 88 88 90 90 92 93 94 95 97 97 100 99 103 104 107 108 112 112 117 117 121 122 126 126 130 130 134 133 138 138 141 141 145 145 149 149 152 152 155 155 157 156 159 158
-32768 -32768 -32768 -32768 -32768 -32768 -32768 -32768 -32768 -32768 -32768 -32768 -32768 -32768 -32768 -32768 -32768 -32768 77 77 78 78 78 79 79 80 80 80 81 81 82 82 83 83 84 84 85 85 86 87 87 88 89 90 91 92 92 94 94 97 97 100 100 102 103 107 108 112 112 116 117 121 122 126 126 130 130 133 133 137 137 141 140 145 144 148 148 151 151 154 154 156 156 158 157
-32768 -32768 -32768 -32768 -32768 -32768 -32768 -32768 -32768 -32768 -32768 -32768 -32768 -32768 -32768 -32768 -32768 -32768 77 77 78 78 78 79 79 79 80 80 81 81 82 82 83 83 84 84 84 85 86 86 87 88 89 90 91 91 92 94 95 97 97 100 100 102 102 106 108 112 112 116 117 121 122 126 127 131 130 133 133 136 136 141 140 145 144 148 148 151 151 153 154 156 156 158 158
-32768 -32768 -32768 -32768 -32768 -32768 -32768 -32768 -32768 -32768 -32768 -32768 -32768 -32768 -32768 -32768 -32768 -32768 76 77 77 78 78 78 79 79 80 80 81 81 82 82 83 83 84 84 85 85 86 87 87 88 89 90 90 92 93 94 94 97 97 99 100 102 101 106 108 111 112 116 117 121 122 127 127 131 130 133 132 136 136 140 140 144 143 147 147 150 150 153 153 155 155 157 156
-32768 -32768 -32768 -32768 -32768 -32768 -32768 -32768 -32768 -32768 -32768 -32768 -32768 -32768 -32768 -32768 -32768 -32768 76 76 77 77 78 78 79 79 80 80 80 81 81 82 83 83 84 84 85 85 86 86 87 88 89 90 91 92 93 94 94 96 97 99 100 102 101 106 107 111 112 116 117 121 122 127 127 131 130 133 132 136 136 140 140 144 143 147 147 150 150 153 153 155 155 157 156
-32768 -32768 -32768 -32768 -32768 -32768 -32768 -32768 -32768 -32768 -32768 -32768 -32768 -32768 -32768 -32768 -32768 -32768 -32768 76 77 77 78 78 79 79 79 80 81 81 82 82 82 83 84 84 85 86 86 87 88 89 89 90 91 92 93 94 95 96 97 99 99 102 102 107 107 111 112 116 117 121 122 126 127 131 130 133 132 135 135 139 139 143 142 146 145 149 149 151 151 154 153 155 155
-32768 -32768 -32768 -32768 -32768 -32768 -32768 -32768 -32768 -32768 -32768 -32768 -32768 -32768 -32768 -32768 -32768 -32768 -32768 -32768 77 77 77 78 78 79 79 80 80 81 81 82 82 83 83 84 85 85 86 87 87 88 89 90 91 91 92 94 94 96 97 99 99 102 102 107 107 111 112 116 116 121 121 126 126 130 129 133 132 136 135 139 139 142 142 146 145 149 148 151 151 154 154 155 155
-32768 -32768 -32768 -32768 -32768 -32768 -32768 -32768 -32768 -32768 -32768 -32768 -32768 -32768 -32768 -32768 -32768 -32768 -32768 -32768 76 77 77 78 78 79 79 80 81 81 81 82 83 83 84 85 85 86 86 87 88 89 90 90 91 93 93 95 95 97 97 99 100 103 103 107 107 111 112 116 117 120 121 125 125 129 129 132 131 135 135 138 138 141 141 143 144 147 147 150 150 152 152 154 154
-32768 -32768 -32768 -32768 -32768 -32768 -32768 -32768 -32768 -32768 -32768 -32768 -32768 -32768 -32768 -32768 -32768 -32768 -32768 -32768 76 77 77 78 78 79 79 80 80 81 81 82 82 83 84 84 85 85 86 87 87 89 89 90 91 93 93 94 95 96 97 99 99 103 103 107 107 111 112 116 116 120 121 125 125 128 128 132 131 135 135 138 138 141 141 144 144 147 147 150 150 152 152 153 153
-32768 -32768 -32768 -32768 -32768 -32768 -32768 -32768 -32768 -32768 -32768 -32768 -32768 -32768 -32768 -32768 -32768 -32768 -32768 -32768 76 76 77 78 78 79 79 80 80 81 81 82 82 83 84 84 85 86 86 88 88 89 90 91 92 93 94 95 96 97 98 100 101 103 104 107 108 111 112 115 116 120 120 124 124 128 127 131 130 134 133 136 136 140 139 142 142 145 145 148 148 150 150 151 151
-32768 -32768 -32768 -32768 -32768 -32768 -32768 -32768 -32768 -32768 -32768 -32768 -32768 -32768 -32768 -32768 -32768 -32768 -32768 -32768 76 76 77 77 78 79 79 79 80 81 81 82 82 83 84 84 85 86 86 88 88 89 89 91 91 93 93 95 95 97 97 100 100 103 103 107 107 111 111 115 116 119 120 124 124 127 127 130 130 133 132 135 134 139 139 141 142 146 145 148 148 150 150 151 151
-32768 -32768 -32768 -32768 -32768 -32768 -32768 -32768 -32768 -32768 -32768 -32768 -32768 -32768 -32768 -32768 -32768 -32768 -32768 -32768 -32768 76 76 77 78 79 79 79 80 81 81 82 82 83 84 85 85 87 87 88 89 90 90 92 92 94 95 96 96 98 99 101 102 104 105 108 109 112 112 115 116 120 120 123 123 126 126 129 129 133 131 133 135 138 138 141 140 143 143 145 145 147 147 149 148
-32768 -32768 -32768 -32768 -32768 -32768 -32768 -32768 -32768 -32768 -32768 -32768 -32768 -32768 -32768 -32768 -32768 -32768 -32768 -32768 -32768 76 76 77 77 78 79 79 80 80 81 82 82 83 83 84 85 86 87 87 88 90 90 92 92 94 94 96 96 98 99 101 101 104 104 107 108 111 112 115 115 119 119 123 123 126 126 129 129 132 132 133 134 138 138 141 140 143 143 145 145 147 146 149 149
-32768 -32768 -32768 -32768 -32768 -32768 -32768 -32768 -32768 -32768 -32768 -32768 -32768 -32768 -32768 -32768 -32768 -32768 -32768 -32768 -32768 76 76 77 77 78 79 80 80 81 81 82 82 84 84 85 85 87 88 89 89 91 91 93 93 95 95 97 98 100 100 102 103 105 106 108 109 112 113 116 116 119 119 122 122 125 126 128 128 129 129 130 131 136 136 138 138 141 140 143 142 144 144 146 145
-32768 -32768 -32768 -32768 -32768 -32768 -32768 -32768 -32768 -32768 -32768 -32768 -32768 -32768 -32768 -32768 -32768 -32768 -32768 -32768 -32768 76 76 76 77 78 78 79 79 80 81 82 82 83 84 85 85 87 87 88 89 90 91 92 93 95 95 97 98 100 100 102 103 105 105 108 109 112 112 115 116 119 119 122 122 125 125 128 128 130 129 131 131 135 135 138 138 141 140 142 142 145 144 145 145
-32768 -32768 -32768 -32768 -32768 -32768 -32768 -32768 -32768 -32768 -32768 -32768 -32768 -32768 -32768 -32768 -32768 -32768 -32768 -32768 -32768 75 76 76 77 78 79 79 80 81 81 82 83 84 84 85 86 87 88 89 90 92 93 94 94 96 97 99 99 101 102 104 104 107 107 109 110 113 113 115 116 118 119 122 122 125 125 127 127 129 128 131 131 133 134 136 136 138 137 140 139 141 141 142 142
-32768 -32768 -32768 -32768 -32768 -32768 -32768 -32768 -32768 -32768 -32768 -32768 -32768 -32768 -32768 -32768 -32768 -32768 -32768 -32768 -32768 75 75 76 76 78 78 79 80 81 81 82 82 84 84 85 86 87 87 89 89 91 92 93 94 95 97 99 99 101 101 103 104 106 107 109 109 112 113 115 116 118 118 121 121 124 124 127 127 129 129 132 131 134 133 135 135 138 137 139 139 141 141 142 142
-32768 -32768 -32768 -32768 -32768 -32768 -32768 -32768 -32768 -32768 -32768 -32768 -32768 -32768 -32768 -32768 -32768 -32768 -32768 -32768 -32768 75 75 76 77 78 78 79 79 81 81 82 83 84 84 86 86 88 89 90 91 92 93 94 95 97 98 100 101 103 103 105 105 108 108 111 111 113 114 116 116 119 119 121 122 124 124 126 126 128 128 130 130 132 132 133 131 135 135 137 136 138 138 139 139
-32768 -32768 -32768 -32768 -32768 -32768 -32768 -32768 -32768 -32768 -32768 -32768 -32768 -32768 -32768 -32768 -32768 -32768 -32768 -32768 -32768 75 75 76 76 78 78 79 79 80 81 82 82 83 84 85 86 88 88 89 90 92 92 94 95 97 98 99 100 102 102 105 105 107 108 110 111 113 113 115 116 118 118 121 121 123 123 125 126 128 128 130 129 132 131 132 131 134 135 137 136 138 138 139 139
-32768 -32768 -32768 -32768 -32768 -32768 -32768 -32768 -32768 -32768 -32768 -32768 -32768 -32768 -32768 -32768 -32768 -32768 -32768 -32768 -32768 -32768 75 76 76 77 78 79 79 81 81 83 83 84 84 86 86 88 89 90 91 93 94 96 97 99 99 101 102 103 104 106 107 109 110 111 112 114 114 116 117 118 119 120 121 123 123 124 124 126 126 128 128 129 129 128 129 131 132 133 133 135 134 136 135
-32768 -32768 -32768 -32768 -32768 -32768 -32768 -32768 -32768 -32768 -32768 -32768 -32768 -32768 -32768 -32768 -32768 -32768 -32768 -32768 -32768 -32768 -32768 76 76 77 78 79 79 80 81 82 82 84 84 86 86 88 88 90 91 92 93 95 96 98 98 100 101 103 103 105 106 109 109 111 111 113 114 116 116 118 119 120 120 122 123 124 124 126 126 128 128 129 129 128 129 132 132 133 133 134 134 136 136
-32768 -32768 -32768 -32768 -32768 -32768 -32768 -32768 -32768 -32768 -32768 -32768 -32768 -32768 -32768 -32768 -32768 -32768 -32768 -32768 -32768 -32768 -32768 -32768 76 77 77 79 79 81 81 82 83 84 84 86 87 88 89 91 91 93 94 96 97 99 100 102 102 105 105 107 108 110 111 112 113 114 115 116 117 118 119 120 120 122 122 123 123 124 124 125 125 127 126 125 126 129 128 130 130 131 131 132 132
-32768 -32768 -32768 -32768 -32768 -32768 -32768 -32768 -32768 -32768 -32768 -32768 -32768 -32768 -32768 -32768 -32768 -32768 -32768 -32768 -32768 -32768 -32768 -32768 76 77 77 78 79 80 80 82 82 84 84 86 86 88 89 90 91 93 93 96 96 98 99 101 102 104 105 107 107 110 110 112 113 114 115 116 117 118 119 120 120 121 122 123 123 124 124 125 126 127 127 127 127 129 129 130 130 131 131 132 132
-32768 -32768 -32768 -32768 -32768 -32768 -32768 -32768 -32768 -32768 -32768 -32768 -32768 -32768 -32768 -32768 -32768 -32768 -32768 -32768 -32768 -32768 -32768 -32768 75 76 77 78 79 80 81 82 82 84 84 86 87 89 89 91 92 94 95 97 97 99 100 103 103 105 106 108 109 111 111 113 114 115 116 117 117 118 118 119 120 120 121 121 122 123 122 124 124 124 124 124 124 126 126 127 126 128 127 129 129
-32768 -32768 -32768 -32768 -32768 -32768 -32768 -32768 -32768 -32768 -32768 -32768 -32768 -32768 -32768 -32768 -32768 -32768 -32768 -32768 -32768 -32768 -32768 -32768 75 76 76 78 78 80 80 82 82 84 84 86 86 89 89 91 91 94 94 96 96 99 100 102 103 105 105 108 108 110 111 113 113 115 115 116 117 118 118 119 119 120 120 121 122 122 122 123 124 124 124 124 123 125 126 127 126 128 127 129 129
-32768 -32768 -32768 -32768 -32768 -32768 -32768 -32768 -32768 -32768 -32768 -32768 -32768 -32768 -32768 -32768 -32768 -32768 -32768 -32768 -32768 -32768 -32768 -32768 75 76 76 78 78 80 80 82 82 84 84 86 86 88 89 91 91 94 94 97 97 100 101 103 104 106 107 109 110 111 112 114 114 115 116 117 117 117 118 118 119 119 119 120 120 120 121 121 121 122 122 122 122 122 122 123 123 124 124 125 125
-32768 -32768 -32768 -32768 -32768 -32768 -32768 -32768 -32768 -32768 -32768 -32768 -32768 -32768 -32768 -32768 -32768 -32768 -32768 -32768 -32768 -32768 -32768 -32768 -32768 76 76 77 78 79 80 81 82 84 84 86 86 88 88 91 91 94 94 96 97 100 100 103 103 106 106 109 109 111 112 113 114 115 115 116 117 117 118 118 118 119 119 120 120 120 121 121 121 122 122 122 122 122 122 123 123 124 124 125 125
-32768 -32768 -32768 -32768 -32768 -32768 -32768 -32768 -32768 -32768 -32768 -32768 -32768 -32768 -32768 -32768 -32768 -32768 -32768 -32768 -32768 -32768 -32768 -32768 -32768 -32768 76 78 78 80 80 81 82 84 84 86 87 89 89 91 91 93 94 96 97 100 101 103 104 106 107 109 110 112 113 114 114 115 115 116 116 116 117 117 118 118 118 118 118 119 119 119 119 119 119 119 119 120 120 120 120 121 121 122 121
-32768 -32768 -32768 -32768 -32768 -32768 -32768 -32768 -32768 -32768 -32768 -32768 -32768 -32768 -32768 -32768 -32768 -32768 -32768 -32768 -32768 -32768 -32768 -32768 -32768 -32768 76 77 78 79 80 81 81 83 84 86 86 88 88 90 91 93 94 96 97 99 100 103 104 106 107 109 110 112 112 113 114 114 115 116 116 116 117 117 118 118 118 118 118 119 119 119 119 119 119 119 120 120 120 120 120 121 121 122 121
-32768 -32768 -32768 -32768 -32768 -32768 -32768 -32768 -32768 -32768 -32768 -32768 -32768 -32768 -32768 -32768 -32768 -32768 -32768 -32768 -32768 -32768 -32768 -32768 -32768 -32768 -32768 77 77 79 80 81 81 83 83 86 86 88 88 90 91 94 94 96 97 99 100 103 104 106 107 109 110 112 112 113 114 114 115 115 116 115 116 116 116 116 116 116 117 117 117 117 117 117 117 117 117 117 117 117 117 118 118 119 118
-32768 -32768 -32768 -32768 -32768 -32768 -32768 -32768 -32768 -32768 -32768 -32768 -32768 -32768 -32768 -32768 -32768 -32768 -32768 -32768 -32768 -32768 -32768 -32768 -32768 -32768 -32768 -32768 77 79 79 81 81 83 83 85 86 88 88 90 90 93 93 96 96 99 99 102 103 106 107 109 110 111 112 113 114 114 114 115 116 115 116 116 116 116 117 116 116 117 117 117 117 117 117 117 117 117 117 117 117 118 117 119 118
-32768 -32768 -32768 -32768 -32768 -32768 -32768 -32768 -32768 -32768 -32768 -32768 -32768 -32768 -32768 -32768 -32768 -32768 -32768 -32768 -32768 -32768 -32768 -32768 -32768 -32768 -32768 -32768 -32768 -32768 79 81 81 83 83 85 85 87 88 90 90 93 93 95 95 98 99 101 102 106 106 108 109 110 111 112 113 113 113 114 114 114 114 115 115 114 115 114 115 115 115 115 115 114 115 115 114 114 114 115 114 115 115 116 116
-32768 -32768 -32768 -32768 -32768 -32768 -32768 -32768 -32768 -32768 -32768 -32768 -32768 -32768 -32768 -32768 -32768 -32768 -32768 -32768 -32768 -32768 -32768 -32768 -32768 -32768 -32768 -32768 -32768 -32768 -32768 81 81 83 83 85 85 87 87 90 90 93 94 95 95 98 98 101 102 105 106 108 109 110 111 112 112 112 113 113 114 114 114 114 115 114 115 114 115 115 115 115 115 115 115 114 114 114 114 114 114 115 115 116 115
-32768 -32768 -32768 -32768 -32768 -32768 -32768 -32768 -32768 -32768 -32768 -32768 -32768 -32768 -32768 -32768 -32768 -32768 -32768 -32768 -32768 -32768 -32768 -32768 -32768 -32768 -32768 -32768 -32768 -32768 -32768 -32768 81 82 82 84 85 87 87 89 89 91 92 94 94 96 97 100 101 103 104 106 107 108 109 110 110 111 112 112 112 112 112 112 113 112 113 113 113 112 113 112 113 112 112 112 112 112 112 112 112 113 112 113 113
-32768 -32768 -32768 -32768 -32768 -32768 -32768 -32768 -32768 -32768 -32768 -32768 -32768 -32768 -32768 -32768 -32768 -32768 -32768 -32768 -32768 -32768 -32768 -32768 -32768 -32768 -32768 -32768 -32768 -32768 -32768 -32768 81 82 82 84 85 87 86 89 89 91 92 93 94 96 97 100 101 103 104 106 107 108 109 110 110 111 112 112 112 112 112 112 113 113 113 113 113 113 113 113 113 113 112 112 112 112 112 112 112 113 112 113 113
