2.asc
ncols        384
nrows        456
xllcorner    93.000000000000
yllcorner    -8.000000000000
cellsize     0.041666666667
NODATA_value 0
[rows 342 to 379 of 456, columns 255 to 339 of 384]
101 101 101 101 100 100 100 100 100 100 100 99 99 99 99 98 98 99 98 98 98 98 98 98 98 98 97 97 97 97 97 97 97 97 97 98 97 98 98 99 98 99 99 101 100 102 102 103 103 105 104 106 106 108 108 110 110 111 111 113 112 114 114 115 115 117 116 118 117 119 119 120 120 121 121 122 122 123 123 124 124 125 125 126 126
101 101 101 101 101 100 100 100 100 100 100 99 99 99 99 98 98 98 98 98 98 98 98 98 97 98 97 97 97 97 97 98 97 98 97 98 97 98 98 99 99 100 99 101 101 102 102 104 103 105 105 107 106 109 108 110 110 111 111 113 113 115 114 116 116 117 117 118 118 119 119 120 120 121 121 122 122 123 123 125 124 126 125 127 127
101 101 101 101 100 100 100 100 100 100 100 99 99 99 99 99 99 98 99 99 98 98 98 98 98 98 98 97 97 97 97 97 97 98 97 98 98 98 98 99 99 100 100 102 101 103 102 104 104 106 106 107 107 109 109 111 111 112 112 114 114 116 116 117 117 118 118 119 119 120 120 122 121 123 122 123 123 125 125 126 126 127 127 128 128
101 101 101 101 101 100 100 100 100 100 99 99 99 99 99 99 99 98 98 98 98 98 98 98 98 98 98 97 97 98 97 98 97 98 98 98 98 98 98 99 99 101 100 102 101 103 103 105 104 106 106 107 107 110 109 111 111 113 113 114 114 116 116 118 117 118 118 120 120 121 121 122 122 123 123 124 124 125 125 126 126 127 127 128 128
101 101 101 101 101 100 100 100 100 100 100 99 99 99 99 99 99 99 99 98 98 98 98 98 98 98 97 98 97 97 97 98 97 98 97 98 98 99 99 100 99 101 100 102 102 104 103 105 105 107 107 108 108 110 110 112 112 114 113 115 115 117 116 118 118 119 119 121 121 122 122 123 123 124 124 125 125 126 126 127 127 129 129 130 130
102 101 101 101 101 101 101 100 100 100 100 100 99 99 99 99 99 99 99 98 98 98 98 98 98 98 97 98 97 97 97 98 97 98 97 99 98 99 99 100 99 101 101 102 102 104 104 106 105 107 107 109 108 111 110 112 112 114 114 116 115 117 117 119 118 120 120 121 121 122 122 123 123 124 124 126 126 127 126 128 127 129 129 130 130
102 101 101 101 101 101 100 100 100 100 100 100 100 99 99 99 99 99 98 98 98 98 98 98 97 97 97 98 97 97 97 98 97 98 97 98 98 99 99 100 100 101 101 103 102 104 104 106 106 108 107 109 109 111 111 113 112 115 114 116 116 118 118 120 119 121 121 122 122 123 123 125 125 126 125 127 127 128 128 129 129 130 130 132 132
101 101 101 101 101 100 101 100 100 100 100 100 100 99 99 99 99 99 98 98 98 98 98 98 97 98 98 97 97 97 97 98 97 98 98 99 98 99 99 100 100 101 101 103 103 104 104 106 106 108 107 110 109 111 111 113 113 115 115 116 116 118 118 120 120 121 121 123 122 124 123 125 125 126 126 127 127 128 128 129 129 131 131 132 132
101 101 101 101 101 101 100 101 100 100 100 100 99 99 99 99 99 98 98 98 98 98 98 97 98 98 97 97 97 97 97 97 97 98 97 98 98 99 99 100 100 102 101 103 103 105 104 106 106 108 108 110 110 112 112 114 114 116 116 117 117 119 119 121 121 122 122 124 123 125 125 126 126 127 127 128 128 129 129 131 131 131 131 133 133
101 101 101 101 101 100 100 101 100 100 100 100 99 99 99 99 99 98 98 99 98 98 98 98 97 98 97 97 97 97 97 97 97 98 98 98 98 99 99 100 100 102 101 103 103 105 105 107 106 109 108 110 110 112 112 114 114 116 116 118 118 119 119 121 121 123 122 124 124 126 125 126 126 127 127 129 129 130 130 131 131 132 132 133 133
102 102 101 101 101 101 101 101 100 100 100 99 99 99 99 99 98 98 98 98 98 98 98 97 97 97 97 97 97 97 97 97 97 97 97 98 98 99 99 100 100 102 102 103 103 105 105 107 107 109 109 111 111 113 113 115 114 117 117 118 118 121 120 122 122 123 123 125 125 126 126 127 127 128 128 129 129 131 131 132 132 133 133 134 134
102 101 101 101 101 100 100 100 100 100 100 100 99 99 99 99 99 99 98 98 98 98 98 97 97 97 97 97 97 97 96 97 96 97 97 98 98 99 99 101 100 102 102 103 103 105 105 107 107 109 109 111 111 113 113 115 115 117 117 119 119 121 121 122 122 124 124 125 125 126 127 128 128 129 129 130 130 131 131 132 132 134 134 135 135
101 101 101 101 100 100 101 100 100 100 100 99 99 99 99 99 99 98 98 98 98 98 97 97 97 97 97 97 96 97 96 97 97 97 97 98 98 99 99 101 100 102 102 104 103 106 105 108 108 110 110 112 112 114 114 116 116 118 118 119 119 122 121 123 123 125 125 126 126 127 127 128 128 130 130 131 131 132 132 133 133 134 134 135 135
101 102 102 101 101 100 100 100 100 100 100 99 99 99 99 99 99 98 98 98 98 97 97 97 97 97 97 97 97 97 97 97 97 97 97 98 98 99 99 101 100 102 102 104 103 106 106 108 108 110 110 112 112 114 114 116 116 118 118 120 120 122 122 123 123 125 125 126 126 128 127 129 129 130 130 132 132 132 132 134 134 135 135 136 136
102 102 101 101 101 101 100 100 100 100 100 100 100 99 99 99 99 99 98 98 98 97 97 97 97 97 97 97 97 97 96 97 97 97 97 98 98 99 99 101 100 102 102 104 104 106 106 108 108 110 110 112 112 115 114 117 116 119 118 120 120 123 122 124 124 126 126 128 127 129 129 130 130 131 131 132 132 134 134 135 135 135 136 137 137
104 103 102 101 101 101 100 100 100 100 100 100 100 99 99 99 99 99 98 98 98 98 98 97 97 97 97 97 97 96 96 97 97 97 97 98 98 99 99 101 101 102 102 104 104 106 106 108 108 110 110 113 112 115 115 117 117 119 119 121 120 123 123 125 125 126 126 128 128 129 129 130 130 132 132 133 132 134 134 135 135 136 136 137 137
106 104 103 101 101 100 101 100 100 100 100 100 99 99 99 99 98 98 98 98 98 97 97 97 97 97 97 96 96 96 96 97 97 97 97 98 98 99 99 101 101 103 103 105 104 107 106 109 109 111 111 113 113 116 116 118 117 120 120 122 122 124 124 125 125 127 127 128 129 130 130 131 131 132 132 134 134 135 135 136 136 137 137 138 138
106 104 103 102 101 101 101 100 100 100 100 99 99 99 99 99 99 98 98 98 98 97 97 97 97 97 96 96 96 96 96 97 97 97 97 98 98 99 99 101 101 103 103 105 104 107 107 109 109 111 111 113 113 116 116 118 118 120 120 122 122 124 124 126 126 127 127 129 129 130 130 132 131 133 133 134 134 136 136 136 136 138 138 139 139
105 104 103 102 101 101 101 100 100 100 99 99 99 99 99 99 99 98 98 98 98 98 97 97 97 97 96 97 96 96 96 96 96 97 97 98 98 99 99 101 101 103 103 105 105 107 107 110 110 112 112 114 114 117 116 119 118 121 121 123 123 125 124 127 127 128 128 130 130 131 131 132 132 134 134 135 135 136 136 137 137 139 139 140 139
104 104 103 102 102 101 100 100 100 100 99 99 99 99 99 99 98 98 98 98 98 97 97 97 97 97 97 97 97 96 96 96 96 97 97 98 98 100 99 101 101 103 103 105 105 108 107 110 110 112 112 114 114 117 116 119 119 121 121 123 123 125 125 127 127 129 129 130 130 131 131 133 133 134 134 135 136 137 136 138 138 139 139 140 140
104 104 103 102 102 101 101 101 100 99 99 99 99 99 99 99 99 99 98 98 98 98 98 97 97 97 97 97 97 97 97 97 96 98 97 98 98 100 99 101 101 104 103 106 105 108 108 111 110 113 113 115 115 117 117 120 120 122 122 124 124 126 126 127 127 130 130 131 131 133 133 134 134 135 135 137 136 138 137 139 139 140 140 141 141
105 105 103 103 103 103 102 101 100 100 100 99 99 99 99 99 99 99 98 98 98 98 98 97 97 97 97 97 97 97 97 97 97 98 97 99 98 100 100 101 101 104 104 106 106 108 108 111 111 113 113 115 115 118 118 120 120 122 122 124 124 126 126 128 128 130 130 132 132 133 133 135 135 136 136 137 137 138 138 139 139 140 140 141 141
107 106 104 104 104 105 104 102 101 100 99 99 99 99 99 99 99 99 98 99 98 98 98 98 97 97 97 97 97 97 97 97 97 98 98 99 99 100 100 102 102 104 104 106 106 109 109 111 112 114 114 116 116 119 119 121 121 123 123 125 125 127 127 129 129 131 131 132 132 134 134 135 135 137 136 138 138 139 139 140 140 141 141 142 142
109 106 105 104 105 105 104 103 101 100 100 99 99 99 99 99 99 99 98 99 98 98 98 98 97 98 97 97 97 97 97 97 97 98 98 99 99 101 100 102 102 104 104 106 106 109 109 112 112 114 114 116 116 118 119 121 121 123 123 126 126 128 128 129 129 131 131 133 133 134 134 136 136 137 137 138 138 139 139 140 140 141 142 143 143
109 106 105 105 104 105 103 102 101 100 100 100 99 99 99 99 99 99 99 99 99 98 98 98 98 98 98 98 97 98 97 98 98 98 98 99 99 101 101 103 103 105 105 108 107 110 110 112 112 115 115 117 117 119 120 122 122 124 124 126 126 129 128 130 130 132 132 134 134 135 135 137 137 138 138 139 139 140 140 141 141 143 143 143 144
109 106 105 104 104 103 103 101 101 100 100 100 100 100 100 100 99 99 99 99 99 98 98 98 98 98 97 97 97 98 98 98 98 99 98 99 99 101 101 103 103 105 105 108 108 110 110 113 113 115 115 117 117 120 120 122 122 124 124 126 126 129 129 131 131 133 132 134 134 136 135 137 137 139 138 140 140 141 141 142 142 143 143 144 144
107 107 105 104 103 103 103 103 101 101 101 100 100 100 100 100 99 99 99 99 99 99 99 99 99 98 98 98 98 98 98 99 98 100 99 100 100 102 102 104 104 106 106 108 108 111 111 114 114 116 116 118 119 121 121 124 124 126 126 127 127 130 130 132 132 134 133 135 135 137 137 138 138 140 140 141 141 142 142 143 143 144 144 145 145
107 106 105 104 103 103 102 102 102 101 101 101 100 100 100 100 100 100 99 99 99 99 99 99 99 99 98 98 98 98 98 99 98 99 99 100 100 102 102 104 104 106 106 108 108 111 111 114 114 116 116 119 119 121 122 124 124 126 126 128 128 130 130 132 132 134 134 136 136 137 137 139 138 140 140 141 141 142 142 143 143 144 144 145 145
108 108 106 104 103 102 102 102 102 101 102 102 101 101 100 100 101 100 100 99 99 99 99 99 99 100 99 99 99 99 99 100 100 100 100 101 101 103 103 105 105 107 107 110 110 112 113 115 115 118 118 120 120 122 122 125 124 127 127 130 130 131 131 133 133 135 135 136 137 138 138 140 140 141 141 142 142 143 143 144 144 145 146 146 146
106 107 105 104 103 102 102 101 102 101 101 101 101 100 100 100 101 100 100 99 99 100 99 99 99 99 99 99 99 99 99 100 100 100 100 101 101 103 103 105 105 107 107 110 110 112 113 115 115 118 117 120 120 122 122 125 125 127 127 130 130 132 131 134 134 135 135 137 137 138 138 140 140 141 141 143 142 144 144 144 144 146 146 146 146
105 105 104 103 102 102 101 101 101 101 101 101 101 101 101 101 101 101 101 100 100 100 101 100 100 101 100 100 100 101 101 101 101 101 101 103 103 104 104 106 106 108 108 111 111 114 113 116 116 119 119 121 121 124 124 126 126 128 128 131 130 133 132 134 135 136 136 138 138 139 139 141 141 142 142 144 144 144 144 146 146 147 147 147 147
106 105 104 103 102 102 101 101 101 101 101 101 101 101 101 102 101 101 101 101 100 101 100 100 100 100 100 100 100 101 101 101 101 101 102 103 103 105 104 107 107 109 109 111 111 114 114 116 116 119 119 121 121 124 124 126 126 129 128 131 131 133 133 135 135 137 137 138 138 140 140 141 141 142 142 144 144 145 145 146 146 147 147 148 147
106 105 104 104 103 103 102 102 101 102 102 102 102 102 102 102 102 102 101 102 101 101 101 101 101 101 101 101 101 101 101 102 102 103 103 104 104 106 106 107 107 110 110 112 112 115 115 117 117 120 120 122 122 125 124 127 127 130 130 131 131 134 134 136 136 138 137 139 139 141 141 142 142 143 143 144 144 145 145 147 147 148 148 149 149
106 106 104 103 105 103 102 102 102 102 102 102 102 102 102 102 102 102 101 102 101 101 101 101 101 102 101 101 101 102 101 102 102 103 103 104 104 106 106 108 108 110 110 112 112 115 115 117 118 120 120 123 122 125 125 127 127 130 130 132 132 134 134 136 136 138 138 139 139 141 141 142 142 143 144 145 144 146 146 147 147 148 148 149 149
107 108 105 103 103 104 103 103 103 103 103 103 103 103 103 103 103 103 103 103 102 103 102 102 102 102 102 102 102 103 103 104 103 104 104 105 105 107 107 109 109 111 111 113 113 116 116 118 119 121 121 124 123 126 126 128 128 131 130 133 133 135 135 137 137 139 139 140 140 141 141 143 143 144 144 145 145 146 146 148 147 149 148 150 150
107 108 106 105 103 104 104 104 104 104 103 104 104 104 104 103 104 104 104 103 102 103 102 103 102 102 102 102 102 103 103 104 103 104 104 106 105 107 107 109 109 111 111 113 113 116 116 118 118 121 121 124 124 126 126 129 128 131 131 133 133 135 135 137 137 139 139 141 141 142 142 143 143 144 144 146 146 146 147 148 148 148 149 150 150
106 107 105 107 106 104 104 105 105 105 105 105 105 106 105 105 105 107 106 104 103 104 103 104 103 103 103 104 103 104 104 104 104 105 105 107 107 108 108 110 110 112 112 114 115 117 117 119 119 122 122 124 125 127 127 129 129 132 132 134 134 136 136 138 138 140 140 141 141 142 142 144 144 145 145 146 146 147 147 148 148 150 149 150 150
104 105 105 108 108 106 104 105 105 106 108 107 106 108 107 106 107 109 108 105 104 103 104 104 103 104 103 103 103 104 104 104 105 106 105 107 107 108 108 110 110 112 112 115 115 117 117 119 119 122 123 125 125 127 127 130 130 132 132 134 134 136 136 138 138 140 140 141 141 143 143 144 144 145 145 146 146 147 148 148 148 150 150 150 150
