2.asc
ncols        384
nrows        456
xllcorner    93.000000000000
yllcorner    -8.000000000000
cellsize     0.041666666667
NODATA_value 0
[rows 0 to 37 of 456, columns 255 to 339 of 384]
123 121 121 118 118 116 115 113 117 114 114 109 108 105 105 103 104 102 101 98 99 97 96 95 94 92 93 91 91 90 90 89 89 88 89 88 88 88 88 89 89 89 90 90 90 91 91 91 92 92 93 93 94 94 94 95 95 96 97 97 98 98 99 100 100 101 102 104 104 105 105 107 107 108 108 108 108 109 108 109 108 109 108 110 110
122 120 120 117 118 115 115 112 116 113 112 108 107 105 105 102 102 100 100 98 98 96 96 94 94 92 92 91 91 89 89 88 88 88 88 87 88 88 88 88 89 89 89 90 90 90 91 91 91 92 92 93 93 94 94 94 95 96 96 97 97 98 98 100 100 101 101 103 103 105 105 106 106 107 107 107 107 108 107 108 107 108 107 109 109
125 122 123 121 120 118 118 118 117 115 114 111 109 107 106 104 104 102 102 99 99 98 98 95 95 93 93 91 92 90 90 89 89 88 88 88 89 88 89 89 89 90 90 90 91 91 92 92 92 93 93 94 94 95 95 95 96 96 97 97 98 99 99 100 101 103 103 104 105 106 107 108 108 109 109 110 109 110 109 110 109 110 109 110 110
124 122 123 120 120 117 118 119 117 114 113 111 109 106 106 104 103 101 101 99 99 97 97 94 94 92 92 91 91 89 90 88 88 88 88 88 88 88 88 88 89 89 89 90 90 91 91 91 92 93 93 93 93 94 94 95 95 96 96 97 97 98 98 100 100 102 102 104 104 106 106 108 108 109 108 109 108 109 108 109 108 109 108 109 109
127 125 124 122 122 119 121 121 120 116 116 112 111 108 108 106 106 103 103 101 101 98 98 97 96 94 94 92 92 90 91 89 90 89 89 89 90 89 90 90 90 90 91 91 91 92 92 93 93 93 94 94 95 96 96 96 96 97 98 99 99 100 100 101 102 103 104 105 106 108 108 110 110 111 110 111 110 111 110 111 110 111 110 111 111
127 124 124 122 122 119 120 121 121 117 117 111 111 108 108 105 105 102 102 100 100 98 98 96 96 94 94 92 92 90 90 89 89 89 89 89 89 89 89 89 90 90 90 90 91 91 92 92 93 93 93 94 94 95 95 96 96 97 97 98 98 99 99 101 101 102 103 104 105 107 107 109 109 110 110 110 109 110 109 110 109 109 109 110 110
129 127 126 124 124 121 121 122 123 120 119 113 113 110 110 107 107 105 104 102 102 100 100 98 98 96 96 94 95 93 93 91 92 91 91 90 91 91 91 91 91 92 92 93 93 93 93 94 94 95 95 95 96 96 97 98 98 99 99 100 100 101 101 103 103 104 105 106 107 109 109 111 111 112 111 112 111 111 111 111 110 111 111 112 111
128 126 126 124 124 121 120 119 123 121 119 114 112 109 109 106 106 104 104 102 102 99 99 97 97 95 95 94 94 92 92 91 91 90 91 90 90 90 91 91 91 91 91 92 92 93 93 93 94 94 94 95 95 96 96 97 98 98 98 99 99 100 100 102 102 104 104 106 106 108 108 110 110 111 110 110 110 110 109 110 109 110 109 110 110
130 128 128 125 125 123 122 120 123 124 123 117 114 111 111 109 109 106 106 103 103 101 101 99 100 97 98 96 96 95 95 94 94 93 93 93 93 93 93 93 93 93 94 94 94 94 95 95 96 96 96 97 98 98 99 99 99 100 100 101 102 102 103 104 104 106 106 108 108 109 109 111 111 112 111 112 111 112 111 111 110 112 111 112 112
129 128 127 125 125 122 122 120 120 119 119 116 113 111 111 108 108 105 106 103 103 101 101 99 99 97 97 95 96 95 94 93 94 92 92 92 92 92 93 92 93 93 93 94 94 94 94 95 95 96 96 96 97 98 98 99 99 99 100 101 101 102 102 103 104 105 105 107 107 108 108 110 109 110 110 110 110 110 110 110 109 110 109 111 111
131 129 129 127 126 124 124 121 121 119 118 116 116 113 113 110 110 108 107 105 105 103 103 101 101 99 100 98 98 97 97 96 96 95 95 95 95 95 95 95 95 95 96 96 96 97 97 97 98 98 98 99 99 100 100 101 101 102 103 103 103 105 105 106 106 107 107 109 109 110 110 111 111 112 111 112 111 112 111 111 110 112 111 112 112
131 129 128 126 126 124 123 121 121 118 118 116 115 112 112 110 110 107 107 105 105 103 102 100 101 99 99 98 98 96 97 96 97 95 95 94 95 94 95 94 95 95 95 95 96 96 96 97 97 97 98 98 99 99 99 100 100 102 102 102 103 104 104 105 105 107 107 108 108 109 109 110 109 110 110 110 109 110 109 110 109 110 110 111 110
133 130 130 128 127 126 125 123 122 120 120 117 117 115 114 112 112 109 109 107 107 105 105 103 103 102 102 101 101 99 100 100 100 98 98 97 98 97 98 97 98 98 98 98 98 99 99 100 100 100 101 101 101 102 102 103 103 104 104 105 105 106 107 107 108 109 109 110 110 111 111 112 111 112 111 112 111 112 111 111 111 111 111 112 112
132 130 130 128 127 125 125 122 123 120 120 117 117 114 114 112 111 109 109 106 107 104 105 103 103 101 101 100 100 99 99 98 98 97 98 97 97 97 97 97 97 97 98 98 98 98 99 99 99 100 100 100 101 101 101 103 103 103 104 104 104 106 106 106 106 108 108 109 109 110 110 110 110 111 110 111 110 110 110 110 109 110 110 111 111
133 131 131 129 129 127 127 125 124 122 122 119 119 117 116 114 114 111 111 109 108 107 107 105 106 104 104 103 103 102 102 101 102 100 100 100 101 100 100 100 100 100 100 101 101 101 101 102 102 103 103 104 104 104 105 105 105 106 107 107 108 108 108 109 109 110 110 111 111 112 112 113 112 113 112 113 112 112 111 111 111 112 111 112 112
133 131 131 129 128 127 126 124 124 123 122 119 118 116 116 114 113 111 111 108 108 106 107 105 105 104 104 103 103 101 102 101 101 100 100 100 100 100 100 100 100 100 100 100 100 100 101 101 102 102 102 103 103 104 104 105 105 105 106 107 107 107 107 108 108 110 109 110 110 111 111 112 111 112 111 112 111 111 110 110 109 110 110 111 111
134 133 132 130 130 128 128 126 125 124 124 121 121 118 118 116 116 113 113 111 111 109 109 108 108 107 107 106 106 105 105 104 104 103 104 103 103 103 103 103 103 103 103 103 103 104 104 104 105 105 105 106 106 107 107 108 108 108 109 110 110 110 110 111 111 112 112 113 113 113 113 114 113 114 113 113 113 113 112 113 112 112 112 113 113
134 132 132 130 130 128 128 126 125 124 124 121 120 118 118 116 116 113 113 111 111 109 109 107 108 107 107 105 106 104 105 104 104 103 103 103 103 102 102 102 102 103 103 103 103 103 104 104 104 105 105 105 106 106 106 107 107 108 108 108 109 110 110 111 110 111 111 112 111 112 112 113 112 112 112 112 111 112 111 112 111 112 111 112 113
135 133 133 132 131 129 129 127 127 125 126 122 122 120 120 118 118 116 116 114 114 112 112 111 111 109 110 108 109 108 108 107 107 106 106 106 106 106 106 105 106 106 106 106 106 106 106 107 107 107 107 108 108 109 109 110 110 111 111 112 112 113 112 113 113 114 114 115 114 115 114 115 114 115 114 115 114 114 113 114 113 114 113 115 115
135 133 133 131 131 130 129 127 127 125 125 122 122 120 120 118 118 116 116 114 114 112 112 110 110 109 109 108 109 107 108 107 107 106 106 105 106 105 105 105 105 105 105 105 106 106 106 106 107 107 107 108 108 109 109 109 109 110 110 111 111 112 112 113 112 113 112 114 113 114 114 114 114 114 113 114 113 114 113 113 113 113 113 114 114
136 134 134 133 132 131 130 128 129 127 126 124 124 122 122 120 120 118 118 116 116 115 115 113 113 112 112 111 111 110 111 110 110 109 109 109 109 108 109 108 108 108 108 108 108 109 109 109 109 110 110 111 111 111 111 112 112 113 113 114 114 114 114 115 115 116 115 116 116 116 116 116 116 116 116 116 116 116 115 116 115 116 116 117 116
136 134 134 132 132 130 130 128 128 127 126 124 124 122 122 120 120 118 118 116 116 115 115 113 113 112 112 111 111 110 110 110 110 109 109 108 108 108 108 108 108 108 108 108 108 108 108 109 109 109 109 110 110 111 111 111 111 112 112 113 113 114 114 114 114 115 115 115 115 116 115 116 115 116 115 116 115 115 115 116 115 116 116 116 116
136 135 135 134 133 132 132 130 130 128 128 126 126 124 123 122 122 120 120 118 118 117 117 116 116 114 115 113 114 112 113 112 112 112 112 111 111 110 111 110 111 111 111 111 111 111 111 111 112 112 112 113 113 113 113 114 114 115 115 115 115 116 116 117 117 117 117 118 117 118 118 118 117 118 117 118 117 118 117 118 118 118 118 118 118
136 135 135 133 133 132 131 130 130 128 127 126 126 124 123 122 121 120 120 118 118 117 118 116 116 114 115 113 113 113 112 112 112 111 112 111 111 110 110 110 110 110 110 110 110 111 111 111 111 112 112 112 112 113 113 113 114 114 114 115 115 116 116 116 116 117 117 117 117 117 117 117 117 117 117 117 117 117 117 118 117 118 118 118 118
137 136 135 134 134 132 132 131 131 129 129 127 127 125 125 124 123 122 122 121 120 119 119 118 118 117 117 116 116 116 116 115 115 114 114 114 114 113 113 113 113 113 113 113 113 113 113 114 114 114 114 115 115 115 115 116 116 117 117 117 117 118 118 119 118 119 119 119 119 119 119 120 119 119 119 119 119 120 119 120 119 120 120 121 121
137 136 135 134 134 132 132 131 131 129 129 127 127 125 125 123 123 122 122 120 120 119 119 118 118 117 117 116 116 115 115 115 114 113 114 113 113 112 113 113 113 112 113 113 113 113 113 113 113 114 114 114 114 115 115 116 116 116 116 117 117 118 117 118 118 118 118 119 118 119 119 119 119 119 119 119 118 119 119 119 119 120 120 121 121
137 136 136 135 134 133 133 132 132 130 130 128 128 127 127 125 125 124 124 122 122 121 121 120 120 119 119 118 118 117 117 117 117 116 116 116 116 115 115 115 115 115 115 115 115 115 115 116 116 116 116 117 117 117 117 118 118 118 118 119 119 120 120 120 120 121 120 121 121 121 120 121 120 121 120 121 121 121 121 121 121 122 122 122 122
137 136 136 135 134 133 133 132 132 130 130 128 128 127 127 125 125 124 124 122 122 121 121 120 120 119 119 118 118 117 117 117 117 116 116 116 116 115 115 115 115 115 115 115 115 115 115 115 115 116 116 116 116 117 117 117 117 118 118 119 119 120 119 120 120 120 120 120 120 120 120 120 120 121 120 121 121 121 121 121 121 122 122 122 122
137 136 136 135 135 133 133 132 132 131 131 129 129 128 128 126 126 125 125 124 124 123 123 122 122 121 121 120 120 119 119 119 119 118 118 117 118 117 117 117 117 117 117 117 117 117 117 118 118 118 118 118 119 119 119 119 119 120 120 120 120 121 121 122 121 121 121 122 121 122 121 122 122 122 122 122 122 123 122 123 123 123 123 124 124
137 136 136 135 135 134 133 132 132 131 131 129 129 128 128 126 126 125 125 123 123 122 122 121 121 121 121 120 120 119 119 118 119 118 118 117 117 117 117 117 117 117 117 117 117 116 117 117 117 118 117 118 118 119 119 119 119 119 119 120 120 121 120 121 121 121 121 121 121 121 121 122 121 122 122 122 122 122 122 123 123 123 123 124 124
137 137 136 135 135 134 134 133 132 131 131 130 130 129 129 127 127 126 126 125 125 124 124 123 123 122 122 122 122 121 121 120 120 119 120 119 119 119 119 118 119 119 119 118 119 119 119 119 119 119 119 120 120 120 120 120 120 121 121 122 122 122 122 122 122 122 122 123 122 123 123 123 123 123 123 124 123 124 124 124 124 124 125 125 125
137 136 136 135 135 133 133 133 132 131 131 130 130 129 129 127 127 126 126 125 125 124 124 123 123 122 122 121 121 121 121 120 120 119 119 119 119 119 119 118 118 118 118 118 118 118 119 119 119 119 119 119 119 120 119 120 120 121 120 121 121 121 121 122 121 122 122 122 122 123 122 123 122 123 123 124 123 124 123 124 124 124 124 125 125
137 136 136 135 135 134 134 133 132 132 132 131 130 130 129 128 128 127 127 126 126 125 125 124 124 123 123 123 123 122 122 121 122 121 121 121 121 120 120 120 120 120 120 120 120 120 120 120 121 121 121 121 121 121 121 122 122 122 122 123 122 123 122 123 123 123 123 124 123 124 124 124 124 124 124 124 124 124 124 125 125 125 125 125 125
136 136 136 135 135 134 134 133 133 131 132 131 130 130 129 128 128 127 127 126 126 125 125 124 124 123 123 123 123 122 122 121 121 121 121 120 121 120 120 120 120 120 120 120 120 120 120 120 120 120 121 121 121 121 121 122 122 122 122 122 122 122 122 123 122 123 123 123 123 124 123 124 124 124 124 124 124 124 124 125 125 125 125 125 125
136 136 135 135 134 134 134 133 133 131 132 131 131 130 130 129 129 128 128 127 127 126 126 125 125 125 125 124 124 123 123 122 122 122 122 122 122 121 121 121 121 121 121 121 121 122 122 122 122 122 122 122 122 122 123 123 123 123 123 123 123 124 123 124 124 124 124 124 124 124 124 125 125 125 125 125 125 126 126 126 126 126 126 126 126
136 135 135 134 134 134 134 133 132 132 131 131 131 130 130 129 129 128 128 127 127 126 126 125 125 125 125 124 124 123 123 122 122 122 122 121 122 121 121 121 121 121 121 121 121 121 121 122 122 122 122 122 122 122 122 122 122 122 122 123 122 123 123 124 123 123 124 124 124 124 124 125 124 125 125 125 125 126 126 126 126 126 126 126 126
136 135 135 134 134 133 133 133 133 132 132 131 131 130 130 129 129 129 128 128 128 127 127 126 126 125 125 125 125 124 124 124 124 123 123 123 123 122 122 122 122 122 122 123 122 123 123 123 123 123 123 123 123 123 123 123 123 124 124 124 124 124 124 124 124 125 125 125 125 125 125 125 125 126 125 126 126 126 126 127 126 127 127 127 127
136 135 135 134 134 133 133 133 132 132 132 131 131 130 130 129 129 129 128 127 127 127 127 126 126 125 125 124 125 124 124 123 123 123 123 123 123 122 122 122 122 122 122 122 122 122 122 122 122 123 123 123 123 123 123 123 123 123 123 123 123 124 123 124 124 124 124 125 124 125 125 125 125 126 125 126 126 126 126 127 127 127 126 127 127
