2.asc
ncols        384
nrows        456
xllcorner    93.000000000000
yllcorner    -8.000000000000
cellsize     0.041666666667
NODATA_value 0
[rows 0 to 37 of 456, columns 170 to 254 of 384]
169 169 170 170 171 171 172 172 173 172 172 172 172 172 171 171 170 170 169 169 168 168 168 168 167 167 166 166 166 166 165 165 165 165 165 164 164 164 164 164 163 163 162 162 162 161 161 160 160 159 159 158 157 157 156 155 154 154 152 152 151 150 148 148 146 146 145 144 142 142 140 140 138 138 136 135 133 133 131 130 128 127 125 125 123
169 169 171 171 172 171 172 172 173 173 172 172 172 172 171 171 170 170 169 169 168 168 168 168 167 167 166 166 166 166 165 165 165 165 165 164 164 164 164 164 163 163 162 162 162 161 160 160 159 159 158 158 157 156 156 155 154 153 152 152 150 150 148 148 146 146 144 144 142 142 139 139 137 137 135 135 133 132 130 130 127 127 125 125 122
169 169 171 171 171 172 172 172 172 172 172 172 172 171 171 171 170 170 169 169 168 168 167 167 166 166 166 166 165 165 165 165 165 164 164 164 164 164 164 164 163 163 162 162 162 161 161 161 159 159 158 158 157 157 156 155 154 154 152 152 151 150 149 149 147 147 145 145 143 143 141 141 139 139 137 137 134 134 132 132 130 130 128 127 125
169 169 171 171 171 171 172 172 173 172 172 172 172 171 171 171 170 170 169 169 168 168 168 167 166 166 166 166 165 165 165 165 165 164 164 164 164 164 164 164 163 163 162 162 161 161 160 160 159 159 158 158 157 156 155 155 154 154 152 152 150 150 149 149 147 146 145 145 143 142 141 140 138 138 136 136 134 134 132 132 129 129 127 127 125
169 169 170 170 172 171 172 172 172 172 172 172 171 171 171 171 170 170 169 169 168 168 167 167 166 166 166 166 165 165 165 165 165 164 164 164 164 164 163 163 163 163 162 162 161 161 160 160 160 159 158 158 157 157 155 155 154 154 153 152 151 151 149 149 147 147 146 146 144 143 142 142 140 140 138 138 136 135 134 134 131 131 129 129 127
169 169 170 170 171 171 172 172 172 172 172 172 172 172 171 171 170 170 169 169 168 168 167 167 166 166 166 166 165 165 165 165 165 164 164 164 164 164 163 163 163 163 162 162 161 161 160 160 159 159 158 158 157 157 155 155 154 154 153 152 151 151 149 149 147 147 146 145 143 143 142 142 140 140 138 138 135 135 134 133 131 131 129 129 126
169 169 171 171 171 171 172 172 172 172 172 172 171 171 171 170 170 170 169 169 168 168 167 167 166 166 166 166 165 165 164 165 165 164 164 164 164 163 163 163 163 163 162 162 161 161 160 160 159 159 159 158 157 157 155 155 154 154 153 153 151 151 150 149 148 148 146 146 145 144 143 143 141 141 139 139 137 137 135 135 133 133 131 131 129
169 169 171 170 171 171 172 172 172 172 172 172 171 171 170 170 170 169 169 169 168 168 167 167 166 166 166 165 165 165 165 164 164 164 164 164 164 163 163 163 162 162 162 162 160 160 160 160 159 159 159 158 157 157 155 155 154 154 153 153 151 151 149 149 148 148 146 146 144 144 142 142 141 140 139 139 137 136 135 135 133 132 131 131 129
169 169 170 170 171 171 172 171 172 171 172 171 171 171 170 170 169 169 168 168 168 167 167 167 166 166 166 165 165 165 164 164 164 164 164 164 163 163 163 163 162 162 161 161 161 161 160 160 159 159 158 158 157 157 155 155 154 154 153 153 152 151 150 150 148 148 147 146 145 145 144 143 142 142 140 140 138 138 136 136 134 134 132 132 130
169 169 170 170 171 171 172 171 172 172 172 171 171 171 170 170 169 169 168 168 168 167 167 167 166 166 166 165 165 165 164 164 164 164 164 164 163 163 163 163 162 162 161 161 161 160 160 160 159 159 158 158 157 157 155 155 154 154 153 153 152 151 150 150 148 148 147 146 145 145 143 143 141 141 140 139 139 138 136 136 134 134 132 132 130
168 168 170 170 171 171 171 171 172 171 171 171 171 170 170 170 169 169 168 168 167 167 167 167 166 166 165 165 165 165 164 164 164 164 163 163 163 163 162 162 162 162 161 161 161 160 159 159 159 159 158 158 156 156 155 155 155 154 153 153 152 151 150 150 149 148 147 147 146 145 144 144 143 142 141 140 139 139 137 137 135 135 133 133 132
168 168 170 170 171 171 171 171 172 171 171 171 171 171 170 170 169 169 168 168 167 167 167 167 166 166 165 165 165 165 164 164 164 164 163 163 163 163 162 162 162 162 161 161 160 160 159 159 159 158 158 158 156 156 155 155 154 154 153 152 152 151 150 150 148 148 147 147 145 145 144 144 142 142 141 140 139 138 137 137 135 135 133 133 131
168 168 170 170 170 170 171 171 171 171 171 170 170 170 170 170 169 169 168 168 167 167 166 166 166 165 165 165 164 164 164 164 164 163 163 163 163 163 162 162 162 161 161 161 160 160 159 159 158 158 157 157 156 156 155 155 154 154 153 153 152 152 150 150 149 149 148 147 146 146 145 144 143 143 141 141 140 139 138 138 136 136 134 134 132
168 168 170 170 171 170 171 171 171 171 171 171 170 170 170 169 169 169 168 168 167 167 166 166 165 166 165 165 164 164 164 163 164 163 163 163 163 162 162 162 162 161 161 160 160 160 159 159 158 158 157 157 156 156 155 155 154 154 153 153 152 152 150 150 149 149 147 147 146 146 145 144 143 142 141 141 140 139 138 138 136 136 134 134 132
168 168 169 169 170 170 171 171 171 170 170 170 170 169 169 169 168 168 168 168 167 167 166 166 165 165 165 164 164 164 164 163 163 163 163 162 162 162 162 161 161 161 160 160 160 159 159 159 158 158 157 157 156 156 155 155 154 154 153 152 151 151 150 150 149 149 148 148 146 146 145 145 143 143 142 142 140 140 139 138 138 137 135 135 134
168 168 169 169 170 170 171 171 171 170 170 170 170 170 169 169 168 168 168 168 167 167 166 166 165 165 165 164 164 164 164 163 163 163 163 163 162 162 161 161 161 161 160 160 160 159 159 158 158 158 157 157 156 156 155 155 154 154 153 152 151 151 150 150 149 149 148 147 146 146 145 144 143 143 142 142 140 140 138 138 137 137 135 135 133
168 167 169 169 170 169 170 170 170 170 170 170 170 169 169 168 168 167 167 167 166 166 165 165 165 165 164 164 164 163 163 163 163 163 162 162 161 161 161 161 160 160 160 160 159 159 158 158 157 157 157 156 156 155 155 154 154 153 153 152 151 151 150 150 149 149 148 147 146 146 145 145 144 144 143 142 141 141 140 139 138 137 136 136 134
168 168 169 169 170 169 170 170 170 170 170 170 169 169 169 168 168 167 167 167 166 166 165 165 165 165 164 164 164 163 163 163 163 163 162 162 161 161 161 161 161 160 160 159 159 159 158 158 157 157 156 156 155 155 155 154 153 153 152 152 151 151 150 150 149 149 147 147 146 146 145 145 144 143 142 142 141 140 139 139 138 137 136 136 134
167 167 168 168 169 169 169 169 170 170 169 169 169 168 168 167 167 167 166 166 166 165 165 165 164 164 164 163 163 163 163 162 162 162 161 161 161 161 160 160 160 160 159 159 158 158 157 157 157 157 156 156 155 155 154 154 153 153 152 152 151 151 150 150 149 149 148 148 146 146 145 145 144 144 142 142 142 141 140 139 139 138 136 136 135
168 167 168 168 169 169 170 169 170 170 169 169 169 169 168 168 167 167 166 166 166 165 165 164 164 164 164 163 163 163 163 162 162 162 161 161 161 161 160 160 160 160 159 159 158 158 157 157 157 157 156 156 155 155 154 154 153 153 152 151 151 151 150 150 149 148 148 147 146 146 145 145 144 144 142 142 141 141 139 139 138 138 136 136 135
167 167 168 168 169 169 169 169 169 169 169 169 168 168 167 167 167 166 166 166 165 165 164 164 163 163 163 163 163 162 162 162 161 161 161 161 161 160 160 160 159 159 158 158 158 157 157 157 156 156 155 155 155 154 154 154 153 153 152 152 151 150 150 150 149 148 147 147 146 146 145 145 144 144 143 143 142 141 140 140 139 139 137 137 136
167 167 168 168 169 169 169 169 169 169 169 168 168 168 168 167 167 166 166 165 165 165 164 164 163 163 163 163 163 162 162 162 161 161 161 161 161 160 160 160 159 159 158 158 158 157 157 157 156 156 155 155 155 154 153 153 153 152 151 152 150 150 150 149 149 148 147 147 146 146 145 144 144 144 143 143 142 141 140 140 139 139 137 137 136
166 166 168 167 168 168 169 168 168 168 168 168 168 168 167 166 166 166 165 165 164 164 164 163 163 163 162 162 162 161 161 161 161 160 160 160 160 159 159 159 159 159 158 157 157 157 156 156 155 155 155 155 154 154 153 153 152 152 151 151 150 150 150 149 148 148 147 147 146 146 145 145 144 143 143 142 142 142 141 140 139 139 138 138 137
167 166 168 167 169 168 169 168 168 168 168 168 168 167 167 167 166 166 165 165 164 164 164 163 163 163 162 162 162 161 161 161 161 160 160 160 160 159 159 159 159 158 158 158 157 157 156 156 155 155 154 154 154 154 153 153 152 152 151 151 150 150 149 149 148 148 147 147 146 146 145 145 144 143 143 142 142 141 141 140 139 139 138 138 136
166 165 167 167 168 167 168 168 168 168 167 167 167 167 166 166 166 165 165 165 164 164 163 163 162 162 162 161 161 161 161 161 160 160 159 159 159 159 158 158 158 157 157 156 156 156 156 155 155 155 154 154 153 153 153 152 152 152 151 150 150 150 149 149 148 148 147 147 146 146 145 145 144 143 143 143 142 141 141 140 140 139 138 138 137
166 166 167 167 168 167 168 168 168 167 167 167 167 167 166 166 166 165 165 164 164 163 163 163 163 162 161 161 161 161 161 160 160 160 159 159 159 158 158 158 158 157 156 156 156 156 155 155 155 155 154 154 153 153 152 152 151 151 150 150 150 150 149 149 148 147 147 146 146 145 145 144 144 143 143 142 142 141 141 140 140 139 138 138 137
165 165 166 166 167 167 167 167 167 167 167 166 166 166 165 165 164 164 164 163 163 163 162 162 162 161 161 160 160 160 160 160 159 159 159 158 158 158 157 157 157 156 156 156 156 155 155 155 154 154 153 153 153 152 152 152 151 151 150 150 149 149 148 148 147 147 146 146 145 145 144 144 143 143 142 142 142 141 141 141 140 139 139 138 137
165 165 166 166 167 167 167 167 167 167 167 167 166 166 166 165 164 164 164 163 163 162 162 162 162 161 161 160 160 160 160 159 159 159 158 158 158 158 157 157 157 156 156 156 156 155 155 155 154 154 153 153 153 152 152 152 151 150 150 150 149 149 148 148 147 147 146 146 145 145 144 144 143 143 142 142 141 141 141 140 139 139 139 138 137
165 164 165 165 166 166 167 166 166 166 166 166 165 165 165 164 164 163 163 163 162 162 161 161 160 160 160 160 159 159 159 159 158 158 158 158 157 157 156 156 156 156 155 155 155 154 154 154 153 153 152 152 152 151 151 151 150 150 149 149 148 148 147 147 146 146 146 145 145 145 144 144 143 143 142 142 141 141 141 140 139 139 138 138 137
165 165 166 165 167 166 167 166 166 166 166 166 165 165 165 164 164 163 163 163 162 162 161 161 160 160 160 160 159 159 159 159 158 158 158 157 157 157 156 156 156 156 155 155 154 154 154 153 153 153 152 152 152 151 151 150 150 150 149 149 148 148 147 147 146 146 146 145 145 144 144 144 143 143 142 142 141 140 140 140 139 139 138 138 137
164 164 165 165 166 165 166 166 166 165 165 165 164 164 164 164 163 163 162 162 161 161 160 160 160 160 159 159 158 158 158 157 157 157 157 156 156 156 155 155 155 155 154 154 153 153 153 153 152 152 151 151 151 150 150 150 149 149 148 148 147 147 147 146 146 146 145 145 144 144 143 143 142 142 141 141 141 141 140 140 139 139 138 138 137
164 164 165 165 165 166 166 166 165 165 165 165 164 164 163 163 163 163 162 162 161 161 160 160 160 160 159 159 158 158 158 157 157 157 157 156 156 155 155 155 155 154 154 154 153 153 153 153 152 152 151 151 151 150 150 150 149 149 148 148 147 147 147 147 145 146 145 145 144 144 143 142 142 142 141 141 141 141 140 139 139 139 138 138 137
163 163 164 164 165 165 165 164 165 164 164 164 164 163 163 162 162 161 161 161 160 160 159 159 159 158 158 157 157 157 157 156 156 156 156 155 155 155 154 154 153 154 153 153 152 152 152 151 151 150 150 150 150 149 149 149 148 148 147 147 147 146 146 145 145 145 144 144 143 143 142 142 141 141 141 141 140 140 139 139 138 138 138 137 137
163 163 164 164 165 165 165 164 165 165 164 164 164 163 163 163 162 162 161 161 160 160 159 159 159 158 158 157 157 157 157 156 156 156 156 155 155 155 154 154 154 154 153 153 152 152 151 151 151 150 150 150 149 149 148 149 148 148 147 147 146 146 145 145 145 145 144 144 143 143 142 142 141 141 141 140 140 140 139 139 138 138 138 137 137
162 162 163 163 164 164 164 164 164 163 163 163 163 162 162 161 161 160 160 160 160 159 158 158 157 157 157 156 156 156 156 155 155 154 154 154 154 154 153 153 153 152 152 152 151 151 151 150 150 150 149 149 148 148 148 148 147 147 146 146 145 145 145 145 144 144 143 143 142 142 142 141 141 141 140 140 139 139 139 138 138 138 137 137 136
163 162 163 163 164 164 164 164 164 163 163 163 162 162 162 161 161 160 160 159 159 159 158 158 158 157 157 157 156 156 156 155 155 155 154 154 154 153 153 153 152 152 152 152 151 151 151 150 150 150 150 149 148 148 148 148 147 147 146 146 145 145 145 144 144 143 143 143 142 142 141 141 141 141 140 140 139 139 138 138 138 138 137 137 136
162 161 163 162 163 163 163 163 163 163 162 162 161 161 161 160 160 159 159 159 158 158 157 157 157 156 156 155 155 155 154 154 154 154 153 153 152 152 152 152 152 151 150 150 150 150 149 149 149 148 148 148 147 147 147 146 146 146 145 145 144 144 144 143 143 142 142 142 142 141 141 141 140 140 139 139 139 138 138 138 137 137 137 136 136
162 162 162 162 163 163 163 163 163 163 162 162 162 161 161 160 160 159 159 159 158 158 157 157 156 156 156 155 155 155 154 154 154 153 153 153 153 152 152 152 151 151 151 150 150 150 149 149 149 148 148 148 147 147 147 146 146 146 145 145 144 144 144 143 143 142 142 142 141 141 141 140 140 140 139 139 138 138 138 138 137 137 136 136 136
