4.asc
ncols        384
nrows        456
xllcorner    93.000000000000
yllcorner    -8.000000000000
cellsize     0.041666666667
NODATA_value 0
[rows 148 to 184 of 456, columns 85 to 169 of 384]
731 737 737 766 762 763 682 721 724 767 733 748 763 798 798 850 860 895 864 924 922 955 936 977 948 954 957 981 977 959 1000 963 968 1000 988 997 976 1004 989 1012 1019 1020 997 1000 1036 1043 1021 1052 1021 1027 1004 1067 1048 1036 1030 1037 1031 1036 1033 1037 1045 1067 1046 1051 1037 1067 1049 1050 1052 1050 1064 1082 1037 1033 1055 1058 1048 1057 1057 1030 1040 1067 1043 1040 1022
708 735 722 761 761 730 731 725 757 774 755 770 797 811 822 832 873 903 901 920 920 932 919 962 964 953 966 978 962 971 971 948 946 982 989 972 999 989 992 1018 965 996 980 1007 1004 1018 1018 1035 1058 1032 1036 1050 1054 1024 1030 1036 1027 1048 1047 1042 1033 1053 1034 1027 1051 1060 1035 1029 1052 1044 1058 1076 1057 1036 1056 1081 1072 1047 1064 1045 1043 1069 1070 1026 1019
694 688 730 741 739 730 735 734 742 766 784 798 812 849 849 843 868 904 867 902 878 922 904 950 962 928 947 951 962 956 965 978 979 970 998 997 981 1014 973 999 989 993 1031 1023 1007 1020 1035 1024 1028 1014 998 1022 1009 1031 1010 1049 1039 1016 1021 1036 1040 1029 1029 1019 1032 1039 1023 1046 1042 1042 1017 1073 1064 1048 1058 1064 1059 1023 1028 1053 1046 1041 1041 1009 1012
713 714 722 717 753 727 685 733 745 765 792 797 802 876 834 885 900 895 901 872 857 895 922 926 950 922 924 982 957 977 946 999 1000 977 978 985 999 1005 996 1015 992 1002 993 1017 1011 1043 1043 1035 1024 1027 1026 1018 1007 1010 1010 1050 1040 1018 1027 1028 1040 1024 1024 1045 1032 1037 1011 1037 1042 1026 1022 1045 1042 1045 1039 1061 1069 1056 1040 1034 1040 1041 1030 1009 1008
689 676 686 713 720 709 712 747 728 709 709 737 758 816 860 923 870 866 841 816 785 843 907 912 931 947 958 980 961 975 981 998 967 987 999 1007 979 982 993 1001 981 1022 983 985 1004 982 1014 1003 1000 1027 1003 1029 1019 1003 982 1005 1019 1004 1011 1003 1014 1038 1039 1039 997 1045 1032 1024 1027 1033 1030 1034 1045 1037 1045 1033 1031 1037 1049 1025 1025 992 1012 1012 1003
605 667 698 749 717 726 719 762 739 751 747 705 748 818 798 838 852 850 825 870 791 807 862 913 933 927 945 949 949 965 981 987 998 987 987 974 978 982 982 988 1001 997 995 997 989 998 1017 1021 1012 1001 1000 1023 1019 1031 1003 1007 1005 1026 1036 1023 1034 1036 1026 1023 1033 1057 1047 1017 1041 1057 1027 1033 1039 1036 1032 1025 1031 1032 1040 1040 1035 999 999 1011 998
606 610 681 737 713 689 706 704 678 675 680 733 710 799 824 829 803 803 796 842 843 855 820 909 942 947 961 941 951 979 971 967 979 999 987 985 985 973 975 1000 993 992 1006 984 995 987 987 993 996 1018 1012 1008 1007 1004 986 1031 1019 1000 1015 987 995 997 1032 1033 1053 1031 1032 1036 1013 1036 1034 989 989 1040 1015 1039 1025 1019 1010 1037 1021 997 1003 994 994
609 629 650 693 672 691 670 685 682 674 711 771 787 792 808 862 825 795 790 841 834 832 880 930 959 960 945 966 961 986 973 980 980 991 999 1002 1002 989 989 999 999 986 1005 1004 987 1016 1008 1008 1008 999 984 1007 1007 995 1004 1019 1019 1057 1035 1009 1021 1029 1022 1037 1012 1013 1005 1040 1036 1019 1042 1046 1034 1008 1004 1032 1037 1014 1029 1016 1028 1000 1005 991 984
676 659 678 651 637 668 674 771 740 748 723 774 822 808 819 832 850 799 797 788 786 812 876 929 950 945 973 977 979 978 972 971 973 989 973 992 995 987 982 1002 1018 983 986 1010 1019 983 1009 1008 1007 1017 996 1000 1010 1016 1016 999 978 1017 1010 1010 998 1034 1026 1000 1007 1006 995 1015 1036 1018 1000 1048 1048 1024 1014 1023 1032 1024 1020 982 999 1004 997 979 1000
713 680 658 685 662 685 671 732 715 744 753 804 807 837 837 875 901 857 795 796 841 857 884 928 888 919 893 984 961 962 962 962 969 989 991 1001 990 978 986 1013 1016 1000 1011 1035 989 1006 986 1001 1000 991 1005 1000 1008 981 986 1001 1006 992 1005 1008 1017 1014 1015 1004 1007 1024 1018 1021 1000 1009 989 1051 1051 1015 1015 1029 1023 1013 1004 1010 985 998 1010 1000 992
587 671 679 658 673 668 660 702 651 710 753 825 804 839 832 861 829 829 749 763 816 872 894 917 903 880 898 904 984 989 975 959 987 968 970 968 987 996 1003 1009 996 1007 998 987 1012 991 987 999 1001 1007 1002 976 982 996 997 1005 1000 1002 1000 1008 998 996 984 998 1013 1022 985 1022 1047 966 970 1027 1019 1019 1003 996 1011 1008 1000 978 981 970 970 989 974
625 611 620 613 589 628 657 644 640 651 715 758 777 816 806 825 848 741 758 785 816 837 863 890 891 921 913 940 941 967 948 966 967 975 973 1002 984 980 980 1012 996 996 1012 1003 1025 984 998 973 997 977 996 995 981 996 998 1004 993 989 1014 994 1013 998 1007 1005 986 996 1016 1015 1017 1029 1001 999 1005 1031 1020 1001 1004 1009 1008 984 984 965 960 978 974
598 657 642 697 634 633 614 613 592 619 633 761 715 771 809 817 790 796 721 718 751 785 821 863 845 914 929 989 975 917 960 960 997 994 1001 977 978 978 965 1005 987 1011 1011 990 1002 998 1005 980 1003 1003 996 991 982 1009 1012 989 989 984 998 996 1000 991 980 1016 1016 1015 1004 994 986 991 1008 981 994 1005 978 997 1010 988 988 1001 962 982 970 966 966
690 691 687 646 625 600 620 608 596 613 645 685 713 721 778 753 733 774 789 719 694 767 814 844 902 859 886 908 941 951 988 986 986 993 1010 1002 993 993 979 989 994 996 1015 984 986 1005 1007 994 994 1005 1025 989 989 1002 1008 1009 989 1005 998 993 1008 1032 991 991 1016 1015 1010 993 985 1012 991 985 985 985 985 990 997 996 996 1004 1001 982 982 987 984
671 670 615 618 633 624 588 644 678 661 645 649 656 677 681 699 692 723 739 758 694 686 790 817 851 913 905 919 881 937 926 963 969 988 976 961 996 997 982 1018 1002 1027 1016 981 981 1000 972 1004 986 981 997 982 982 999 990 978 987 997 1023 986 973 1002 998 1007 1013 995 995 972 1004 991 1020 994 985 999 981 983 985 989 989 1000 986 976 984 969 978
670 682 652 670 655 655 626 630 665 745 720 704 653 691 716 716 668 660 648 735 721 672 786 863 878 858 910 911 857 888 960 979 984 1002 964 987 958 1005 997 1010 989 1015 1002 992 973 986 972 1023 1001 992 992 994 994 1012 995 1026 976 1016 996 986 986 985 984 1010 1007 995 995 974 961 1020 997 1013 1005 987 991 999 970 990 1000 975 989 993 973 968 965
720 700 668 753 691 705 689 655 656 776 725 738 715 675 676 753 732 687 733 732 689 706 762 827 853 884 902 946 883 914 968 957 975 1011 1004 998 984 983 992 978 978 1012 1010 1007 1008 993 980 1005 1021 1003 975 1016 1013 998 1018 1001 1035 995 1011 1002 988 992 1014 997 1006 997 985 971 976 965 981 998 987 984 990 955 964 964 964 990 976 940 941 958 958
766 795 748 746 750 717 656 629 673 761 722 742 742 752 702 764 786 777 741 713 703 750 780 835 851 853 827 882 885 860 872 936 952 989 990 969 969 986 968 986 988 998 1005 1001 1006 1007 1007 1033 1019 995 1003 1016 1002 999 988 1002 1054 1025 1005 1006 985 1014 992 997 1007 1017 997 990 973 978 967 984 986 993 973 976 976 973 972 971 971 943 990 971 989
761 785 758 747 673 750 735 715 696 757 729 779 759 763 742 737 724 753 786 750 730 772 785 816 843 835 782 848 853 822 815 867 924 986 976 996 990 999 990 1009 962 983 983 997 1004 1012 995 996 995 1030 1031 1008 1007 1035 1018 995 977 981 973 1030 995 993 993 991 1015 1010 1000 986 984 986 997 980 989 971 958 950 965 952 941 968 975 977 977 968 968
761 818 777 795 749 668 680 727 727 718 707 696 709 707 727 735 744 810 763 814 769 741 739 725 768 807 757 812 807 838 797 858 879 977 991 989 974 985 1013 1001 988 1026 1034 1017 1009 1010 1010 1026 1019 1002 1007 996 996 1030 1019 1023 998 981 956 1019 985 989 993 1004 992 1020 1003 986 976 990 1008 971 981 989 970 959 964 968 950 995 995 967 956 972 985
809 809 802 797 779 729 705 683 731 702 657 662 624 646 656 659 654 712 765 779 766 748 752 682 694 738 759 791 796 855 834 774 814 930 957 983 995 978 998 993 1011 1014 1026 1018 1035 1031 1020 1014 1009 1021 1010 1036 1034 978 988 1040 1013 1038 998 974 989 1010 997 988 983 1000 990 971 965 976 990 973 982 1001 990 989 969 945 984 983 971 963 960 943 938
762 786 805 802 777 806 746 774 741 707 710 693 645 680 638 638 621 624 693 782 734 735 728 717 721 736 786 826 776 835 881 804 777 898 922 985 998 998 996 996 999 1041 1007 1032 1024 1020 1010 1013 1013 1024 1005 1031 1020 989 1023 1021 1040 1018 1023 1018 991 1019 1007 995 989 1007 997 995 992 985 966 983 981 981 989 1004 989 964 954 940 957 952 960 953 938
757 818 820 819 794 785 758 791 749 756 711 738 680 634 612 638 636 655 678 724 710 739 718 711 769 775 784 774 780 766 850 858 807 871 908 992 998 972 985 1022 1006 997 989 994 1007 1006 1007 984 984 1018 1028 1019 1014 1026 1025 1002 995 1023 1020 1012 1025 1024 996 997 1006 995 984 988 997 981 1008 977 1010 982 1004 963 983 965 968 938 949 955 964 960 951
783 825 788 822 800 752 737 755 702 710 710 652 662 607 616 607 608 661 671 698 646 699 738 765 757 737 725 740 786 769 771 816 805 838 901 976 998 977 977 986 989 1004 992 989 989 1009 1025 1005 989 1021 1028 1011 1014 1010 1026 1017 1021 1007 1024 1027 1002 967 996 1006 1003 1003 989 991 1002 990 1007 991 971 974 984 971 981 945 980 957 936 972 955 949 949
782 807 815 817 842 813 738 761 759 715 697 634 615 619 611 564 593 607 634 628 663 653 654 765 823 761 690 761 761 703 689 734 734 856 878 974 975 990 986 991 1007 1006 1006 1029 1022 1011 1027 1013 1013 1026 1026 1021 1008 1035 1049 1026 1032 1012 1004 1039 1032 1003 992 1011 1022 1023 1005 984 982 961 964 966 984 970 987 959 961 953 959 941 943 953 924 968 978
790 805 812 814 855 826 832 772 773 783 714 626 650 687 636 597 591 602 602 617 621 646 599 682 768 836 757 705 708 669 691 698 718 855 886 920 946 986 972 977 978 995 998 1019 1035 1018 1018 1011 1020 1040 1040 1044 1022 1048 1029 1033 1026 1020 1028 1026 1014 1017 1009 999 1022 1014 1005 1013 977 978 996 988 970 974 970 959 960 953 944 976 957 943 943 944 952
785 803 803 828 843 826 836 802 778 800 740 694 727 702 602 587 600 607 634 634 577 620 616 654 692 809 775 725 676 643 646 681 743 759 891 894 935 984 956 975 975 986 994 1023 1023 1017 1017 1048 1019 1035 1033 1038 1044 1038 1038 1046 1033 1013 999 1013 1013 1015 994 994 994 1005 1010 1000 968 970 973 985 980 951 964 958 955 953 955 952 968 965 944 927 927
802 833 807 830 819 855 840 834 815 794 793 703 762 660 610 573 581 633 678 638 576 610 600 632 721 717 854 798 731 678 641 700 788 799 849 874 934 978 973 983 989 988 986 1019 1032 1026 1026 1039 1037 1049 1049 1041 1050 1061 1044 1032 1037 1016 1016 1028 1020 1009 1007 1001 994 988 1005 991 983 984 984 991 980 971 958 934 946 945 954 942 945 974 962 944 934
835 833 867 869 829 837 845 875 855 848 830 787 729 649 610 622 591 659 645 600 564 577 618 631 687 744 762 865 808 762 677 657 734 785 856 855 896 966 947 986 983 993 982 1010 1032 1056 1057 1036 1048 1048 1053 1072 1053 1026 1038 1036 1046 1026 1027 1012 1020 1024 1029 1004 991 992 990 1017 993 975 975 970 976 963 942 957 935 936 944 937 929 953 956 946 933
-32768 -32768 -32768 -32768 -32768 -32768 846 864 855 850 837 784 763 689 643 646 618 669 609 592 578 594 603 602 606 648 671 783 863 829 748 678 726 754 793 850 896 933 966 975 989 978 995 1018 998 1021 1018 1056 1050 1027 1027 1024 1033 1039 1016 1030 1029 1030 1021 1010 1011 1015 1030 1014 1005 992 981 980 1007 966 967 984 986 955 966 956 973 929 925 947 918 948 942 928 924
-32768 -32768 -32768 -32768 -32768 -32768 -32768 -32768 875 833 833 799 741 704 683 642 678 632 619 610 594 578 579 602 602 628 717 769 823 894 826 736 663 724 795 818 865 948 967 964 997 989 994 1014 1008 1034 1044 1051 1033 1047 1067 1090 1080 1074 1041 1043 1036 1023 1021 1014 1007 994 995 1036 1015 989 982 1002 1004 974 969 967 981 953 966 973 947 954 934 921 937 889 918 928 920
-32768 -32768 -32768 -32768 -32768 -32768 -32768 -32768 -32768 868 844 842 806 758 715 700 679 618 660 641 622 594 572 611 616 673 727 719 793 896 896 821 706 676 780 824 887 918 953 996 974 987 982 1024 1035 1033 1028 1035 1051 1051 1051 1077 1059 1056 1065 1035 1034 1030 1030 1014 1027 1010 995 1036 1030 999 1007 994 1003 987 966 957 966 974 966 959 956 967 936 927 911 917 916 928 927
-32768 -32768 -32768 -32768 -32768 -32768 -32768 -32768 -32768 -32768 874 828 798 759 723 701 634 665 713 643 583 600 584 604 620 660 666 678 733 814 906 889 771 700 729 815 833 885 935 957 996 988 967 994 997 1014 1016 1033 1023 1056 1046 1036 1040 1040 1013 1027 1036 1007 1025 1002 1011 998 980 1003 1014 998 981 984 980 969 969 951 949 960 977 945 935 917 914 933 931 904 929 904 909
-32768 -32768 -32768 -32768 -32768 -32768 -32768 -32768 -32768 -32768 -32768 822 813 773 713 679 700 730 649 679 672 684 624 615 625 638 653 647 720 802 916 910 870 737 747 794 837 855 930 987 966 966 986 994 992 995 988 1001 996 1045 1056 1029 1040 1026 1024 1027 1035 1016 1009 1027 1018 1004 991 1011 1027 1004 996 984 974 970 972 950 957 957 956 956 959 926 927 950 926 912 916 890 911
-32768 -32768 -32768 -32768 -32768 -32768 -32768 -32768 -32768 -32768 -32768 -32768 823 802 771 736 730 753 723 685 680 691 603 584 618 659 681 657 666 702 828 908 900 760 734 713 769 773 894 955 951 955 971 955 949 966 986 1014 976 992 1003 1024 1032 1011 998 1022 1012 1031 1050 1013 1016 1008 1000 994 1007 1005 990 978 978 1020 990 956 978 946 922 930 949 925 933 917 924 917 920 918 922
-32768 -32768 -32768 -32768 -32768 -32768 -32768 -32768 -32768 -32768 -32768 -32768 -32768 809 764 735 744 785 793 735 732 778 633 649 626 625 630 647 657 669 752 884 881 826 693 709 769 805 833 866 933 941 911 914 918 919 966 952 963 962 982 986 1003 978 1018 1023 1026 1031 1056 1027 984 998 1007 982 986 987 994 988 978 1000 1014 972 925 943 932 930 939 937 932 935 916 909 926 906 918
-32768 -32768 -32768 -32768 -32768 -32768 -32768 -32768 -32768 -32768 -32768 -32768 -32768 832 809 743 673 759 776 728 728 734 692 671 639 643 610 633 620 674 745 843 880 902 814 739 777 844 862 876 867 875 859 796 829 870 874 871 862 936 942 985 983 985 977 1006 1033 1011 1011 996 987 990 988 980 963 970 957 955 943 964 958 953 937 926 916 927 927 932 930 934 953 915 911 914 900
