4.asc
ncols        384
nrows        456
xllcorner    93.000000000000
yllcorner    -8.000000000000
cellsize     0.041666666667
NODATA_value 0
[rows 0 to 36 of 456, columns 170 to 254 of 384]
2106 2110 2140 2125 2131 2131 2136 2125 2133 2124 2131 2120 2140 2134 2129 2131 2120 2090 2069 2063 2088 2083 2062 2062 2070 2077 2078 2044 2029 2015 1997 2016 2017 2022 2016 2006 1984 1997 1950 1966 1967 1965 1927 1929 1912 1923 1922 1908 1871 1857 1876 1861 1816 1841 1824 1813 1776 1786 1753 1748 1759 1748 1708 1707 1671 1672 1669 1668 1684 1654 1615 1618 1602 1623 1587 1566 1564 1535 1551 1567 1535 1518 1508 1521 1517
2121 2109 2124 2156 2141 2128 2133 2122 2140 2140 2141 2137 2127 2116 2118 2124 2103 2096 2096 2082 2074 2075 2084 2062 2075 2088 2073 2051 2043 2028 2022 2030 2030 2023 2030 2005 1997 1998 1964 1979 1967 1962 1932 1927 1916 1925 1908 1909 1871 1849 1865 1848 1846 1842 1822 1797 1789 1779 1753 1753 1739 1745 1708 1709 1684 1697 1683 1695 1642 1648 1610 1592 1583 1604 1581 1557 1550 1573 1553 1545 1509 1532 1533 1531 1506
2114 2122 2139 2132 2152 2129 2137 2136 2136 2158 2126 2139 2140 2132 2132 2114 2125 2112 2122 2127 2093 2077 2085 2085 2106 2075 2068 2068 2061 2019 1998 2001 2018 2008 1993 1981 1980 1980 1995 1968 1954 1971 1955 1945 1932 1949 1933 1936 1862 1874 1890 1885 1852 1841 1828 1818 1757 1767 1763 1767 1747 1753 1750 1754 1710 1692 1677 1673 1662 1656 1644 1639 1605 1599 1566 1594 1590 1560 1538 1566 1554 1550 1542 1520 1520
2135 2106 2136 2132 2137 2137 2145 2130 2158 2156 2152 2138 2123 2132 2135 2134 2136 2114 2106 2100 2081 2067 2081 2067 2047 2041 2046 2069 2061 2030 2012 2013 2020 2017 2001 1989 1994 1980 1981 1947 1944 1951 1931 1920 1933 1932 1915 1883 1873 1865 1865 1865 1843 1841 1808 1812 1771 1763 1763 1783 1751 1741 1734 1721 1698 1688 1657 1668 1670 1664 1623 1636 1603 1632 1603 1598 1573 1559 1560 1537 1563 1561 1553 1533 1532
2135 2144 2152 2145 2143 2143 2173 2162 2136 2142 2175 2149 2130 2123 2134 2135 2129 2095 2077 2062 2080 2073 2100 2072 2034 2034 2048 2061 2046 2013 2012 2013 2001 2021 2013 1994 1979 1974 1984 2006 1993 1994 1942 1937 1932 1942 1923 1907 1879 1883 1875 1876 1849 1857 1825 1840 1811 1795 1786 1789 1765 1765 1733 1733 1709 1714 1682 1703 1685 1663 1658 1670 1640 1661 1619 1600 1625 1601 1569 1591 1535 1526 1520 1532 1527
2134 2130 2153 2155 2156 2149 2165 2150 2136 2104 2150 2172 2141 2130 2137 2126 2129 2095 2082 2074 2080 2060 2099 2093 2053 2047 2045 2046 2038 2059 2046 2013 2006 2006 1984 2000 1982 1972 1997 1988 1993 1994 1959 1937 1945 1938 1923 1917 1892 1875 1878 1888 1849 1838 1821 1821 1795 1798 1781 1768 1761 1765 1745 1734 1709 1714 1684 1682 1668 1660 1651 1664 1631 1610 1592 1609 1589 1591 1585 1570 1550 1545 1507 1520 1479
2133 2143 2171 2158 2164 2132 2149 2148 2142 2147 2137 2145 2156 2118 2114 2111 2101 2134 2134 2093 2080 2060 2085 2092 2066 2047 2058 2050 2037 2026 2038 2020 2044 2044 2025 2003 1994 1991 2015 2013 1965 1955 1971 1963 1944 1946 1922 1919 1889 1909 1888 1892 1852 1837 1829 1833 1835 1835 1819 1798 1806 1802 1763 1741 1720 1717 1674 1686 1698 1684 1653 1668 1652 1657 1620 1597 1604 1616 1582 1577 1565 1573 1557 1529 1533
2145 2121 2155 2163 2177 2178 2157 2169 2176 2148 2151 2134 2142 2153 2123 2122 2113 2129 2134 2134 2094 2080 2085 2085 2092 2061 2061 2045 2041 2029 2038 2025 2038 2038 2047 2033 1993 1972 1967 1974 1977 1961 1958 1956 1944 1940 1918 1919 1888 1909 1904 1892 1868 1844 1844 1842 1833 1827 1826 1812 1792 1782 1720 1739 1719 1718 1699 1696 1691 1677 1638 1651 1637 1650 1635 1618 1588 1601 1587 1581 1552 1558 1528 1529 1522
2141 2125 2174 2159 2171 2191 2207 2190 2162 2171 2162 2148 2154 2171 2152 2130 2116 2139 2114 2107 2121 2100 2092 2092 2078 2066 2053 2024 2021 2032 2022 2032 2007 2016 2022 2005 1996 2000 1981 1997 1973 1966 1956 1957 1948 1942 1932 1932 1926 1908 1909 1904 1860 1847 1848 1856 1852 1866 1812 1800 1786 1789 1780 1780 1733 1726 1730 1724 1710 1694 1699 1692 1666 1666 1652 1640 1614 1630 1568 1599 1531 1559 1536 1552 1554
2145 2127 2165 2172 2155 2167 2178 2162 2174 2173 2167 2148 2151 2154 2136 2120 2106 2103 2122 2113 2094 2115 2112 2108 2094 2067 2042 2026 2013 2013 2026 2022 2025 2010 2022 2007 2016 2005 1980 1984 1972 1972 1957 1955 1926 1928 1932 1931 1905 1907 1884 1902 1877 1846 1836 1849 1835 1835 1806 1807 1791 1798 1780 1781 1732 1737 1738 1735 1701 1681 1681 1706 1639 1633 1626 1633 1589 1626 1603 1602 1545 1551 1547 1552 1530
2185 2147 2175 2189 2192 2174 2164 2157 2173 2168 2167 2157 2140 2133 2151 2116 2120 2122 2125 2097 2084 2076 2087 2086 2064 2091 2060 2036 2033 2038 2037 2035 2018 2010 2010 2000 1995 1992 1985 2010 1946 1946 1954 1970 1956 1936 1930 1937 1943 1920 1918 1914 1890 1859 1866 1868 1844 1847 1837 1835 1775 1809 1787 1792 1785 1791 1726 1736 1707 1708 1693 1698 1688 1668 1656 1664 1630 1631 1600 1615 1590 1600 1557 1533 1539
2160 2158 2157 2151 2185 2194 2193 2164 2167 2194 2167 2176 2153 2131 2138 2171 2120 2123 2127 2104 2084 2082 2080 2062 2069 2072 2056 2052 2027 2032 2037 2046 2032 2029 2017 1994 1968 1975 1987 1992 1960 1946 1941 1941 1956 1944 1930 1930 1931 1919 1903 1915 1888 1858 1852 1859 1852 1854 1838 1841 1789 1782 1764 1780 1764 1781 1763 1749 1696 1698 1711 1693 1676 1678 1663 1643 1612 1620 1620 1626 1606 1572 1591 1583 1559
2184 2173 2203 2154 2165 2179 2193 2193 2200 2174 2159 2164 2150 2147 2153 2172 2153 2136 2120 2105 2096 2102 2102 2088 2074 2056 2064 2075 2049 2060 2038 2038 2027 2037 2037 2033 2016 2009 2002 2008 2003 1959 1960 1954 1961 1961 1954 1935 1935 1936 1916 1923 1894 1860 1859 1884 1872 1875 1856 1855 1795 1802 1802 1799 1780 1785 1751 1751 1726 1728 1698 1719 1696 1680 1663 1655 1641 1628 1632 1632 1614 1600 1587 1577 1577
2158 2148 2173 2177 2171 2160 2155 2177 2173 2160 2173 2157 2135 2142 2162 2139 2138 2138 2109 2118 2102 2095 2091 2082 2063 2082 2044 2084 2036 2047 2048 2015 2014 2041 2040 2051 2020 2001 2002 2008 2003 1965 1973 1966 1973 1975 1964 1947 1961 1934 1900 1921 1902 1872 1870 1866 1860 1862 1864 1844 1807 1803 1804 1799 1786 1785 1770 1763 1742 1754 1698 1720 1689 1701 1666 1660 1639 1640 1616 1616 1590 1622 1591 1562 1578
2183 2183 2186 2199 2201 2193 2168 2164 2167 2167 2152 2156 2157 2157 2160 2165 2150 2136 2121 2088 2113 2113 2085 2082 2076 2071 2072 2098 2071 2058 2035 2025 2027 2014 2033 2059 2029 2021 2001 2022 2029 2013 1974 1967 1972 1973 1975 1959 1934 1947 1928 1940 1917 1898 1889 1870 1852 1853 1847 1839 1839 1842 1821 1817 1812 1790 1777 1758 1745 1747 1736 1761 1717 1721 1675 1677 1695 1677 1647 1650 1617 1626 1640 1640 1588
2175 2175 2188 2189 2191 2199 2181 2166 2164 2167 2160 2153 2157 2156 2176 2165 2130 2122 2123 2104 2120 2113 2091 2096 2071 2071 2092 2105 2073 2071 2048 2024 2008 2020 2047 2045 2001 2001 2008 2008 2020 2007 1979 1960 1978 1973 1947 1934 1932 1934 1917 1928 1917 1905 1891 1856 1851 1864 1854 1859 1834 1836 1823 1817 1791 1810 1759 1755 1756 1767 1730 1717 1734 1711 1666 1666 1691 1679 1640 1660 1617 1628 1616 1628 1578
2164 2186 2188 2174 2216 2218 2197 2183 2194 2193 2179 2154 2152 2145 2146 2134 2127 2115 2160 2131 2097 2100 2085 2098 2086 2093 2097 2069 2049 2056 2043 2021 2029 2039 2045 2044 2015 1981 2035 2018 1986 1986 2015 1999 1966 1980 1974 1976 1923 1940 1938 1950 1936 1925 1885 1885 1878 1866 1868 1870 1845 1844 1842 1840 1818 1827 1799 1789 1755 1757 1745 1723 1708 1718 1694 1694 1683 1698 1672 1655 1635 1661 1627 1632 1630
2160 2183 2196 2179 2203 2177 2182 2185 2208 2180 2171 2140 2166 2145 2146 2139 2123 2100 2146 2144 2109 2101 2092 2077 2093 2087 2092 2076 2049 2056 2048 2043 2042 2021 2021 2032 2008 2002 2027 2040 1986 1999 2015 2010 1964 1966 1994 1971 1934 1953 1910 1923 1948 1938 1899 1891 1877 1885 1875 1875 1856 1870 1854 1853 1806 1803 1792 1771 1762 1763 1733 1745 1727 1751 1713 1694 1659 1659 1666 1669 1670 1683 1621 1635 1615
2194 2152 2176 2187 2202 2191 2202 2193 2189 2168 2188 2189 2167 2136 2128 2148 2108 2108 2150 2141 2104 2094 2073 2083 2081 2075 2091 2076 2056 2056 2067 2063 2049 2014 2008 2015 2055 2043 2029 2027 2018 2011 2032 2005 1992 2000 1986 1969 1956 1961 1956 1944 1938 1929 1918 1923 1914 1910 1914 1911 1879 1862 1828 1826 1810 1812 1813 1787 1795 1795 1799 1799 1757 1754 1715 1704 1716 1714 1704 1702 1685 1668 1648 1648 1651
2196 2160 2176 2194 2188 2207 2183 2192 2183 2177 2186 2175 2186 2152 2157 2136 2125 2109 2150 2134 2140 2097 2099 2088 2103 2090 2078 2063 2056 2056 2054 2049 2036 2028 2008 2009 2022 2024 2016 2001 2014 2032 2007 2007 2005 2005 1986 1977 1960 1965 1943 1951 1938 1935 1924 1923 1925 1911 1899 1885 1872 1855 1829 1815 1815 1820 1813 1805 1788 1783 1780 1773 1744 1739 1720 1702 1708 1715 1725 1722 1686 1662 1655 1676 1655
2177 2183 2193 2200 2211 2207 2199 2205 2206 2193 2185 2181 2210 2158 2162 2147 2150 2131 2125 2119 2117 2105 2094 2097 2102 2096 2094 2079 2080 2064 2065 2064 2056 2029 2031 2039 2013 2030 2021 2028 2005 2009 2023 2022 2011 2002 1974 1967 1990 1965 1950 1962 1956 1933 1937 1941 1924 1910 1900 1906 1859 1855 1866 1861 1831 1832 1841 1835 1790 1807 1767 1765 1747 1762 1721 1733 1711 1724 1718 1718 1700 1727 1690 1671 1645
2174 2178 2193 2200 2183 2209 2199 2183 2190 2170 2200 2169 2179 2146 2169 2152 2149 2137 2109 2111 2117 2111 2094 2094 2096 2096 2087 2085 2094 2080 2091 2084 2069 2050 2015 2015 2013 2037 2021 2035 2019 2003 2023 2009 2004 1982 1982 1971 1964 1951 1963 1962 1976 1931 1939 1961 1909 1910 1926 1907 1872 1870 1878 1877 1845 1838 1811 1833 1806 1790 1767 1786 1779 1779 1734 1732 1715 1725 1716 1727 1708 1715 1679 1709 1679
2165 2190 2200 2206 2191 2192 2190 2182 2182 2194 2171 2178 2169 2166 2144 2151 2118 2128 2143 2143 2118 2107 2096 2096 2083 2106 2116 2086 2105 2081 2089 2072 2076 2072 2032 2034 2044 2052 2044 2045 2024 2014 2009 1990 1978 1978 1983 1970 1982 1979 1978 1968 1958 1939 1935 1938 1926 1924 1901 1909 1875 1870 1891 1876 1857 1850 1842 1844 1809 1816 1810 1813 1767 1767 1763 1763 1754 1747 1730 1744 1701 1719 1699 1707 1712
2196 2183 2210 2206 2200 2192 2209 2182 2201 2209 2169 2170 2169 2171 2140 2169 2158 2134 2122 2110 2120 2119 2103 2122 2118 2099 2112 2101 2105 2064 2068 2089 2061 2071 2032 2029 2044 2065 2059 2059 2007 2021 1999 2000 1986 1993 1997 1984 1967 1983 1965 1958 1938 1930 1935 1939 1933 1916 1914 1911 1875 1868 1884 1873 1838 1849 1858 1841 1811 1811 1803 1790 1773 1762 1732 1744 1745 1749 1700 1712 1701 1729 1707 1696 1714
2202 2201 2213 2226 2213 2217 2216 2196 2179 2216 2188 2188 2195 2164 2151 2167 2175 2132 2132 2129 2121 2133 2125 2106 2111 2091 2100 2105 2101 2090 2071 2104 2080 2034 2013 2032 2043 2046 2054 2057 2036 2025 2020 2015 2014 2000 1967 1970 1979 1973 1952 1952 1978 1959 1962 1953 1933 1933 1923 1915 1916 1890 1872 1872 1840 1852 1867 1848 1810 1812 1803 1829 1788 1797 1788 1799 1748 1742 1749 1762 1736 1721 1735 1745 1707
2202 2198 2189 2216 2199 2217 2216 2200 2183 2177 2174 2187 2200 2175 2144 2158 2175 2151 2131 2127 2124 2121 2117 2098 2092 2082 2093 2093 2095 2075 2062 2060 2053 2052 2044 2017 2035 2031 2050 2058 2039 2007 2015 2015 2015 2000 1972 1972 1981 1972 1964 1964 1978 1958 1947 1953 1935 1930 1902 1902 1885 1904 1871 1875 1847 1861 1859 1838 1839 1837 1787 1805 1808 1801 1783 1787 1741 1754 1765 1762 1709 1750 1730 1730 1704
2219 2170 2205 2221 2209 2194 2214 2225 2216 2189 2196 2188 2201 2181 2140 2155 2168 2155 2142 2134 2129 2106 2090 2111 2103 2098 2112 2112 2107 2093 2055 2067 2063 2064 2054 2026 2017 2030 2036 2023 2035 2017 2018 2016 2001 2001 1988 1988 1974 1974 1983 1987 1970 1944 1943 1953 1955 1935 1912 1902 1884 1890 1893 1874 1871 1874 1887 1861 1860 1830 1786 1808 1788 1800 1795 1809 1783 1770 1759 1760 1763 1745 1745 1745 1734
2186 2200 2219 2194 2206 2186 2190 2201 2195 2198 2176 2180 2193 2182 2142 2158 2166 2169 2133 2125 2130 2128 2142 2098 2091 2096 2100 2100 2107 2096 2055 2067 2058 2068 2048 2021 2018 2018 2048 2036 2023 2020 2012 2014 2022 2023 2007 1992 1987 1988 1987 1987 1952 1952 1943 1953 1937 1925 1911 1912 1878 1901 1896 1899 1879 1869 1874 1845 1826 1810 1810 1820 1819 1819 1801 1816 1778 1774 1756 1773 1736 1745 1738 1767 1733
2172 2195 2214 2174 2225 2177 2228 2228 2226 2203 2200 2207 2190 2174 2151 2165 2141 2154 2133 2131 2156 2144 2120 2120 2086 2089 2118 2109 2090 2065 2067 2060 2049 2068 2044 2034 2020 2013 2021 2025 2025 2039 2057 2024 2009 2009 2002 1982 1973 1987 1990 1990 1960 1976 1971 1950 1935 1952 1914 1922 1913 1909 1926 1895 1888 1869 1864 1856 1827 1842 1828 1836 1831 1843 1810 1818 1816 1815 1772 1768 1765 1762 1789 1777 1734
2175 2181 2221 2166 2194 2212 2189 2216 2205 2203 2194 2197 2166 2196 2164 2139 2157 2148 2150 2133 2130 2132 2121 2126 2075 2067 2061 2056 2056 2057 2071 2060 2058 2049 2055 2059 2014 2014 2014 2024 2017 2030 2051 2016 1996 1989 1998 1982 1980 1985 1977 1993 1977 1991 1983 1978 1956 1946 1925 1930 1908 1910 1917 1894 1873 1874 1854 1858 1850 1858 1835 1856 1842 1846 1820 1816 1798 1823 1786 1778 1761 1761 1765 1738 1740
2212 2203 2204 2206 2193 2219 2192 2192 2198 2207 2178 2197 2166 2189 2146 2138 2150 2142 2131 2124 2108 2122 2088 2085 2089 2063 2066 2081 2073 2082 2059 2063 2070 2050 2075 2063 2042 2028 2018 2039 2039 2039 2046 2013 2019 1999 2006 2004 2006 1995 1975 1983 1986 1980 1961 1949 1972 1953 1925 1923 1918 1903 1911 1893 1888 1888 1880 1879 1853 1861 1833 1845 1832 1832 1821 1798 1821 1810 1818 1812 1796 1797 1742 1746 1754
2179 2181 2208 2221 2195 2202 2214 2182 2217 2206 2178 2174 2179 2179 2183 2159 2148 2148 2133 2122 2118 2112 2091 2102 2110 2062 2083 2073 2085 2065 2081 2063 2058 2062 2064 2075 2070 2028 2034 2038 2046 2014 2027 2039 2019 2012 1999 1986 2002 1998 1959 1958 1961 1951 1943 1967 1971 1975 1955 1941 1919 1898 1911 1893 1896 1888 1888 1876 1825 1825 1836 1844 1830 1830 1819 1826 1814 1819 1805 1791 1761 1763 1739 1760 1749
2213 2186 2186 2199 2186 2205 2233 2205 2202 2202 2195 2181 2176 2184 2174 2159 2136 2144 2153 2146 2133 2111 2110 2102 2135 2097 2096 2091 2073 2088 2065 2062 2071 2047 2047 2063 2078 2067 2026 2013 2018 2023 1996 2000 2015 2015 2020 2013 1980 1987 1979 1954 1994 1972 1961 1988 1963 1969 1929 1922 1900 1913 1910 1911 1908 1916 1860 1855 1856 1856 1874 1866 1825 1828 1845 1838 1807 1826 1797 1789 1774 1767 1764 1774 1766
2194 2186 2210 2189 2183 2209 2229 2183 2192 2202 2197 2176 2172 2157 2169 2177 2149 2141 2154 2143 2134 2113 2082 2089 2107 2089 2099 2084 2091 2085 2064 2062 2071 2060 2060 2075 2078 2078 2043 2030 2019 2024 2003 2010 2015 2008 2015 2015 1999 1986 1986 1971 1998 1971 1948 1963 1960 1968 1934 1947 1913 1916 1910 1922 1911 1915 1891 1891 1842 1862 1865 1858 1828 1829 1822 1837 1822 1815 1797 1794 1781 1781 1786 1774 1773
2186 2158 2188 2182 2206 2202 2210 2186 2198 2198 2178 2172 2149 2155 2168 2149 2153 2155 2127 2104 2129 2118 2102 2112 2095 2085 2097 2076 2081 2081 2072 2098 2078 2045 2030 2045 2048 2053 2032 2022 2022 2014 2002 2002 1995 2018 2008 2003 1998 1998 1978 1991 1946 1979 1957 1944 1964 1947 1927 1920 1915 1915 1924 1937 1917 1910 1887 1870 1900 1908 1864 1876 1843 1837 1870 1841 1844 1830 1823 1829 1815 1826 1772 1805 1810
2169 2174 2183 2175 2206 2208 2210 2184 2203 2207 2178 2172 2181 2155 2168 2154 2143 2155 2127 2121 2125 2129 2118 2103 2103 2079 2067 2084 2082 2085 2090 2095 2075 2038 2024 2022 2053 2053 2027 2038 2025 2014 2010 2002 1995 2018 2003 1998 1994 1990 1994 1986 1946 1969 1975 1999 1968 1967 1950 1951 1942 1935 1916 1916 1905 1917 1855 1900 1884 1869 1838 1834 1843 1836 1851 1840 1830 1835 1832 1832 1811 1800 1798 1812 1802
2180 2177 2211 2169 2171 2193 2222 2187 2200 2207 2189 2177 2162 2165 2189 2146 2143 2152 2139 2119 2128 2112 2107 2114 2071 2068 2076 2068 2087 2050 2074 2075 2073 2041 2046 2035 2052 2049 2040 2040 2033 2022 2016 2016 2007 2005 2004 2004 1997 1994 1994 2007 1989 1977 1973 1982 1961 1958 1938 1942 1937 1927 1915 1910 1914 1913 1894 1893 1881 1881 1869 1879 1877 1880 1839 1844 1836 1853 1842 1821 1812 1817 1833 1840 1773
