4.asc
ncols        384
nrows        456
xllcorner    93.000000000000
yllcorner    -8.000000000000
cellsize     0.041666666667
NODATA_value 0
[rows 259 to 295 of 456, columns 170 to 254 of 384]
558 567 553 572 587 594 585 575 595 585 597 615 654 642 641 646 663 656 670 651 672 675 694 694 689 708 735 727 723 734 726 732 722 735 770 756 790 760 764 784 807 803 794 798 814 801 777 800 809 809 825 837 823 825 810 828 821 833 834 836 806 786 794 794 803 803 805 805 823 801 808 776 800 773 790 790 769 773 777 789 796 789 797 791 765
553 581 547 562 569 574 594 581 610 613 615 635 607 644 609 613 649 662 634 661 663 658 661 675 710 705 703 703 741 738 709 745 747 755 749 748 750 767 769 784 765 754 782 807 802 802 805 806 824 826 829 807 780 823 828 833 818 817 800 815 792 798 814 799 819 786 777 785 775 775 791 801 815 814 765 755 773 773 772 764 741 746 788 781 761
565 567 575 548 553 555 591 579 582 603 623 597 638 605 620 606 626 610 647 680 654 657 691 683 690 703 716 697 741 723 738 730 739 760 749 749 754 777 772 758 768 764 778 793 790 786 795 803 771 779 829 810 823 797 829 840 831 829 815 812 814 808 814 814 819 803 795 787 783 750 797 799 821 808 789 755 766 775 760 762 741 735 781 809 761
554 587 575 585 566 559 569 521 580 588 608 609 606 613 630 638 620 606 666 650 650 644 656 674 691 695 684 697 692 734 692 731 713 709 709 721 743 763 755 759 779 777 775 770 776 778 799 797 811 794 812 817 829 813 815 810 807 794 814 814 805 818 804 820 784 793 777 782 808 808 772 785 747 747 777 761 756 791 771 766 780 785 774 748 762
592 563 569 578 581 572 587 593 594 582 613 562 638 625 626 626 622 635 630 661 666 658 692 693 680 671 661 699 673 701 722 737 743 709 746 741 734 748 741 730 759 787 785 768 772 790 771 814 797 784 794 789 819 819 799 777 806 791 794 809 806 807 797 785 781 781 782 790 786 775 780 764 743 762 786 769 774 791 771 765 777 782 774 748 761
563 556 565 562 563 576 601 589 601 585 600 603 583 579 614 622 653 668 656 606 626 656 661 682 676 697 678 687 686 700 695 696 721 692 731 739 746 748 750 751 750 734 754 753 765 772 765 775 785 785 805 817 770 794 779 785 814 811 813 805 806 806 787 785 792 754 776 789 793 787 801 783 762 766 785 782 766 770 795 795 769 766 774 779 776
568 557 576 569 576 573 619 582 599 571 589 586 618 619 622 600 618 630 626 632 642 643 646 659 651 693 676 710 708 685 692 699 719 731 727 742 760 738 768 773 745 740 747 771 789 794 753 758 801 801 819 800 799 808 800 785 800 829 830 822 799 812 767 784 776 776 790 778 797 797 778 776 760 792 793 776 765 766 774 748 769 768 757 750 760
545 539 546 556 562 567 533 581 575 580 603 614 598 588 594 594 633 627 630 616 617 630 662 670 693 687 691 685 684 667 693 698 715 727 723 726 720 733 730 722 750 758 747 750 772 755 765 768 780 794 770 798 775 786 813 813 803 797 806 806 815 796 791 788 795 786 781 780 777 750 785 759 761 754 775 775 754 748 760 767 762 768 762 762 751
536 554 567 567 579 600 576 542 604 579 588 567 584 606 633 602 626 622 606 610 614 653 661 661 675 668 654 685 676 669 694 719 699 710 716 705 732 720 714 735 734 751 739 765 748 748 736 775 750 754 755 784 764 785 795 790 797 785 802 813 812 812 792 793 793 782 770 770 774 768 777 753 766 754 773 769 753 729 754 754 757 773 744 757 734
545 569 580 578 581 574 576 579 586 608 602 619 569 584 638 620 607 626 616 626 642 605 647 646 626 652 651 663 666 673 678 676 710 714 680 681 726 731 695 733 740 727 750 765 764 767 771 754 795 771 779 772 772 819 781 775 769 780 780 780 789 801 795 770 756 783 777 777 761 761 741 779 782 779 785 762 764 764 732 750 742 726 745 749 741
572 552 529 567 588 599 575 609 582 609 607 614 551 579 620 571 598 592 624 615 600 601 630 644 635 649 658 655 678 664 679 675 695 670 712 712 713 743 715 716 733 720 734 761 757 765 773 769 784 795 764 791 785 756 769 776 763 763 762 765 777 794 773 796 799 761 787 761 769 775 764 762 773 787 774 774 768 750 744 732 739 726 719 719 725
561 579 558 558 550 577 584 607 584 601 616 576 580 601 604 602 624 639 605 624 632 617 638 644 627 616 661 646 674 666 670 681 654 679 730 715 712 700 744 731 745 730 749 744 750 762 773 744 783 778 771 761 742 796 765 765 775 774 799 790 787 787 754 807 786 780 780 773 742 754 770 744 747 746 751 751 747 735 760 737 707 695 712 707 708
546 561 536 551 586 549 596 607 592 592 599 619 599 589 607 614 612 581 615 624 630 626 637 641 628 626 650 645 659 668 693 678 669 715 704 688 724 695 725 726 724 732 744 744 743 757 762 745 773 766 727 764 796 791 768 797 796 777 797 799 786 783 767 790 780 791 791 773 754 754 768 757 740 747 757 757 751 741 760 743 740 740 712 707 708
539 545 563 565 563 563 591 577 591 557 574 577 580 594 598 591 625 620 614 607 599 630 622 612 625 622 635 647 642 660 651 645 662 687 690 711 696 682 708 697 715 704 744 711 729 748 736 735 773 771 775 770 779 780 744 774 785 755 763 762 793 775 764 752 788 775 786 770 765 748 751 751 729 729 746 759 742 742 736 730 746 717 720 721 715
520 545 560 587 563 548 548 556 573 570 578 559 571 589 585 574 596 614 608 628 628 596 641 650 640 621 633 638 660 642 663 633 691 661 695 687 680 692 692 697 705 700 720 714 734 724 726 740 771 753 767 762 758 770 785 785 775 760 738 740 742 784 763 758 789 758 777 777 754 760 762 752 739 729 758 758 723 736 736 730 709 709 734 733 715
544 531 553 551 537 547 610 572 576 578 596 567 585 583 556 559 592 578 600 592 595 596 589 614 610 631 633 634 646 647 643 629 656 666 666 682 686 691 696 702 690 697 695 712 731 710 713 736 748 735 758 724 765 774 744 779 729 786 754 771 755 733 755 764 743 759 757 745 762 744 744 758 760 764 757 746 716 729 719 716 737 725 735 733 736
532 539 524 506 538 577 586 536 566 579 562 572 585 574 565 569 581 599 614 614 573 621 617 619 601 617 624 629 656 650 657 651 685 675 682 687 701 680 699 707 698 697 714 718 722 720 715 727 708 735 725 724 753 781 737 756 768 758 771 771 774 777 770 745 756 749 733 740 751 750 764 768 760 764 752 744 729 730 706 706 737 737 747 733 723
499 468 507 507 535 515 512 524 547 541 588 549 591 555 568 568 585 575 559 592 599 628 599 605 618 630 609 630 642 634 679 672 668 667 651 695 678 663 668 696 690 703 706 706 682 709 713 714 730 732 728 741 732 758 744 732 727 738 744 761 734 721 736 749 736 738 722 721 743 747 751 755 725 730 739 724 735 735 737 724 735 735 710 711 712
514 484 507 506 545 510 520 550 569 547 550 561 571 579 539 558 579 587 548 582 599 594 593 615 608 606 628 634 655 642 657 656 623 636 679 650 680 665 678 691 702 695 695 689 716 721 721 726 717 712 737 754 727 749 744 756 732 778 755 717 722 723 725 754 763 739 723 723 743 718 740 757 720 729 732 741 735 735 738 737 743 729 707 716 717
496 483 504 520 494 501 539 533 586 557 563 549 568 548 575 550 579 569 578 590 581 595 616 615 620 599 591 614 612 642 648 647 652 634 664 659 666 649 672 696 679 687 671 690 693 718 704 699 691 695 714 720 726 729 706 716 719 710 738 712 727 764 744 741 736 738 739 741 724 706 710 715 708 706 730 729 733 724 709 710 732 718 703 703 729
473 497 507 515 502 496 506 541 586 591 549 557 574 565 565 561 577 575 552 566 579 596 606 603 637 594 618 589 611 617 617 616 644 651 672 645 649 659 680 685 684 668 666 685 692 718 696 699 691 696 739 714 731 720 707 738 714 733 706 737 763 753 725 738 740 722 723 722 717 712 717 715 714 706 732 729 733 733 722 710 723 732 721 699 708
512 518 508 484 506 523 517 518 562 573 564 569 568 555 547 597 562 565 579 593 572 569 571 611 614 624 610 603 622 613 640 654 618 649 637 633 664 664 664 667 666 671 688 684 704 702 705 727 703 710 733 704 712 698 708 704 722 741 720 722 738 739 710 712 726 729 719 708 714 716 675 677 697 697 720 732 729 729 720 721 721 732 698 709 732
475 487 500 502 472 464 517 535 563 588 594 559 532 575 572 564 572 548 552 566 595 585 592 601 628 592 609 619 622 596 628 645 648 618 641 658 654 657 657 660 673 682 701 660 703 700 700 720 689 682 698 711 721 733 708 696 716 700 711 712 737 710 729 723 718 721 708 708 715 697 687 689 711 714 720 732 729 730 720 720 737 725 720 698 699
483 463 471 478 497 494 520 565 551 567 587 542 572 589 572 557 576 577 583 569 591 571 563 590 596 602 618 623 621 623 622 632 653 635 641 630 630 653 641 659 633 658 679 673 679 678 672 697 706 687 675 698 705 699 694 693 722 722 742 717 719 725 714 711 706 692 715 698 711 697 725 723 698 698 705 705 710 711 719 703 700 702 723 704 712
495 490 475 476 510 505 497 511 532 566 546 579 557 543 556 566 559 573 581 556 574 555 556 592 605 589 592 624 595 604 642 637 618 643 630 646 627 645 638 642 666 667 685 682 671 675 699 703 692 662 668 668 715 682 708 687 684 687 730 718 703 678 711 723 692 692 698 705 716 715 687 691 695 682 680 705 710 701 719 720 689 689 720 689 739
461 486 475 475 462 477 492 495 549 546 578 581 554 550 546 554 569 572 567 577 572 618 589 593 589 587 606 610 616 612 639 612 599 616 611 617 638 652 663 629 675 663 664 657 678 664 666 678 655 679 662 672 680 674 669 672 693 687 688 714 701 672 711 711 672 688 692 693 686 686 681 672 693 696 708 675 690 690 703 703 689 689 686 698 681
482 474 469 464 456 490 487 471 531 553 579 574 572 551 538 545 564 580 565 568 581 616 566 606 614 591 619 634 585 607 638 614 612 627 625 611 620 654 633 629 622 658 648 651 659 678 655 678 669 687 662 676 681 669 682 689 681 703 679 687 706 739 697 690 705 679 692 686 686 687 698 706 695 677 685 706 688 702 703 690 689 689 686 686 692
-32768 460 490 492 483 500 466 499 520 538 573 596 576 603 579 577 592 592 574 568 590 609 613 602 605 595 588 585 598 577 602 620 628 637 631 629 647 630 642 616 646 630 658 674 671 682 676 687 671 672 660 642 646 699 699 677 681 684 678 690 694 684 692 692 695 675 698 709 690 693 680 704 707 696 677 677 680 680 701 676 692 679 685 685 713
-32768 -32768 -32768 475 492 509 479 501 534 551 577 610 553 578 616 591 589 596 617 591 573 616 598 620 600 575 607 614 581 607 587 616 592 624 616 616 629 616 612 659 617 646 649 661 675 661 678 678 671 654 674 661 680 685 662 670 693 678 678 684 699 674 685 693 687 713 686 722 693 700 681 687 698 693 674 677 673 664 674 674 678 694 685 685 708
-32768 -32768 -32768 494 492 472 487 494 531 561 543 578 605 566 596 606 566 582 587 566 598 588 598 609 599 584 561 551 596 603 600 596 606 592 599 633 639 620 591 584 641 644 659 664 666 661 653 675 660 648 644 670 666 672 642 658 649 681 676 661 652 688 683 685 670 669 704 701 687 687 689 674 673 676 668 664 671 659 649 649 661 673 678 664 676
-32768 -32768 492 492 484 495 515 515 544 535 516 541 582 579 589 587 581 579 579 593 640 596 588 565 585 595 579 598 611 602 587 569 600 592 618 618 631 626 579 612 641 661 647 663 669 664 647 651 660 675 642 668 638 636 698 681 642 669 687 676 680 680 670 665 661 669 679 672 653 679 695 686 677 677 665 685 645 661 659 665 673 687 676 674 656
-32768 -32768 -32768 468 476 475 504 514 554 519 551 594 572 551 597 592 566 567 616 592 566 588 599 617 555 589 576 602 568 605 600 571 589 590 600 592 639 601 610 638 629 646 666 647 661 650 633 637 654 646 646 644 643 662 665 639 660 654 655 661 638 659 679 679 666 678 685 672 664 666 679 666 666 666 667 657 635 673 669 634 683 684 691 671 679
-32768 -32768 -32768 -32768 484 477 470 522 524 551 554 563 544 551 560 585 576 587 596 577 548 562 626 621 582 560 581 576 581 557 583 584 579 581 598 618 642 624 610 617 647 629 644 653 649 623 620 616 646 650 635 646 655 636 656 666 606 632 640 646 663 637 673 650 679 678 647 680 650 665 671 654 674 676 667 665 674 648 658 649 683 683 684 685 682
-32768 -32768 -32768 -32768 -32768 501 489 514 533 539 545 546 544 594 569 579 603 591 575 578 586 555 590 575 582 594 581 568 587 588 574 598 586 571 608 618 612 612 612 622 630 633 617 624 617 625 630 620 626 647 634 640 656 637 649 620 624 636 638 655 679 660 651 658 660 680 645 674 658 657 670 643 673 643 668 681 666 651 662 668 665 650 685 686 656
-32768 -32768 -32768 -32768 -32768 504 518 504 533 516 525 527 564 560 539 563 594 594 553 554 568 584 592 597 577 585 554 594 567 586 561 598 621 584 602 566 609 599 610 610 625 625 616 621 611 612 630 609 616 616 626 629 639 637 629 629 615 638 641 653 631 648 650 649 665 664 663 652 647 625 643 669 673 656 630 655 643 642 662 642 685 667 684 688 654
-32768 -32768 -32768 -32768 -32768 501 531 497 510 512 532 532 523 559 554 571 602 597 551 554 598 578 575 586 594 578 554 577 590 589 596 575 576 572 599 583 605 609 596 624 614 614 602 606 616 622 630 616 615 616 624 632 639 636 647 621 645 633 644 637 620 625 645 638 637 654 650 639 660 656 656 622 673 634 670 617 645 642 632 686 678 666 673 675 656
-32768 -32768 -32768 -32768 -32768 496 505 491 519 536 532 512 523 533 538 549 589 576 584 582 570 603 554 561 589 576 557 581 574 558 563 557 571 598 582 605 566 616 598 642 610 582 596 607 602 607 606 619 627 627 596 625 637 637 634 624 650 647 638 638 638 630 640 640 645 656 650 629 656 624 652 654 676 678 666 643 612 634 613 632 652 660 671 678 669
