4.asc
ncols        384
nrows        456
xllcorner    93.000000000000
yllcorner    -8.000000000000
cellsize     0.041666666667
NODATA_value 0
[rows 0 to 36 of 456, columns 85 to 169 of 384]
-32768 -32768 -32768 -32768 -32768 -32768 -32768 -32768 1199 1172 1179 -32768 -32768 -32768 1179 1163 1167 1187 1192 1168 1163 1172 1196 1195 1194 1194 1215 1175 1220 1207 1196 1218 1224 1201 1197 1239 1219 1236 1221 1226 1247 1261 1272 1266 1270 1290 1298 1334 1350 1374 1363 1400 1396 1424 1433 1502 1490 1511 1514 1565 1537 1603 1620 1685 1689 1724 1747 1781 1815 1849 1829 1873 1898 1955 1959 1984 1971 2038 2004 2049 2039 2105 2068 2090 2092
-32768 -32768 -32768 -32768 -32768 -32768 -32768 -32768 1181 1170 1162 -32768 -32768 -32768 1174 -32768 -32768 -32768 -32768 1180 1165 1171 1220 1194 1181 1204 1185 1178 1220 1176 1181 1215 1194 1194 1208 1239 1219 1216 1227 1233 1249 1260 1260 1266 1277 1296 1309 1307 1326 1337 1352 1397 1396 1423 1449 1462 1473 1511 1544 1570 1534 1624 1618 1686 1693 1722 1747 1797 1812 1834 1852 1887 1904 1955 1959 1987 1983 2041 2031 2024 2026 2079 2079 2097 2084
-32768 -32768 -32768 -32768 -32768 -32768 -32768 -32768 -32768 -32768 1173 1173 -32768 1181 1150 -32768 -32768 -32768 -32768 -32768 -32768 1218 1208 1200 1200 1186 1175 1174 1199 1174 1207 1205 1228 1187 1222 1214 1210 1239 1241 1243 1250 1260 1262 1280 1280 1304 1284 1325 1347 1351 1355 1397 1408 1440 1446 1457 1472 1515 1538 1557 1552 1648 1663 1696 1698 1763 1766 1806 1801 1874 1886 1899 1904 1946 1951 2010 1977 2036 2032 2022 2064 2083 2083 2086 2091
-32768 -32768 -32768 -32768 -32768 -32768 -32768 -32768 -32768 -32768 -32768 -32768 -32768 -32768 -32768 -32768 -32768 -32768 -32768 -32768 -32768 1171 1202 1185 1180 1170 1215 1175 1188 1193 1196 1207 1206 1217 1220 1224 1197 1226 1229 1235 1246 1260 1250 1255 1271 1325 1307 1339 1350 1345 1376 1387 1411 1446 1438 1479 1456 1528 1519 1559 1588 1646 1663 1689 1698 1763 1773 1809 1821 1870 1874 1940 1935 1950 1938 2015 1973 2035 2040 2031 2062 2095 2079 2124 2089
-32768 -32768 -32768 -32768 -32768 -32768 -32768 -32768 -32768 -32768 -32768 -32768 -32768 -32768 -32768 -32768 -32768 -32768 -32768 -32768 1191 1211 1183 1172 1223 1198 1196 1215 1175 1201 1183 1213 1198 1203 1195 1235 1210 1233 1224 1261 1250 1267 1247 1291 1292 1314 1323 1344 1343 1341 1345 1403 1404 1415 1435 1469 1476 1532 1541 1602 1625 1665 1687 1700 1727 1746 1797 1806 1816 1864 1889 1951 1952 1958 1977 2002 1991 2039 2050 2060 2071 2096 2093 2132 2132
-32768 -32768 -32768 -32768 -32768 -32768 -32768 -32768 -32768 -32768 -32768 -32768 -32768 -32768 -32768 -32768 -32768 -32768 -32768 -32768 -32768 1189 1171 1176 1216 1187 1175 1195 1184 1201 1194 1215 1200 1201 1211 1234 1222 1230 1224 1238 1247 1253 1280 1279 1293 1313 1309 1344 1356 1346 1367 1402 1404 1455 1425 1478 1480 1537 1525 1604 1641 1681 1686 1721 1718 1736 1767 1817 1816 1901 1864 1934 1921 1986 1977 2012 2008 2037 2039 2076 2054 2109 2096 2141 2122
-32768 -32768 -32768 -32768 -32768 -32768 -32768 -32768 -32768 -32768 -32768 -32768 -32768 -32768 -32768 -32768 -32768 -32768 -32768 -32768 -32768 1187 1169 1161 1207 1181 1213 1207 1216 1197 1192 1209 1204 1197 1201 1208 1232 1224 1228 1267 1240 1264 1272 1287 1301 1302 1271 1328 1319 1382 1367 1406 1404 1460 1468 1516 1512 1542 1550 1593 1623 1686 1682 1719 1730 1774 1805 1823 1850 1907 1877 1916 1941 1992 1975 2007 1995 2043 2054 2078 2074 2109 2106 2117 2134
-32768 -32768 -32768 -32768 -32768 -32768 -32768 -32768 -32768 -32768 -32768 -32768 -32768 -32768 -32768 -32768 -32768 -32768 -32768 -32768 1161 1183 1169 1181 1186 1187 1185 1192 1192 1218 1204 1202 1176 1195 1197 1229 1229 1225 1236 1263 1267 1270 1276 1299 1301 1292 1285 1332 1344 1363 1361 1408 1404 1437 1471 1514 1486 1557 1596 1598 1608 1658 1694 1719 1733 1790 1805 1844 1847 1919 1914 1920 1931 1997 1970 1995 1995 2059 2030 2099 2066 2115 2102 2129 2124
-32768 -32768 -32768 -32768 -32768 -32768 -32768 -32768 -32768 -32768 -32768 -32768 -32768 -32768 -32768 -32768 -32768 -32768 -32768 -32768 -32768 1136 1142 1184 1198 1199 1177 1170 1173 1194 1207 1159 1188 1200 1206 1219 1230 1228 1222 1249 1249 1268 1266 1303 1291 1302 1285 1324 1305 1349 1357 1398 1395 1443 1483 1506 1506 1569 1538 1627 1609 1684 1707 1730 1737 1801 1801 1840 1840 1926 1920 1930 1919 1995 1990 2025 2030 2052 2046 2104 2090 2123 2133 2127 2142
-32768 -32768 -32768 -32768 -32768 -32768 -32768 -32768 -32768 -32768 -32768 -32768 -32768 -32768 -32768 -32768 -32768 -32768 -32768 -32768 -32768 1147 1137 1180 1182 1176 1193 1178 1167 1180 1191 1188 1197 1225 1215 1227 1230 1246 1227 1234 1248 1266 1272 1260 1291 1319 1301 1329 1341 1372 1363 1378 1391 1457 1460 1483 1513 1543 1556 1617 1632 1689 1713 1720 1748 1818 1834 1856 1865 1916 1918 1928 1938 2009 1979 2027 2048 2050 2054 2095 2088 2133 2137 2126 2104
-32768 -32768 -32768 -32768 -32768 -32768 -32768 -32768 -32768 -32768 -32768 -32768 -32768 -32768 -32768 -32768 -32768 -32768 -32768 -32768 1159 1143 1156 1162 1184 1196 1193 1203 1177 1167 1225 1197 1201 1228 1235 1239 1215 1244 1244 1236 1252 1277 1282 1279 1281 1310 1289 1330 1342 1360 1370 1429 1431 1466 1483 1511 1494 1560 1561 1631 1651 1693 1720 1761 1746 1824 1830 1866 1870 1915 1909 1961 1950 2032 2007 2019 2029 2055 2058 2096 2109 2098 2120 2143 2147
-32768 -32768 -32768 -32768 -32768 -32768 -32768 -32768 -32768 -32768 -32768 -32768 -32768 -32768 -32768 -32768 -32768 -32768 -32768 -32768 1151 1181 1178 1175 1188 1179 1204 1203 1202 1171 1198 1182 1184 1220 1222 1212 1252 1239 1244 1229 1248 1265 1271 1294 1298 1307 1305 1317 1310 1368 1351 1411 1436 1467 1463 1499 1494 1537 1558 1638 1669 1704 1721 1770 1777 1849 1824 1861 1863 1894 1913 1958 1970 2013 2003 2025 2025 2059 2058 2102 2096 2116 2110 2158 2157
-32768 -32768 -32768 -32768 -32768 -32768 -32768 -32768 -32768 -32768 -32768 -32768 -32768 -32768 -32768 -32768 -32768 -32768 -32768 -32768 1125 1160 1164 1164 1164 1159 1174 1184 1153 1171 1177 1182 1214 1215 1220 1237 1251 1231 1236 1267 1266 1259 1262 1305 1314 1310 1303 1348 1351 1382 1367 1406 1420 1466 1464 1503 1526 1536 1531 1615 1626 1730 1717 1810 1799 1819 1832 1885 1870 1919 1927 1953 1966 1991 2014 2047 2045 2074 2057 2102 2095 2136 2139 2142 2160
-32768 -32768 -32768 -32768 -32768 -32768 -32768 -32768 -32768 -32768 -32768 -32768 -32768 -32768 -32768 -32768 -32768 -32768 -32768 -32768 1145 1136 1158 1148 1144 1156 1153 1176 1167 1161 1194 1198 1220 1216 1230 1230 1232 1228 1234 1267 1246 1284 1254 1285 1329 1319 1320 1325 1352 1396 1387 1421 1410 1447 1450 1504 1520 1535 1553 1641 1639 1688 1734 1772 1779 1817 1814 1861 1874 1945 1896 1935 1968 1998 2016 2042 2050 2090 2072 2111 2096 2125 2134 2157 2142
-32768 -32768 -32768 -32768 -32768 -32768 -32768 -32768 -32768 -32768 1126 1122 1142 -32768 -32768 -32768 -32768 -32768 -32768 1139 1139 1145 1145 1171 1173 1180 1164 1171 1199 1174 1176 1193 1214 1202 1206 1193 1211 1244 1242 1267 1253 1267 1280 1272 1289 1317 1307 1359 1337 1370 1368 1398 1391 1443 1425 1510 1470 1526 1566 1653 1635 1685 1717 1758 1751 1807 1806 1878 1889 1931 1914 1980 1952 1996 2017 2050 2033 2121 2092 2106 2096 2129 2102 2193 2177
-32768 -32768 -32768 -32768 -32768 -32768 -32768 -32768 -32768 -32768 1115 1137 1115 -32768 -32768 -32768 -32768 -32768 -32768 1142 1139 1154 1141 1171 1172 1176 1178 1185 1160 1194 1170 1194 1203 1204 1202 1219 1219 1233 1236 1258 1273 1276 1284 1294 1300 1312 1316 1337 1358 1384 1371 1383 1407 1463 1434 1497 1500 1516 1561 1615 1651 1677 1716 1762 1775 1832 1829 1855 1891 1921 1928 1976 1956 1983 2011 2049 2050 2094 2077 2096 2098 2145 2145 2163 2131
-32768 -32768 -32768 -32768 -32768 -32768 -32768 -32768 -32768 1098 1128 1109 1137 -32768 -32768 -32768 -32768 -32768 -32768 1151 1122 1150 1144 1176 1156 1160 1144 1188 1203 1190 1214 1170 1203 1207 1215 1218 1235 1271 1259 1265 1252 1288 1270 1309 1310 1313 1289 1334 1326 1392 1327 1432 1420 1442 1442 1485 1509 1552 1540 1626 1662 1708 1740 1741 1781 1833 1825 1890 1896 1938 1919 1946 1994 2006 2020 2065 2056 2090 2100 2134 2107 2145 2153 2172 2174
-32768 -32768 -32768 -32768 -32768 -32768 -32768 -32768 -32768 -32768 -32768 1128 -32768 -32768 -32768 -32768 -32768 -32768 -32768 -32768 1139 1129 1150 1165 1167 1170 1178 1209 1165 1207 1178 1196 1188 1211 1216 1214 1245 1243 1245 1277 1266 1285 1278 1284 1307 1350 1312 1363 1346 1377 1359 1404 1434 1436 1454 1490 1482 1561 1596 1625 1648 1698 1727 1759 1778 1812 1821 1878 1887 1925 1935 1989 1991 2012 2003 2036 2034 2098 2100 2096 2123 2116 2137 2145 2163
-32768 -32768 -32768 -32768 -32768 -32768 -32768 -32768 -32768 -32768 -32768 -32768 -32768 -32768 -32768 -32768 -32768 -32768 -32768 -32768 1163 1161 1161 1132 1161 1149 1157 1181 1197 1184 1200 1197 1174 1193 1194 1223 1238 1220 1222 1254 1263 1265 1272 1273 1297 1320 1315 1353 1348 1359 1371 1403 1389 1431 1434 1493 1493 1560 1563 1615 1624 1683 1686 1735 1755 1821 1826 1861 1840 1933 1932 1977 1966 2024 1996 2045 2053 2086 2097 2141 2121 2184 2116 2166 2167
-32768 -32768 -32768 -32768 -32768 -32768 -32768 -32768 -32768 -32768 -32768 -32768 -32768 -32768 -32768 -32768 -32768 -32768 -32768 -32768 1131 1153 1134 1161 1149 1154 1173 1184 1179 1180 1201 1190 1188 1191 1207 1244 1213 1232 1262 1273 1255 1284 1289 1291 1286 1313 1312 1338 1334 1388 1355 1396 1411 1431 1425 1444 1479 1532 1545 1628 1615 1677 1714 1740 1755 1817 1815 1844 1857 1925 1925 1977 1981 1998 2028 2057 2046 2103 2078 2115 2128 2146 2139 2147 2144
-32768 -32768 -32768 -32768 -32768 -32768 -32768 -32768 -32768 -32768 -32768 -32768 -32768 -32768 -32768 -32768 -32768 -32768 -32768 -32768 1145 1149 1138 1167 1149 1179 1175 1170 1184 1192 1210 1183 1181 1200 1230 1216 1213 1250 1249 1301 1294 1287 1288 1304 1301 1344 1311 1328 1374 1387 1363 1404 1377 1413 1435 1461 1476 1548 1561 1609 1624 1679 1679 1732 1733 1809 1784 1870 1844 1892 1907 1968 1953 1992 1991 2056 2052 2088 2091 2134 2126 2151 2138 2187 2136
-32768 -32768 -32768 -32768 -32768 -32768 -32768 -32768 -32768 -32768 1115 1104 -32768 -32768 -32768 -32768 -32768 -32768 -32768 -32768 1145 1153 1146 1161 1142 1146 1197 1162 1173 1199 1206 1169 1194 1225 1219 1197 1201 1239 1256 1298 1281 1295 1301 1314 1314 1315 1340 1349 1365 1375 1355 1395 1385 1448 1419 1459 1470 1529 1535 1599 1587 1680 1677 1728 1750 1804 1798 1864 1840 1905 1918 1956 1942 1987 1998 2048 2036 2118 2095 2089 2123 2138 2164 2162 2188
-32768 -32768 -32768 -32768 -32768 -32768 -32768 -32768 -32768 -32768 -32768 1102 -32768 -32768 -32768 -32768 -32768 -32768 -32768 1125 1127 1123 1163 1120 1134 1185 1156 1149 1167 1184 1174 1164 1170 1203 1237 1218 1227 1243 1256 1275 1293 1275 1307 1316 1334 1318 1336 1379 1377 1407 1394 1397 1392 1426 1447 1458 1481 1507 1516 1589 1584 1667 1670 1701 1728 1809 1820 1856 1849 1894 1917 1969 1933 2007 1995 2034 2064 2099 2081 2101 2129 2138 2170 2200 2166
-32768 -32768 -32768 -32768 -32768 -32768 -32768 -32768 -32768 -32768 -32768 -32768 -32768 -32768 -32768 -32768 -32768 -32768 1119 1095 1135 1148 1147 1123 1124 1160 1156 1189 1170 1166 1173 1169 1187 1203 1220 1245 1238 1280 1270 1279 1268 1306 1319 1332 1349 1319 1358 1397 1373 1392 1379 1403 1422 1412 1432 1463 1469 1486 1506 1568 1582 1651 1644 1719 1727 1809 1807 1860 1867 1918 1921 1970 1948 2021 2023 2075 2061 2121 2117 2121 2105 2155 2129 2168 2147
-32768 -32768 -32768 -32768 -32768 -32768 -32768 -32768 -32768 -32768 -32768 -32768 -32768 -32768 -32768 -32768 -32768 1136 1119 1106 1152 1134 1134 1155 1151 1144 1167 1160 1161 1186 1182 1199 1184 1190 1204 1221 1259 1281 1250 1255 1276 1298 1289 1289 1289 1363 1347 1359 1379 1428 1393 1396 1394 1407 1415 1451 1472 1541 1542 1567 1570 1663 1672 1728 1723 1802 1785 1836 1867 1926 1929 1968 1985 2034 2021 2087 2074 2090 2101 2147 2122 2151 2139 2183 2174
-32768 -32768 -32768 -32768 -32768 -32768 1066 1087 -32768 -32768 -32768 -32768 -32768 -32768 -32768 -32768 1110 1116 1117 1090 1122 1129 1136 1151 1128 1136 1114 1162 1176 1173 1165 1176 1190 1198 1201 1214 1233 1278 1258 1275 1281 1294 1284 1298 1301 1361 1341 1376 1357 1395 1376 1396 1387 1380 1415 1448 1467 1537 1526 1601 1615 1644 1669 1715 1746 1796 1794 1842 1846 1910 1927 1981 1970 2027 2022 2070 2052 2103 2101 2144 2111 2148 2146 2172 2148
-32768 -32768 -32768 -32768 -32768 -32768 -32768 -32768 -32768 -32768 -32768 -32768 -32768 -32768 -32768 -32768 1110 1135 1131 1110 1103 1130 1132 1124 1151 1160 1133 1158 1161 1193 1176 1179 1206 1206 1212 1212 1197 1246 1225 1259 1256 1274 1290 1309 1335 1323 1342 1360 1353 1392 1389 1408 1363 1416 1416 1476 1478 1531 1529 1590 1602 1655 1651 1708 1707 1785 1793 1847 1840 1873 1877 1976 1991 2022 2010 2066 2069 2090 2083 2119 2146 2163 2167 2184 2177
-32768 -32768 -32768 -32768 -32768 -32768 -32768 -32768 -32768 -32768 -32768 -32768 -32768 -32768 -32768 -32768 1097 1116 1125 1100 1136 1117 1126 1126 1151 1156 1146 1157 1161 1158 1181 1164 1198 1206 1204 1234 1198 1258 1269 1266 1247 1263 1248 1327 1310 1330 1341 1376 1387 1381 1353 1375 1375 1431 1436 1463 1470 1517 1504 1576 1592 1637 1644 1718 1722 1799 1798 1834 1864 1912 1902 1973 1980 1997 1987 2046 2063 2115 2109 2146 2130 2160 2167 2184 2174
-32768 -32768 -32768 -32768 -32768 -32768 -32768 -32768 -32768 -32768 -32768 -32768 -32768 -32768 -32768 -32768 -32768 1098 1121 1074 1090 1130 1132 1137 1112 1144 1156 1145 1161 1158 1165 1181 1183 1192 1198 1196 1261 1242 1217 1256 1256 1298 1286 1310 1312 1305 1328 1362 1347 1352 1361 1386 1357 1440 1443 1454 1441 1529 1518 1580 1572 1668 1678 1740 1728 1808 1800 1850 1838 1904 1908 1975 1979 2013 2015 2049 2055 2093 2114 2136 2105 2149 2145 2171 2179
-32768 -32768 -32768 -32768 -32768 -32768 -32768 -32768 -32768 -32768 -32768 -32768 -32768 -32768 -32768 -32768 -32768 -32768 1104 1098 1087 1127 1113 1142 1147 1144 1157 1160 1156 1161 1150 1186 1151 1203 1198 1204 1238 1235 1221 1235 1270 1261 1290 1290 1294 1330 1311 1335 1322 1353 1355 1394 1409 1431 1416 1459 1462 1540 1518 1578 1569 1660 1685 1722 1759 1791 1778 1847 1844 1898 1896 1974 1970 2018 2012 2046 2059 2104 2114 2120 2112 2150 2116 2153 2171
-32768 -32768 -32768 -32768 -32768 -32768 -32768 -32768 -32768 -32768 -32768 -32768 -32768 -32768 -32768 -32768 -32768 -32768 1095 1086 1086 1111 1119 1118 1153 1135 1121 1160 1154 1175 1165 1187 1153 1200 1193 1195 1198 1214 1211 1212 1247 1273 1267 1291 1267 1314 1321 1336 1327 1382 1355 1404 1398 1431 1420 1451 1457 1472 1500 1580 1591 1655 1618 1714 1715 1787 1784 1845 1878 1890 1902 1949 1968 2004 2005 2053 2060 2091 2096 2143 2117 2161 2138 2168 2143
-32768 -32768 -32768 -32768 -32768 -32768 -32768 -32768 -32768 -32768 -32768 -32768 -32768 -32768 -32768 -32768 -32768 -32768 1098 1118 1089 1120 1094 1104 1137 1143 1137 1119 1133 1168 1163 1182 1167 1195 1190 1207 1200 1223 1190 1204 1242 1280 1255 1270 1279 1300 1298 1311 1337 1366 1363 1404 1384 1399 1410 1450 1450 1476 1522 1589 1581 1632 1639 1724 1708 1806 1813 1856 1856 1899 1911 1961 1948 2007 1992 2045 2059 2094 2074 2142 2138 2168 2169 2190 2145
-32768 -32768 -32768 -32768 -32768 -32768 -32768 -32768 -32768 -32768 -32768 -32768 -32768 -32768 -32768 -32768 -32768 -32768 1084 1103 1089 1092 1085 1149 1149 1108 1119 1133 1137 1152 1150 1187 1156 1186 1174 1160 1187 1217 1207 1196 1276 1254 1242 1316 1304 1309 1302 1324 1349 1353 1378 1386 1345 1406 1415 1478 1472 1511 1495 1551 1575 1666 1655 1695 1728 1772 1792 1811 1849 1919 1923 1946 1972 2000 1999 2056 2052 2109 2078 2147 2147 2158 2175 2199 2185
-32768 -32768 -32768 -32768 -32768 -32768 -32768 -32768 -32768 -32768 -32768 -32768 -32768 -32768 -32768 -32768 -32768 -32768 1065 1094 1075 1110 1110 1125 1139 1096 1110 1122 1119 1149 1156 1188 1163 1172 1186 1181 1171 1207 1207 1263 1246 1254 1236 1310 1281 1299 1306 1343 1344 1379 1348 1355 1359 1404 1396 1457 1449 1481 1526 1583 1590 1678 1682 1708 1714 1782 1789 1809 1834 1917 1893 1960 1962 2002 1995 2069 2035 2110 2095 2140 2147 2139 2162 2191 2180
-32768 -32768 -32768 -32768 -32768 -32768 -32768 -32768 -32768 -32768 -32768 -32768 -32768 -32768 -32768 -32768 -32768 -32768 1083 1057 1069 1101 1110 1099 1134 1114 1121 1144 1115 1127 1121 1171 1146 1175 1199 1188 1183 1212 1230 1215 1222 1253 1256 1268 1285 1281 1284 1318 1305 1362 1333 1382 1384 1395 1436 1456 1422 1547 1546 1582 1603 1639 1666 1694 1723 1796 1796 1852 1842 1918 1909 1945 1977 2028 1992 2043 2048 2097 2105 2120 2146 2170 2140 2199 2195
-32768 -32768 -32768 -32768 -32768 -32768 -32768 -32768 -32768 -32768 -32768 -32768 -32768 -32768 -32768 -32768 -32768 -32768 1088 1075 1063 1107 1113 1090 1116 1116 1119 1137 1118 1115 1107 1165 1157 1169 1198 1184 1180 1206 1214 1218 1233 1258 1253 1258 1271 1277 1278 1319 1309 1359 1355 1364 1385 1399 1395 1454 1457 1551 1543 1582 1614 1640 1671 1696 1731 1791 1781 1862 1840 1900 1944 1948 1981 2049 2002 2039 2054 2097 2090 2116 2142 2148 2091 2132 2162
-32768 -32768 -32768 -32768 -32768 -32768 -32768 -32768 -32768 -32768 -32768 -32768 -32768 -32768 -32768 -32768 -32768 -32768 1073 1074 1081 1073 1077 1096 1110 1101 1123 1137 1153 1128 1141 1141 1148 1164 1175 1182 1187 1193 1173 1212 1211 1245 1248 1240 1270 1292 1290 1295 1292 1344 1344 1320 1377 1407 1396 1431 1479 1507 1528 1588 1601 1668 1694 1733 1725 1762 1781 1840 1849 1911 1900 1954 1970 2031 2022 2035 2062 2099 2082 2116 2126 2171 2114 2115 2151
