5.asc
ncols        384
nrows        456
xllcorner    93.000000000000
yllcorner    -8.000000000000
cellsize     0.041666666667
NODATA_value 0
[rows 148 to 184 of 456, columns 170 to 254 of 384]
324 324 321 321 320 320 318 318 316 317 317 313 312 313 312 312 296 266 304 308 312 308 289 305 307 302 284 266 232 231 234 223 231 223 220 237 269 276 274 270 283 283 279 276 283 283 279 262 241 248 277 283 283 286 276 273 284 285 280 264 252 253 275 282 281 275 247 236 252 279 293 293 295 298 300 300 301 302 303 303 303 305 306 306 307
324 323 321 322 320 320 318 318 317 317 316 316 313 313 311 312 307 300 307 311 313 308 284 271 304 305 280 245 247 226 210 204 237 247 224 242 262 273 273 273 282 280 280 283 281 280 282 262 227 262 278 281 284 284 273 272 277 283 282 270 238 232 256 277 281 269 262 231 244 272 294 296 297 293 298 300 302 301 302 304 304 305 307 307 307
323 323 321 321 320 320 318 318 317 317 316 316 312 313 310 311 290 277 268 302 311 303 283 268 305 305 281 243 230 207 196 201 221 250 264 272 277 278 278 282 281 281 278 277 269 277 281 271 252 256 273 276 281 276 262 262 264 275 281 275 271 261 245 263 276 259 228 232 258 274 295 296 297 293 299 300 300 301 302 302 304 304 306 306 306
323 323 321 321 319 320 318 318 316 317 316 316 311 313 311 307 268 239 273 303 310 306 283 292 310 308 300 272 231 191 199 214 231 241 256 276 281 280 280 279 278 283 277 269 262 279 282 281 273 251 265 251 273 278 257 256 256 249 274 273 278 275 251 266 272 263 240 258 275 281 294 295 295 294 296 299 297 300 302 300 298 306 306 307 307
322 322 321 321 319 319 317 317 315 317 314 315 310 311 310 309 282 240 279 308 306 293 283 308 310 309 296 271 253 232 201 205 225 235 225 251 274 273 274 275 279 284 279 260 260 284 284 281 281 273 237 198 235 253 258 270 273 269 258 283 278 273 253 273 275 268 246 253 253 261 295 290 295 295 295 297 294 300 301 302 303 308 307 307 306
322 322 321 321 319 320 317 317 316 316 314 314 310 310 308 305 284 261 291 309 306 306 285 310 311 309 288 253 239 235 207 195 211 212 198 210 260 253 254 274 282 286 281 261 273 282 284 282 279 276 239 194 224 270 274 275 280 279 271 283 281 275 273 279 276 265 238 240 266 284 295 289 292 292 297 299 298 300 300 302 304 306 306 306 307
322 322 320 319 318 318 316 316 314 315 313 313 309 310 308 306 284 267 291 307 307 299 300 310 309 307 295 266 248 241 200 205 199 199 214 218 239 246 253 280 283 286 282 275 269 282 284 283 279 277 261 209 242 273 276 280 284 283 281 285 283 282 279 279 265 247 235 260 282 293 294 293 283 288 297 299 296 299 299 301 302 303 304 303 304
322 322 319 320 318 318 316 316 313 315 313 313 311 310 309 305 304 300 304 306 305 298 304 309 307 308 292 260 237 230 202 190 203 218 237 247 251 253 256 279 280 286 285 279 279 283 284 282 279 279 275 250 237 266 272 282 285 285 286 286 286 286 285 275 258 262 260 270 292 289 291 291 286 287 297 298 298 297 297 299 302 299 304 304 305
320 320 318 319 317 317 315 315 313 313 312 312 310 308 307 308 305 304 302 305 304 303 303 306 307 308 296 282 263 244 210 196 201 207 222 251 274 276 274 281 278 287 285 283 287 286 279 279 280 280 275 275 271 267 274 281 280 281 282 285 283 286 284 270 269 276 270 278 287 282 285 288 281 290 291 295 288 291 286 298 301 305 305 305 306
320 320 318 319 316 316 315 315 313 313 311 312 305 308 306 306 305 305 304 305 301 304 303 306 306 308 305 283 256 227 208 213 207 234 239 258 276 278 286 284 277 288 286 286 287 285 270 282 282 280 275 274 278 279 273 282 281 283 281 281 284 285 283 281 281 280 279 282 280 279 278 275 278 277 293 297 297 296 294 299 301 305 305 305 306
319 319 319 318 315 316 313 313 312 312 310 311 297 307 305 306 305 305 304 304 302 304 302 306 306 307 303 286 250 234 224 229 218 229 215 226 269 282 287 286 283 289 286 286 287 275 263 285 283 280 274 275 280 280 278 284 278 274 272 277 272 284 279 280 277 268 275 283 273 281 279 280 277 281 290 296 299 298 300 301 302 303 304 305 305
319 320 319 318 315 316 313 313 312 312 310 308 304 307 305 305 304 305 304 305 303 304 304 306 306 306 252 279 255 234 253 224 199 207 212 240 244 281 286 286 286 290 283 287 286 280 275 285 284 281 280 278 283 283 283 286 275 276 267 277 263 282 272 277 274 252 257 279 280 281 285 288 285 285 289 294 299 299 301 301 301 302 306 305 306
318 319 317 317 314 315 312 312 311 310 308 307 303 304 304 304 302 303 303 304 304 305 305 306 307 306 262 287 266 254 246 225 194 203 221 264 278 286 285 285 288 290 285 288 287 286 285 286 286 284 279 280 275 280 285 287 280 281 267 270 263 280 270 270 262 256 275 257 249 278 288 289 288 292 294 298 297 300 301 301 302 301 307 305 306
319 319 317 317 315 315 312 313 310 310 308 305 304 304 304 304 302 303 303 304 304 306 305 307 307 307 289 302 279 277 267 238 211 222 253 264 257 282 289 287 289 291 290 289 287 288 285 286 286 283 281 281 282 284 285 284 284 278 280 272 275 280 262 263 253 262 267 250 245 277 291 290 292 289 296 299 299 299 301 301 303 303 306 305 306
317 317 315 315 314 313 312 312 310 309 307 300 303 303 302 303 302 302 303 304 304 305 305 306 306 306 306 305 301 298 275 249 191 213 235 237 238 282 289 287 290 291 290 288 289 289 286 286 286 282 285 282 280 285 287 284 282 275 281 274 276 280 270 249 261 265 256 266 268 278 289 294 293 289 295 298 300 300 301 301 303 303 305 306 306
317 318 316 316 314 314 312 312 310 309 307 304 298 303 302 302 301 303 303 304 304 305 305 306 306 305 305 305 303 300 279 260 212 224 218 244 261 284 288 286 289 291 291 289 287 287 286 287 287 285 285 285 283 283 285 283 278 285 280 281 272 279 279 266 270 273 276 275 283 290 291 295 295 294 293 299 300 299 301 301 303 304 304 304 306
314 316 314 314 313 312 311 311 309 307 305 304 303 302 302 302 303 303 303 304 303 304 305 306 306 305 305 305 304 303 286 251 226 230 224 241 248 277 287 285 288 290 290 288 287 287 287 286 285 283 287 287 286 287 288 285 282 281 280 277 275 274 273 271 274 266 276 270 278 289 292 294 296 298 298 299 300 299 301 301 303 304 304 305 306
316 316 314 314 313 313 310 310 307 307 304 304 303 304 303 302 303 303 303 304 303 304 304 306 305 306 304 304 304 303 287 242 259 239 227 214 237 266 285 283 287 288 289 285 287 288 288 285 282 281 286 287 288 288 289 285 279 278 274 271 276 276 275 272 282 279 279 275 280 285 290 292 289 296 298 298 300 298 301 301 304 304 305 305 306
314 314 312 312 311 311 309 308 306 306 304 304 302 303 303 303 302 303 303 303 303 304 304 305 304 305 304 304 304 302 294 261 274 245 241 231 237 268 282 284 289 290 288 288 288 289 289 286 285 282 285 289 287 289 288 287 278 272 268 265 280 277 269 280 277 280 278 274 284 288 293 294 296 297 295 299 299 297 301 301 303 304 306 306 306
314 314 312 312 311 311 309 308 306 306 304 303 303 303 303 302 302 303 303 303 303 304 304 304 304 305 303 303 303 302 301 291 260 245 255 222 240 280 287 288 289 290 289 291 291 290 288 286 288 287 287 288 287 288 289 287 282 276 272 277 284 288 286 281 279 278 266 249 273 287 295 295 298 298 295 298 298 299 302 301 306 305 307 306 306
310 309 308 310 309 309 307 306 305 304 303 302 302 302 301 301 300 302 303 303 303 303 303 304 303 303 303 303 301 302 300 295 257 261 265 232 253 282 266 279 290 293 292 292 290 289 271 271 284 288 288 288 284 286 291 290 286 281 280 285 287 289 289 288 285 277 262 267 279 285 295 295 298 299 298 299 300 300 301 301 302 304 305 306 307
311 311 309 310 309 309 307 307 305 305 303 303 302 302 301 301 301 301 303 303 303 303 302 303 303 303 303 304 302 300 300 299 285 269 286 243 236 263 255 251 270 293 294 292 286 283 281 252 258 283 288 288 283 285 288 290 289 286 290 290 289 284 289 289 289 285 277 259 275 288 294 297 299 299 300 300 300 300 301 302 304 307 305 306 307
309 309 308 308 307 307 306 306 304 304 303 304 303 303 301 301 301 301 301 301 303 303 302 302 302 302 303 303 301 295 300 299 297 295 287 242 228 230 233 233 271 291 293 293 289 284 249 236 241 270 287 277 274 283 290 290 290 289 291 291 291 279 283 288 290 288 280 269 277 278 294 295 300 299 300 301 300 299 302 305 307 306 306 306 307
309 309 308 308 307 307 306 306 304 304 305 304 303 303 301 302 301 301 301 301 301 302 301 302 302 301 303 302 301 298 299 300 300 298 274 227 212 225 224 248 283 290 292 294 289 272 235 212 211 233 277 275 273 284 291 290 290 290 291 289 291 278 279 289 291 292 283 281 273 282 294 296 296 299 300 301 302 300 300 304 307 307 306 306 307
306 307 306 306 306 306 304 304 303 303 304 303 302 302 300 300 301 301 300 301 300 301 301 302 302 301 302 302 300 300 301 300 298 298 280 230 204 241 255 256 256 283 294 295 294 277 239 208 199 239 274 282 278 286 290 290 291 290 290 289 289 288 269 269 290 292 292 292 274 257 281 289 285 295 300 302 302 302 303 304 307 306 307 307 308
307 307 305 306 306 305 304 305 304 303 303 303 302 302 300 301 301 301 301 301 300 301 301 302 300 301 301 301 300 301 300 299 299 299 294 247 227 226 239 255 273 285 293 294 294 286 270 239 214 245 268 286 282 284 290 290 291 289 290 288 291 287 276 263 280 278 292 294 286 262 285 286 293 297 302 303 303 303 304 306 308 305 306 306 307
305 304 304 304 305 304 303 303 304 304 302 302 302 302 301 301 300 300 300 301 299 300 301 300 300 301 301 301 300 300 300 299 299 299 298 285 260 213 228 233 259 287 290 290 296 295 291 261 256 281 281 290 290 288 291 291 290 289 291 289 290 290 277 280 275 285 294 295 296 293 295 296 298 299 302 303 304 304 305 306 306 306 307 306 307
305 305 304 304 304 304 303 303 303 303 302 302 302 302 301 301 300 300 301 301 299 299 300 300 300 299 300 301 300 300 300 299 294 299 298 289 258 244 241 237 236 274 286 295 295 296 294 291 290 291 290 291 290 291 291 292 290 290 291 289 292 292 282 267 284 294 294 294 295 298 299 298 299 302 303 303 304 304 305 308 306 306 306 306 307
304 304 303 304 303 304 302 302 302 303 302 301 301 301 301 302 301 300 300 301 300 299 300 300 298 299 299 300 299 300 299 297 298 293 298 296 282 265 246 254 242 264 283 295 297 296 294 292 293 290 273 284 291 292 291 291 292 291 291 291 292 293 293 282 289 295 296 294 295 297 299 300 302 302 303 303 304 304 305 304 306 306 306 306 306
304 304 304 304 304 304 304 303 302 303 302 301 301 301 301 301 301 301 300 300 300 300 299 300 298 298 299 299 299 299 299 299 296 295 297 297 297 283 277 274 255 236 277 292 297 296 295 293 292 288 281 292 292 292 291 291 291 290 291 290 292 293 294 293 294 295 294 292 293 297 299 300 302 303 304 304 304 304 304 304 305 304 305 305 306
303 302 303 303 303 303 303 302 302 302 302 301 300 300 300 300 300 301 299 299 299 300 300 299 299 298 298 299 299 300 299 299 297 296 298 298 297 297 288 274 245 229 273 293 295 298 294 296 294 293 293 293 293 291 291 291 291 291 291 291 291 294 295 293 295 295 292 294 292 291 300 302 303 303 303 303 304 304 304 304 304 304 305 305 306
302 302 302 302 303 303 303 303 302 302 301 301 300 300 300 301 301 301 299 299 300 300 300 298 298 298 298 299 299 299 299 299 299 299 299 298 296 299 293 259 235 248 275 296 293 298 298 295 295 294 294 293 292 291 291 291 291 291 290 291 293 294 295 291 296 294 292 292 296 296 301 302 303 304 304 304 305 303 304 304 304 304 305 306 308
301 301 301 301 301 301 302 303 301 301 301 300 300 300 300 300 300 300 299 299 300 300 300 299 297 298 298 298 298 299 299 299 300 299 300 300 299 300 298 270 234 245 263 290 290 295 298 297 296 295 293 290 291 291 291 291 291 290 291 292 293 293 294 293 293 294 295 297 299 300 301 302 303 303 304 304 304 304 304 304 304 304 305 306 307
302 302 301 301 301 301 301 302 301 301 301 300 300 300 300 300 299 299 299 299 299 299 300 299 298 297 298 298 298 298 299 299 300 300 299 300 298 299 296 276 225 222 263 288 270 287 296 297 295 294 293 291 291 290 291 291 290 290 291 293 294 293 294 295 296 296 298 297 298 299 301 302 302 302 304 304 305 303 303 304 305 306 308 307 308
300 300 300 300 300 300 300 301 301 301 300 300 299 299 299 299 299 299 298 298 298 299 297 298 298 297 297 298 298 298 299 300 299 300 299 299 298 290 282 249 240 233 265 279 264 269 290 295 294 293 292 290 292 291 290 291 291 291 293 293 294 294 295 289 284 288 290 295 298 299 301 301 302 303 304 304 304 304 303 303 305 308 307 307 309
300 300 300 300 300 300 300 300 301 301 300 300 299 299 298 299 298 299 297 298 298 298 297 297 298 298 296 297 297 297 297 299 298 299 300 300 297 284 272 252 252 266 274 262 267 269 283 293 293 292 292 291 293 291 291 292 292 292 293 294 294 294 295 286 285 285 285 294 298 299 301 299 301 303 304 304 305 304 304 304 305 306 307 308 309
298 299 299 299 298 298 298 299 299 299 299 299 299 298 298 299 298 297 297 297 297 297 296 296 296 298 297 296 296 296 297 297 298 299 298 298 288 278 279 279 270 255 263 256 243 253 262 292 291 291 292 293 293 292 292 292 294 294 293 294 295 295 282 281 294 296 291 298 297 298 300 298 302 302 304 304 304 304 304 304 305 306 308 308 309
