5.asc
ncols        384
nrows        456
xllcorner    93.000000000000
yllcorner    -8.000000000000
cellsize     0.041666666667
NODATA_value 0
[rows 222 to 258 of 456, columns 170 to 254 of 384]
295 293 293 292 293 292 294 295 294 295 295 295 296 296 296 295 294 295 295 295 296 296 296 296 295 295 294 294 295 295 296 296 296 296 296 295 295 296 296 296 296 297 297 297 298 299 299 299 299 300 300 300 301 300 302 303 303 303 304 304 304 304 305 305 305 305 305 305 303 302 301 301 300 299 299 297 298 298 297 297 297 295 296 297 298
295 294 294 292 293 294 294 295 295 295 294 295 296 295 296 296 296 296 295 296 295 296 296 296 296 296 295 294 295 295 296 296 296 296 296 296 296 296 297 297 297 297 297 297 299 299 299 299 300 299 299 300 300 301 302 302 303 303 302 303 304 304 304 304 306 306 305 305 305 304 303 301 300 299 298 297 298 297 297 297 298 297 297 298 298
295 294 292 292 292 293 294 295 295 296 296 296 296 295 295 296 296 296 296 295 295 295 296 296 295 295 295 295 295 296 296 295 296 297 297 297 297 296 297 296 297 298 298 298 299 299 299 299 299 299 299 300 300 300 302 302 302 302 302 302 303 304 304 304 305 305 305 305 305 303 303 302 302 298 299 298 298 297 298 298 298 298 299 298 300
296 293 292 293 293 293 295 295 296 296 297 297 297 297 295 296 296 296 296 296 296 296 296 296 296 295 295 295 296 296 296 296 296 296 297 296 297 296 295 295 295 296 299 299 299 298 298 298 298 299 300 300 299 299 301 301 301 302 302 302 303 303 303 303 304 305 305 304 303 303 303 301 301 301 301 297 297 297 298 297 298 298 292 284 299
293 292 293 293 294 294 294 296 296 296 296 297 296 297 296 296 296 296 296 296 296 296 296 296 296 296 296 295 295 296 296 296 296 296 296 295 296 296 295 296 296 296 298 298 299 298 298 298 297 297 298 299 300 301 301 301 301 300 302 302 303 303 303 303 304 303 303 303 304 304 302 301 302 302 301 300 300 298 297 297 297 298 294 294 299
293 294 294 294 294 295 295 297 297 297 296 296 296 296 295 296 296 296 296 296 296 296 296 296 297 297 296 296 295 297 296 296 296 296 296 295 295 296 296 296 296 296 297 297 298 299 299 298 298 298 298 299 300 299 299 300 300 300 301 301 302 303 303 302 303 303 302 302 303 302 302 302 302 301 300 300 300 298 297 296 297 298 298 297 300
294 294 295 295 296 295 296 296 297 297 297 295 295 295 295 296 297 296 296 296 296 296 297 296 297 296 296 296 297 297 297 297 296 297 296 296 295 295 295 295 296 297 298 297 298 298 299 299 298 298 300 299 299 299 300 300 301 301 302 302 302 302 303 303 303 302 303 303 303 302 303 303 301 301 301 299 297 297 299 296 297 298 299 300 299
294 292 293 294 295 296 296 297 298 298 297 296 297 296 296 296 297 297 297 296 297 297 298 296 297 297 297 296 296 297 296 297 297 297 297 296 296 296 295 296 297 297 297 296 298 298 298 298 299 299 299 300 300 300 299 299 301 301 302 302 302 302 302 302 302 301 302 302 302 302 302 301 301 300 300 300 299 298 298 297 297 297 299 299 300
293 294 293 296 295 296 296 297 297 298 297 297 297 297 298 297 297 297 297 297 297 298 298 296 298 296 297 296 297 296 296 296 296 296 296 296 295 295 296 296 297 297 297 297 298 298 297 298 299 300 300 300 299 300 299 298 301 300 302 302 303 302 302 302 301 301 302 302 302 301 301 301 300 300 300 300 300 299 299 300 297 297 298 299 299
292 293 294 295 295 297 297 297 297 298 297 296 296 297 296 296 297 296 296 297 297 297 297 298 298 297 297 298 296 297 297 296 296 297 298 297 296 296 296 296 297 298 297 297 298 298 297 297 299 299 300 299 299 299 299 299 299 300 301 301 302 302 301 301 301 301 302 302 301 301 301 301 299 299 300 299 299 299 300 298 297 298 298 298 298
293 294 294 296 297 297 297 297 297 297 297 297 296 297 297 297 297 297 297 296 296 296 297 297 297 297 297 298 297 297 297 297 297 297 297 296 297 297 297 297 297 297 297 297 297 297 297 297 299 299 302 299 298 298 300 300 300 300 300 300 301 301 301 301 302 302 301 300 301 301 301 300 300 300 300 299 300 300 299 298 298 298 299 299 300
293 294 295 297 297 297 298 298 297 296 296 296 296 297 297 297 296 297 298 298 298 297 297 297 297 296 296 297 297 297 297 297 297 298 298 296 296 296 297 297 297 297 297 297 297 297 297 298 299 299 300 298 298 298 300 300 300 300 300 300 301 301 301 301 302 301 300 300 301 301 301 300 300 300 300 299 300 301 300 300 300 298 298 299 300
293 293 294 296 296 297 297 297 297 297 297 297 297 297 297 297 296 297 298 297 297 297 298 298 298 297 296 297 297 297 297 297 297 297 297 298 297 297 297 297 298 297 297 297 297 297 298 299 300 299 300 299 299 298 299 300 300 300 301 301 301 301 302 301 301 300 300 300 301 301 301 300 300 299 299 299 300 299 299 300 300 301 301 300 301
294 293 294 296 297 297 296 296 297 297 297 298 298 297 298 297 297 298 297 297 297 297 297 298 298 298 296 297 297 297 298 298 297 297 297 298 298 297 298 296 298 298 297 297 297 297 298 299 299 299 299 300 298 298 300 299 300 300 300 301 300 300 301 301 301 300 301 300 300 300 300 299 300 299 299 298 299 299 299 298 300 301 301 300 301
296 296 295 297 295 296 296 297 297 297 298 298 298 298 298 297 298 298 297 297 297 297 297 298 298 298 297 297 297 298 298 298 297 297 298 298 298 298 298 297 297 297 297 297 297 298 300 300 300 299 299 299 299 299 299 299 300 300 300 300 300 300 300 300 300 299 300 300 300 300 301 300 299 299 300 299 299 298 299 295 299 299 301 301 301
295 296 296 297 296 295 297 298 297 297 298 298 298 298 298 298 298 298 297 297 297 297 297 297 297 297 298 299 298 298 299 299 299 297 297 298 298 297 298 298 298 297 298 298 298 299 299 299 300 299 299 299 298 299 299 299 299 299 300 300 300 300 300 300 300 300 299 299 299 299 299 299 299 299 300 299 298 298 295 298 299 299 300 300 301
296 297 297 297 296 297 296 297 297 297 298 298 298 298 298 298 298 298 298 298 298 298 298 297 297 298 298 299 299 299 299 299 299 298 297 297 297 297 298 298 299 298 298 298 298 298 298 299 300 299 298 299 299 299 299 299 300 300 300 300 300 300 300 300 299 300 300 299 298 299 300 299 299 299 300 299 298 298 297 298 299 299 300 300 301
296 296 296 297 296 297 297 297 297 297 297 298 297 297 298 298 299 298 298 298 298 298 298 299 298 299 298 299 299 299 299 299 299 298 298 298 297 297 299 298 298 299 298 297 297 298 298 299 299 298 298 299 300 299 299 299 300 300 299 300 300 300 300 300 299 299 300 299 298 298 299 299 299 299 299 299 299 298 299 298 299 299 300 300 300
295 296 295 295 296 297 297 297 297 298 297 298 297 298 298 298 297 297 297 298 298 298 299 299 300 298 298 298 298 299 299 299 299 299 299 299 299 299 299 299 299 298 298 298 298 298 299 300 299 299 300 300 300 300 299 299 300 300 300 300 301 301 300 299 300 300 300 299 298 297 298 298 299 300 299 300 299 299 299 299 298 299 300 299 300
296 296 295 296 297 297 297 297 297 298 296 296 298 297 297 299 298 297 298 298 297 299 299 299 298 299 298 298 297 299 298 299 299 299 299 299 299 299 298 298 298 299 298 298 298 298 300 300 299 299 299 300 300 300 300 299 301 299 300 300 300 300 300 299 300 299 299 300 299 298 298 298 298 298 300 300 299 299 299 299 298 298 299 299 300
293 296 296 297 296 297 297 298 297 296 297 296 296 298 297 297 298 299 299 298 298 298 299 299 299 299 297 297 296 297 297 298 298 299 300 300 299 299 299 299 299 298 298 298 299 299 300 299 299 299 299 299 299 300 300 300 300 298 298 298 299 299 299 299 300 299 298 298 299 299 299 298 298 298 301 299 299 299 299 298 298 298 299 299 300
286 286 293 296 297 297 296 298 297 296 295 296 297 298 298 299 299 299 300 299 298 299 299 299 300 300 299 298 297 297 298 298 298 298 300 300 299 299 300 299 299 298 298 298 299 299 299 299 299 299 300 299 300 299 299 300 300 299 298 298 300 299 298 298 299 299 298 298 298 299 299 298 298 298 302 299 299 299 298 298 298 298 299 299 300
272 274 283 289 292 293 295 297 297 298 297 295 298 298 298 299 299 300 300 300 300 299 299 300 300 300 300 299 298 298 297 297 298 298 299 299 300 300 300 300 300 298 299 299 300 300 300 300 300 299 300 299 299 299 299 299 300 299 299 298 299 299 298 298 300 299 299 299 298 297 299 299 299 299 300 299 299 299 299 297 298 298 298 299 299
267 258 265 285 289 290 291 296 297 296 298 298 297 298 298 299 299 299 300 300 300 299 299 299 300 300 300 300 299 298 298 297 297 298 298 298 299 300 300 300 299 300 300 300 300 300 300 300 299 299 299 299 299 298 299 299 299 300 300 299 300 299 299 299 300 300 300 299 299 298 298 299 299 299 299 299 299 299 298 297 298 298 299 298 299
283 280 268 268 274 289 290 292 296 297 298 298 297 298 298 298 299 299 299 299 300 300 300 300 299 300 300 300 300 299 298 298 298 297 298 299 299 299 300 300 300 300 300 299 299 299 300 300 299 298 298 299 298 298 299 298 299 299 299 299 300 298 298 298 299 299 299 298 299 298 298 299 298 299 299 299 299 299 298 298 298 298 298 298 299
278 288 291 286 282 286 291 294 294 297 298 297 296 298 298 298 298 297 298 299 300 300 300 300 300 299 300 300 300 300 300 300 298 298 299 299 299 300 300 301 299 300 300 299 300 300 300 299 299 299 300 300 299 298 298 298 299 298 298 298 298 298 298 298 299 299 298 298 298 299 299 299 299 298 299 299 298 299 298 298 298 298 298 298 299
282 282 289 294 282 289 291 293 294 296 297 298 298 298 298 299 298 298 298 299 299 299 300 300 300 300 301 301 301 300 300 299 299 299 299 300 301 300 300 300 300 299 299 299 298 299 300 299 299 298 299 299 298 298 298 298 299 299 298 298 298 298 298 298 297 297 298 297 298 298 299 298 298 298 299 299 298 300 299 298 298 298 298 299 300
279 279 273 289 288 285 293 296 296 293 295 298 299 298 298 299 298 297 297 299 299 300 300 300 300 300 300 300 301 301 300 301 299 300 300 301 300 299 300 299 299 300 300 299 299 299 299 298 299 298 298 299 298 298 298 299 300 299 298 298 298 298 298 297 297 297 298 298 298 298 299 298 299 298 298 298 299 298 299 298 299 299 299 299 300
278 287 267 279 294 289 288 296 296 296 294 294 297 298 298 298 299 298 298 299 299 299 300 300 301 301 301 300 300 302 302 301 302 301 301 300 300 300 300 300 299 299 300 299 299 298 299 299 299 298 298 298 298 298 299 298 299 298 298 298 299 299 298 297 297 297 298 298 298 297 299 298 299 298 297 297 299 298 299 298 299 299 299 298 298
268 282 282 273 285 294 288 289 293 296 296 292 292 296 298 298 299 299 299 299 297 298 299 299 300 300 301 301 301 301 300 302 301 301 300 300 298 298 299 300 299 298 299 300 299 298 299 299 298 298 299 298 298 299 299 298 299 299 298 298 299 297 298 297 297 297 298 298 297 296 297 298 299 298 298 297 298 298 298 298 299 299 299 298 298
269 265 282 269 278 293 291 285 294 296 298 296 292 291 294 295 298 299 299 298 296 297 298 298 299 299 300 301 301 301 301 301 300 301 300 299 298 298 299 299 299 299 299 299 299 299 299 299 298 298 298 297 298 298 298 298 299 299 298 298 298 298 297 297 297 297 297 296 297 296 296 297 298 298 297 298 298 297 298 298 298 298 299 299 298
283 254 263 268 270 286 293 285 288 294 297 296 296 293 291 295 296 299 299 297 295 296 297 298 299 299 299 300 301 301 300 300 300 300 300 299 298 298 299 299 299 299 299 299 299 299 299 299 299 299 298 297 298 298 298 298 299 299 298 297 297 297 298 297 297 297 296 296 297 297 297 297 298 298 297 297 297 297 298 298 297 298 299 298 299
290 263 264 269 274 268 285 291 286 291 296 295 297 297 294 295 296 296 298 295 295 297 299 300 300 299 301 300 300 301 301 301 301 301 300 299 299 299 300 300 300 299 299 299 299 298 299 298 298 298 298 298 297 298 298 298 298 298 297 297 297 297 297 296 297 297 297 296 297 297 297 298 297 296 297 297 297 297 297 297 297 297 298 298 299
289 265 242 259 272 281 286 287 278 276 289 296 297 298 298 298 296 297 296 297 298 300 300 300 300 301 300 301 300 300 300 300 301 301 300 300 299 299 300 300 300 300 299 300 298 298 297 297 298 297 298 297 298 298 298 298 298 297 297 297 297 297 297 297 298 297 297 296 298 298 298 297 297 296 297 297 297 297 297 297 298 298 298 298 299
288 262 224 247 269 275 273 285 289 285 287 290 297 297 298 298 296 296 295 297 299 298 297 297 297 298 298 299 299 299 300 300 300 300 299 300 300 299 299 299 299 299 299 299 298 297 297 297 298 298 298 298 298 297 298 297 298 296 296 296 297 297 297 297 297 296 297 297 297 297 298 296 296 296 296 296 297 297 297 297 297 297 298 297 297
285 258 233 263 273 271 278 283 289 293 293 290 291 294 295 297 294 295 296 295 296 296 296 297 297 297 296 298 299 299 299 300 299 299 299 299 299 299 299 298 299 299 300 299 297 296 296 296 297 297 297 297 297 298 297 297 297 297 296 296 297 297 296 298 297 296 297 297 296 296 297 297 297 296 296 296 297 297 297 297 297 297 298 298 298
274 266 216 256 247 265 266 280 287 292 293 296 292 290 294 295 294 294 293 291 288 294 297 298 297 296 296 296 297 299 298 298 299 299 299 299 299 298 298 298 298 298 297 298 298 297 296 295 295 296 297 297 297 298 296 296 297 297 297 296 296 296 297 296 296 296 296 295 297 296 296 296 296 295 296 296 296 296 297 297 297 297 297 297 298
