5.asc
ncols        384
nrows        456
xllcorner    93.000000000000
yllcorner    -8.000000000000
cellsize     0.041666666667
NODATA_value 0
[rows 185 to 221 of 456, columns 85 to 169 of 384]
-32768 -32768 -32768 -32768 -32768 -32768 -32768 -32768 -32768 -32768 -32768 -32768 -32768 -32768 303 294 261 277 282 292 282 260 247 242 247 234 226 226 228 242 257 285 293 299 295 273 259 256 250 269 265 242 239 233 230 234 231 241 260 272 278 286 288 291 293 295 296 297 297 298 299 299 299 298 299 299 299 300 299 299 299 299 300 299 299 298 298 298 298 298 298 297 298 298 298
-32768 -32768 -32768 -32768 -32768 -32768 -32768 -32768 -32768 -32768 -32768 -32768 -32768 -32768 -32768 304 301 287 274 292 287 277 273 263 263 252 249 232 242 242 239 283 278 286 296 283 253 243 238 265 257 222 216 220 224 219 216 219 238 249 259 277 283 287 290 293 294 295 296 298 298 298 297 297 298 298 298 298 298 298 298 298 298 298 298 297 297 296 296 297 297 298 298 298 299
-32768 -32768 -32768 -32768 -32768 -32768 -32768 -32768 -32768 -32768 -32768 -32768 -32768 -32768 -32768 316 313 304 296 293 300 284 281 272 273 264 248 237 260 248 254 286 284 269 289 296 272 250 245 251 260 244 240 227 217 231 226 227 225 225 252 272 279 282 286 290 291 293 294 296 296 296 296 296 296 297 298 298 297 297 298 298 298 298 298 298 297 296 296 297 297 297 297 297 298
-32768 -32768 -32768 -32768 -32768 -32768 -32768 -32768 -32768 -32768 -32768 -32768 -32768 -32768 -32768 -32768 316 304 303 286 302 284 281 261 255 247 238 250 271 264 256 276 287 272 287 290 294 254 254 263 267 259 260 253 235 239 232 231 231 223 242 264 272 273 283 285 287 290 292 294 294 294 295 294 295 295 296 296 297 298 297 297 298 298 298 297 296 296 296 296 296 297 297 298 297
-32768 -32768 -32768 -32768 -32768 -32768 -32768 -32768 -32768 -32768 -32768 -32768 -32768 -32768 -32768 -32768 -32768 304 304 303 296 298 298 285 266 252 260 260 277 282 283 268 287 285 288 288 292 272 251 261 267 268 264 257 250 242 237 236 235 228 221 255 264 269 277 278 284 288 290 291 291 292 293 293 294 295 295 295 296 296 297 297 298 298 298 297 297 296 296 296 296 296 297 297 298
-32768 -32768 -32768 -32768 -32768 -32768 -32768 -32768 -32768 -32768 -32768 -32768 -32768 -32768 -32768 -32768 -32768 316 303 304 300 300 293 294 280 273 265 276 274 268 282 284 277 293 283 279 286 277 259 269 270 269 264 256 249 241 237 236 235 233 225 241 246 260 262 268 274 271 282 287 287 289 290 292 293 294 294 294 295 295 296 297 297 296 297 297 295 297 296 296 296 296 296 297 296
-32768 -32768 -32768 -32768 -32768 -32768 -32768 -32768 -32768 -32768 -32768 -32768 -32768 -32768 -32768 -32768 -32768 -32768 304 304 303 302 293 297 299 280 274 272 273 283 292 290 291 289 286 258 261 285 279 261 261 264 259 250 240 236 232 232 232 231 232 239 246 255 255 252 247 252 270 279 284 286 289 290 291 292 293 293 294 295 297 296 297 296 296 296 295 296 295 296 295 296 296 296 297
-32768 -32768 -32768 -32768 -32768 -32768 -32768 -32768 -32768 -32768 -32768 -32768 -32768 -32768 -32768 -32768 -32768 -32768 317 304 303 303 303 302 299 287 269 269 271 287 285 291 294 294 292 259 256 262 284 267 253 251 249 237 225 223 223 226 228 227 230 235 241 247 249 248 244 249 268 275 281 283 287 289 290 291 292 292 294 295 296 295 295 296 296 296 296 297 297 295 295 295 296 296 296
-32768 -32768 -32768 -32768 -32768 -32768 -32768 -32768 -32768 -32768 -32768 -32768 -32768 -32768 -32768 -32768 -32768 -32768 -32768 314 304 304 304 303 290 271 267 265 269 283 289 295 294 297 289 268 269 257 268 282 269 247 245 231 203 206 221 223 224 226 227 231 235 240 244 248 252 257 265 272 278 281 285 288 289 291 291 291 293 295 295 295 295 295 296 296 296 297 296 296 295 295 295 296 295
-32768 -32768 -32768 -32768 -32768 -32768 -32768 -32768 -32768 -32768 -32768 -32768 -32768 -32768 -32768 -32768 -32768 -32768 -32768 -32768 312 309 304 304 299 297 300 295 291 294 295 298 297 296 287 283 276 266 262 275 276 272 255 230 211 198 212 239 243 233 230 233 231 236 242 247 253 258 264 270 274 279 283 286 289 290 290 292 293 294 295 295 295 295 295 296 296 297 296 295 295 295 295 296 296
-32768 -32768 -32768 -32768 -32768 -32768 -32768 -32768 -32768 -32768 -32768 -32768 -32768 -32768 -32768 -32768 -32768 -32768 -32768 -32768 317 312 308 306 305 304 303 303 303 304 301 301 301 297 287 271 275 275 268 264 270 269 261 250 235 222 207 243 253 253 252 249 235 232 239 244 250 254 261 267 273 277 281 285 287 289 289 291 293 294 295 295 294 294 295 295 296 296 296 296 296 295 295 296 296
-32768 -32768 -32768 -32768 -32768 -32768 -32768 -32768 -32768 -32768 -32768 -32768 -32768 -32768 -32768 -32768 -32768 -32768 -32768 -32768 -32768 316 311 309 307 304 303 303 302 303 303 302 300 300 294 286 268 263 269 266 259 255 259 253 238 224 212 239 253 253 252 253 252 242 235 239 244 249 255 259 266 274 278 281 284 288 290 291 292 294 294 293 294 294 295 296 296 296 295 296 295 295 295 296 296
-32768 -32768 -32768 -32768 -32768 -32768 -32768 -32768 -32768 -32768 -32768 -32768 -32768 -32768 -32768 -32768 -32768 -32768 -32768 -32768 -32768 -32768 314 310 309 304 302 302 302 302 302 303 301 300 298 296 282 266 254 251 257 252 246 252 243 230 220 216 242 252 252 253 252 252 247 232 237 240 245 252 260 266 273 278 283 286 288 290 291 293 294 293 294 294 296 296 296 296 296 295 296 295 295 296 296
-32768 -32768 -32768 -32768 -32768 -32768 -32768 -32768 -32768 -32768 -32768 -32768 -32768 -32768 -32768 -32768 -32768 -32768 -32768 -32768 -32768 -32768 315 312 310 307 303 302 302 302 303 302 301 302 302 298 289 278 266 256 247 244 244 241 245 236 223 211 218 248 252 252 242 243 251 251 237 235 239 243 250 259 266 273 279 283 286 289 291 293 294 295 296 295 295 296 296 296 296 296 296 295 295 295 295
-32768 -32768 -32768 -32768 -32768 -32768 -32768 -32768 -32768 -32768 -32768 -32768 -32768 -32768 -32768 -32768 -32768 -32768 -32768 -32768 -32768 -32768 317 313 311 308 303 302 302 302 303 303 303 301 302 299 291 282 274 265 265 255 242 235 233 234 223 210 204 223 252 250 233 224 236 253 252 235 228 227 235 247 253 262 277 283 287 290 290 293 294 296 296 295 295 296 296 296 296 296 296 295 295 295 295
-32768 -32768 -32768 -32768 -32768 -32768 -32768 -32768 -32768 -32768 -32768 -32768 -32768 -32768 -32768 -32768 -32768 -32768 -32768 -32768 -32768 -32768 -32768 313 310 307 303 302 302 302 301 302 301 302 301 299 294 282 278 272 271 264 255 237 224 222 224 212 205 227 251 251 235 222 214 239 253 243 232 214 221 231 242 242 264 277 283 287 290 293 294 294 295 295 296 295 296 296 296 296 296 296 295 295 295
-32768 -32768 -32768 -32768 -32768 -32768 -32768 -32768 -32768 -32768 -32768 -32768 -32768 -32768 -32768 -32768 -32768 -32768 -32768 -32768 -32768 -32768 316 313 311 308 303 302 302 302 302 302 301 300 299 298 295 284 279 265 258 263 258 244 228 216 218 214 206 220 231 245 237 223 215 216 246 234 231 228 207 208 230 236 258 268 273 283 287 291 291 294 295 295 296 295 296 296 296 296 296 296 295 295 295
-32768 -32768 -32768 -32768 -32768 -32768 -32768 -32768 -32768 -32768 -32768 -32768 -32768 -32768 -32768 -32768 -32768 -32768 -32768 -32768 -32768 -32768 314 311 310 308 303 302 302 302 302 301 300 300 297 296 294 288 281 273 266 254 252 252 240 222 210 205 206 209 239 252 245 230 217 217 231 249 242 235 233 212 220 223 247 257 265 274 282 288 290 293 296 296 296 296 296 297 297 296 296 296 296 295 295
-32768 -32768 -32768 -32768 -32768 -32768 -32768 -32768 -32768 -32768 -32768 -32768 -32768 -32768 -32768 -32768 -32768 -32768 -32768 -32768 -32768 315 312 309 307 307 303 302 302 302 302 302 302 300 299 299 297 293 286 279 267 251 248 247 244 232 218 203 201 202 204 230 246 247 235 223 225 238 252 248 244 244 233 218 235 251 251 259 269 286 291 294 293 296 297 296 296 297 297 296 296 296 296 295 295
312 -32768 -32768 -32768 -32768 -32768 -32768 -32768 -32768 -32768 -32768 -32768 -32768 -32768 -32768 -32768 -32768 -32768 -32768 -32768 316 312 310 308 307 306 303 302 302 302 302 302 301 299 300 300 299 295 292 285 272 261 240 236 231 231 226 214 204 200 198 197 218 244 250 241 236 240 248 253 242 247 248 240 234 239 231 233 248 276 291 293 291 296 296 296 297 297 297 297 297 297 297 296 295
305 312 -32768 -32768 -32768 -32768 -32768 -32768 -32768 -32768 -32768 -32768 -32768 -32768 -32768 -32768 -32768 -32768 -32768 -32768 313 308 307 306 305 305 303 302 302 302 302 302 301 300 301 300 298 295 291 287 281 275 260 247 244 230 229 222 214 207 205 202 198 229 250 251 250 250 253 252 243 249 251 248 233 230 224 211 242 273 286 290 286 292 296 296 297 297 297 297 297 297 297 295 295
304 306 311 -32768 -32768 -32768 -32768 -32768 -32768 -32768 -32768 -32768 -32768 -32768 -32768 -32768 -32768 -32768 -32768 317 312 306 304 304 304 304 303 302 302 301 302 302 301 301 301 298 296 295 288 288 284 273 268 254 255 247 236 229 221 214 214 215 213 212 243 251 252 253 256 251 250 250 251 250 237 206 218 224 252 275 281 287 283 286 291 291 297 296 296 297 297 297 296 296 297
303 304 306 316 -32768 -32768 -32768 -32768 -32768 -32768 -32768 -32768 -32768 -32768 -32768 -32768 313 308 309 303 304 304 303 303 303 303 303 303 302 302 302 302 301 301 300 299 298 298 293 280 286 279 269 262 261 259 250 242 233 225 220 222 223 223 237 251 249 251 255 249 251 251 249 248 234 225 233 235 256 271 275 284 281 289 289 291 296 295 296 296 297 297 297 296 297
307 304 307 314 -32768 -32768 -32768 -32768 -32768 -32768 -32768 -32768 -32768 -32768 -32768 312 303 304 303 304 304 304 304 304 304 303 303 303 302 302 302 302 301 301 300 300 300 299 294 280 276 285 280 273 270 263 253 247 240 227 222 224 225 226 239 230 229 231 228 237 243 243 243 235 229 232 239 243 251 263 275 276 278 283 291 293 295 296 296 296 297 297 297 297 297
315 307 309 312 315 -32768 -32768 -32768 -32768 -32768 -32768 -32768 -32768 -32768 312 306 303 303 303 303 304 304 304 305 305 304 304 304 303 302 302 302 302 302 302 302 302 301 298 290 286 282 276 281 275 271 269 254 247 232 223 223 226 224 226 224 224 222 222 227 225 225 227 225 228 233 239 244 251 256 260 268 265 286 290 292 293 294 295 296 296 297 297 297 297
-32768 -32768 314 310 309 311 311 310 311 312 311 310 311 303 302 303 301 301 303 304 304 304 304 306 305 306 306 305 305 304 304 303 303 304 303 302 302 301 301 299 292 282 275 277 273 272 275 267 247 223 225 223 222 225 223 227 226 228 228 228 227 224 220 219 224 232 235 237 241 246 257 267 272 281 287 292 294 293 296 297 296 297 297 297 297
-32768 303 302 305 307 307 305 305 305 305 305 304 304 303 303 302 301 301 303 304 304 304 303 306 307 307 306 306 305 304 304 304 304 304 304 302 302 301 301 301 300 290 278 275 272 275 274 272 255 225 231 226 222 225 220 228 236 234 235 234 231 228 220 222 226 230 229 208 221 246 257 266 271 274 278 289 293 294 296 296 297 296 296 297 297
-32768 303 303 304 307 310 307 304 304 304 304 304 305 304 304 303 302 301 301 303 304 303 306 306 306 306 307 306 306 304 304 304 305 306 305 304 303 303 303 302 302 300 297 282 266 269 273 272 263 247 241 238 236 229 224 223 236 238 238 237 235 233 228 225 230 232 228 223 220 248 253 258 256 254 268 288 292 295 295 296 297 296 296 297 297
-32768 302 301 301 306 312 312 309 306 305 304 304 299 298 299 304 304 302 301 303 304 304 305 307 307 308 307 307 306 305 304 304 306 308 307 306 304 303 303 302 302 301 300 297 278 274 274 268 258 246 247 251 248 238 221 222 235 242 238 238 236 234 229 222 230 239 245 246 234 231 233 228 236 246 277 289 292 295 296 295 297 295 297 296 296
-32768 303 301 301 310 -32768 -32768 -32768 317 312 307 304 297 299 299 305 305 303 302 303 303 304 305 307 307 308 307 307 306 306 305 306 307 309 308 308 305 303 303 303 302 302 302 301 300 296 290 273 268 260 253 254 257 252 231 229 234 247 241 239 237 235 227 235 241 244 249 252 251 244 243 231 242 272 286 292 293 294 285 296 296 296 295 295 295
-32768 -32768 -32768 -32768 -32768 -32768 -32768 -32768 -32768 -32768 314 306 305 299 304 304 304 303 303 302 304 303 305 307 308 308 307 306 307 307 307 307 308 310 311 310 307 304 303 303 303 302 302 302 302 298 279 268 263 282 289 277 266 272 260 249 233 239 248 235 232 235 234 236 242 246 251 254 259 259 260 244 254 264 285 292 291 288 288 293 296 295 295 295 296
-32768 -32768 -32768 -32768 -32768 -32768 -32768 -32768 -32768 -32768 -32768 311 306 305 307 305 305 305 306 305 305 306 307 307 308 308 309 308 307 308 309 309 310 310 311 310 309 306 304 303 303 303 304 305 303 302 301 295 278 288 293 291 283 271 259 250 242 237 242 233 230 234 234 234 233 244 249 253 259 264 268 263 267 259 282 291 292 292 293 295 293 295 295 295 296
-32768 -32768 -32768 -32768 -32768 -32768 -32768 -32768 -32768 -32768 -32768 317 310 308 307 308 309 311 314 312 309 308 308 308 308 310 312 315 313 313 315 316 314 312 312 311 309 306 304 303 303 302 302 302 303 307 302 301 296 298 291 284 284 275 262 254 246 244 244 246 233 230 231 233 236 239 247 250 255 263 270 276 279 276 280 291 289 289 292 291 293 294 295 296 296
-32768 -32768 -32768 -32768 -32768 -32768 -32768 -32768 -32768 -32768 -32768 -32768 314 310 309 309 310 314 315 314 313 309 308 309 311 315 -32768 -32768 -32768 -32768 -32768 -32768 -32768 315 313 312 308 306 305 304 303 302 302 302 303 304 303 302 301 301 300 295 287 279 270 260 237 248 241 251 251 226 221 221 230 239 245 244 240 253 254 270 276 262 270 282 285 290 292 291 293 294 296 295 296
-32768 -32768 -32768 -32768 -32768 -32768 -32768 -32768 -32768 -32768 -32768 -32768 -32768 313 311 311 313 317 -32768 -32768 -32768 315 312 311 315 -32768 -32768 -32768 -32768 -32768 -32768 -32768 -32768 -32768 315 310 305 305 306 305 304 303 302 303 303 303 302 302 301 301 300 296 283 282 278 275 261 253 244 249 266 238 229 235 240 235 247 249 239 242 237 251 256 261 281 284 281 289 291 293 293 294 295 296 297
-32768 -32768 -32768 -32768 -32768 -32768 -32768 -32768 -32768 -32768 -32768 -32768 -32768 316 315 -32768 -32768 -32768 -32768 -32768 -32768 -32768 316 312 -32768 -32768 -32768 -32768 -32768 -32768 -32768 -32768 -32768 -32768 -32768 313 309 306 306 306 305 304 303 304 303 303 302 302 302 301 300 299 294 286 276 272 267 257 249 255 268 262 252 254 255 249 250 250 235 241 246 235 245 260 281 290 286 291 294 294 293 294 292 295 297
-32768 -32768 -32768 -32768 -32768 -32768 -32768 -32768 -32768 -32768 -32768 -32768 -32768 -32768 -32768 -32768 -32768 -32768 -32768 316 317 -32768 315 315 -32768 -32768 -32768 -32768 -32768 -32768 -32768 -32768 -32768 -32768 -32768 316 312 307 306 307 306 305 304 304 304 303 302 302 303 305 301 300 301 292 276 265 266 260 254 249 256 272 263 265 262 256 252 237 216 233 252 250 241 264 274 286 287 292 294 296 295 296 295 295 297
