5.asc
ncols        384
nrows        456
xllcorner    93.000000000000
yllcorner    -8.000000000000
cellsize     0.041666666667
NODATA_value 0
[rows 37 to 73 of 456, columns 170 to 254 of 384]
363 362 363 364 364 364 365 365 366 365 365 365 364 364 365 364 364 364 363 363 364 364 363 363 363 361 361 361 361 361 361 361 362 361 361 361 361 360 361 361 361 360 360 361 360 360 360 360 360 360 360 360 360 360 359 359 359 359 358 358 357 357 357 357 357 356 355 355 356 355 353 353 353 353 352 352 352 351 350 350 350 350 348 347 347
361 361 362 363 363 363 364 364 364 363 363 363 362 362 362 362 362 361 361 361 361 361 361 361 361 360 360 360 360 360 360 360 359 359 360 360 360 359 359 359 360 359 359 359 359 358 358 358 359 359 359 359 359 358 358 358 358 358 357 357 357 357 356 356 356 355 354 354 353 353 353 353 353 353 351 351 350 350 350 350 348 348 347 347 347
361 361 363 363 364 363 364 364 364 363 363 363 362 362 361 361 362 362 361 361 361 360 360 361 361 360 360 360 360 359 359 360 359 359 360 360 359 359 359 359 359 359 359 359 359 358 358 358 359 359 359 359 359 358 358 358 358 357 357 357 357 357 356 356 355 355 354 353 353 353 353 353 353 352 351 350 350 350 350 349 348 348 348 347 346
360 360 361 361 361 362 362 362 362 361 362 362 361 361 360 360 360 361 359 359 359 358 358 358 359 359 359 358 358 357 357 357 358 358 358 358 358 358 358 358 358 358 358 358 358 358 357 357 358 358 358 358 358 357 357 357 357 356 356 355 356 356 355 354 354 353 353 352 352 352 352 352 351 351 350 350 350 350 349 348 348 342 346 346 345
360 360 361 361 362 362 362 362 362 361 362 362 361 361 361 360 360 360 359 359 359 358 358 357 358 359 359 358 357 356 357 357 358 358 358 357 358 358 358 358 358 358 358 358 358 357 357 357 358 358 358 358 357 357 357 357 357 356 355 355 355 355 354 354 354 353 353 352 352 352 352 352 351 351 350 350 350 350 348 348 348 347 346 346 345
360 360 360 360 361 361 360 360 361 360 359 359 359 359 359 358 358 357 357 358 358 357 357 357 356 356 356 356 355 355 356 356 357 357 357 356 357 357 357 357 356 356 357 357 357 356 356 356 357 357 357 357 356 356 356 356 355 354 354 354 354 354 354 354 353 353 352 352 352 352 352 352 351 351 349 349 349 349 348 348 348 346 345 345 345
360 359 360 360 361 361 360 360 360 360 360 360 359 359 359 358 358 357 357 358 358 357 357 357 356 356 356 356 355 355 356 356 357 357 357 356 357 357 357 356 356 356 357 357 357 356 356 356 357 357 357 356 356 356 356 356 355 354 354 354 354 354 354 354 353 353 352 352 352 352 352 351 350 350 349 349 349 348 348 347 348 347 346 345 345
359 358 359 359 359 359 359 359 359 358 358 357 358 358 358 357 357 356 356 356 357 356 356 356 355 355 355 354 353 353 355 354 355 355 355 355 356 356 356 355 356 356 356 356 355 355 356 356 356 356 355 355 355 355 355 355 353 353 353 353 353 353 353 352 352 352 351 351 351 351 351 349 349 349 349 349 348 348 347 347 346 345 345 345 345
359 358 359 359 359 359 359 359 359 358 358 357 358 358 356 357 357 356 356 356 355 356 356 356 355 355 355 354 353 353 355 354 354 355 355 355 356 356 356 355 356 356 356 356 355 355 356 356 356 355 355 355 355 355 355 354 353 353 353 353 353 353 353 352 352 351 351 351 351 351 349 349 349 349 349 348 348 348 347 347 346 345 345 345 345
358 356 358 357 357 357 357 357 357 357 357 356 356 356 355 354 355 354 354 353 353 354 354 354 353 353 354 353 352 353 354 353 353 354 354 354 355 355 354 354 355 355 355 355 355 355 355 355 354 354 354 354 354 354 354 353 352 352 352 352 352 352 350 350 350 350 351 351 351 351 349 349 349 349 348 348 348 347 346 346 346 345 345 345 344
358 357 358 357 357 357 357 356 357 357 356 356 356 355 355 354 354 354 354 353 353 353 354 353 353 353 354 353 352 353 354 353 353 354 354 353 355 355 354 354 355 355 354 354 355 355 355 355 354 354 354 354 354 354 354 352 352 352 352 352 352 352 350 350 350 350 351 351 351 351 349 349 349 348 348 348 348 347 346 346 345 345 345 345 344
356 356 356 355 356 356 355 354 355 355 355 354 355 354 354 354 353 353 353 352 352 352 353 352 353 353 352 351 351 352 352 352 353 353 354 353 353 354 354 353 354 354 354 354 354 354 354 353 354 354 354 354 354 354 354 353 351 351 351 351 352 352 350 350 350 350 349 350 350 350 348 348 348 348 348 347 347 346 346 346 345 345 345 345 344
356 356 356 356 356 355 355 354 355 356 354 354 354 354 354 354 353 353 353 352 352 352 351 352 353 353 352 352 352 352 352 352 353 353 353 353 353 353 354 353 353 354 354 354 354 354 354 353 354 354 354 354 354 354 354 352 351 351 351 351 352 350 350 350 351 350 349 349 350 349 348 348 348 348 348 347 347 346 346 345 345 345 345 345 344
354 354 354 354 354 353 354 354 354 353 354 353 353 352 353 353 352 352 352 351 351 350 351 352 352 352 351 351 352 352 352 352 353 353 352 352 353 353 352 352 353 354 353 353 354 354 353 353 353 353 353 353 353 353 352 351 351 351 351 351 351 349 350 350 350 350 349 349 350 348 348 348 348 348 347 347 346 346 346 345 345 345 345 345 344
355 353 354 354 354 353 354 354 354 353 354 353 352 352 353 352 352 352 351 351 351 350 351 352 352 352 351 351 352 352 352 352 353 353 352 352 353 353 352 352 353 353 353 353 354 354 353 353 353 353 353 353 353 353 351 351 351 351 351 351 351 349 350 350 350 349 349 349 350 348 348 348 348 348 347 347 346 346 345 345 345 345 345 345 342
353 351 352 352 352 352 352 352 353 352 352 351 351 351 350 350 351 351 350 350 351 350 350 351 352 352 351 351 352 351 352 352 352 351 352 352 353 353 352 352 353 353 353 353 354 354 353 353 353 353 353 353 353 352 351 351 351 351 350 350 351 349 349 349 350 350 350 350 348 348 348 348 348 348 347 347 346 346 345 345 345 345 345 344 342
353 351 352 352 352 352 352 352 353 352 352 351 351 352 351 350 351 351 350 350 350 350 350 350 352 351 351 351 352 351 352 352 352 351 352 352 353 353 352 352 354 353 353 353 354 354 353 353 353 353 353 353 352 351 351 351 351 350 350 350 350 349 349 349 349 350 350 349 348 348 348 348 348 347 347 347 346 346 345 345 345 345 345 343 342
350 348 350 349 349 348 350 350 351 350 351 350 351 351 351 349 350 350 350 350 349 349 350 350 351 351 351 351 351 351 352 352 352 351 351 351 353 352 352 352 353 353 353 353 354 353 353 353 353 353 353 352 351 351 351 351 351 350 350 350 350 349 349 349 349 350 349 348 348 348 348 348 348 346 347 347 346 346 345 345 345 345 344 343 342
349 348 350 348 349 349 349 350 350 350 350 350 351 351 350 349 350 349 350 350 349 349 350 350 351 351 351 350 351 351 352 351 351 351 351 351 352 352 352 352 353 353 353 353 353 353 353 353 353 353 352 351 351 351 351 351 350 350 350 350 349 349 349 349 350 349 349 348 348 348 348 347 347 346 346 346 346 346 345 345 345 345 343 343 342
346 345 347 346 347 347 347 348 348 348 348 348 349 348 349 348 349 348 349 348 349 349 350 350 351 351 352 351 351 351 352 350 351 351 352 352 352 352 353 353 353 353 353 353 353 353 353 353 353 353 353 352 351 351 351 351 351 350 350 350 350 350 350 350 350 349 349 348 348 348 347 347 347 346 346 346 346 346 345 345 345 345 343 343 342
345 345 345 346 346 346 347 347 348 348 348 348 349 348 348 348 348 348 349 349 349 349 350 349 351 351 352 351 351 351 351 350 351 352 353 352 352 352 353 353 352 353 353 353 353 353 353 353 353 353 353 352 351 351 351 351 350 350 350 350 350 350 350 350 349 349 348 348 348 348 348 347 346 346 346 346 346 346 345 345 345 345 343 343 342
342 342 342 342 343 344 345 345 347 347 347 347 348 347 347 347 347 347 349 349 349 349 349 349 350 351 351 351 352 352 352 351 352 352 353 353 353 353 353 353 353 352 354 353 353 353 353 353 353 353 352 351 352 352 352 352 351 351 351 350 350 350 350 349 349 348 348 348 348 348 347 346 346 346 346 346 346 345 345 345 345 344 343 343 343
344 341 342 342 343 344 345 345 346 346 347 347 348 347 347 347 347 348 348 348 349 349 349 349 350 349 350 350 352 352 352 352 352 352 352 352 353 353 353 352 352 352 354 353 353 353 353 353 353 353 351 351 352 352 352 352 351 351 351 350 350 350 350 349 349 348 348 348 348 348 347 346 346 346 346 346 345 345 345 345 345 343 343 343 343
339 338 340 340 341 342 343 342 344 344 345 345 347 345 346 346 346 347 347 347 349 348 349 349 350 349 350 350 350 351 352 352 353 353 352 352 353 353 352 352 354 354 354 353 353 353 353 353 353 353 353 352 352 352 352 352 351 351 351 350 350 350 350 349 348 348 348 348 348 348 346 346 346 346 346 346 346 345 344 345 345 343 343 343 343
340 338 340 340 341 342 342 342 344 344 345 345 346 345 345 345 346 346 347 347 349 348 349 349 351 351 351 351 350 351 352 351 353 353 352 352 353 353 352 352 354 354 353 353 353 353 353 352 353 353 352 352 352 352 352 351 351 351 350 350 350 350 350 349 349 349 348 348 348 348 347 346 346 346 346 346 346 345 344 344 345 343 343 343 343
337 337 338 338 338 338 340 340 342 342 344 343 345 344 344 343 345 344 346 347 347 347 350 350 351 350 351 351 352 352 352 351 351 351 353 353 353 352 353 353 354 354 353 353 353 353 353 353 353 353 352 352 352 351 351 351 351 350 350 350 350 350 350 349 349 349 348 348 348 348 348 347 346 346 346 346 346 345 344 344 345 343 343 343 343
338 337 339 338 340 339 341 340 342 342 344 343 345 345 345 344 345 344 346 347 347 348 350 350 350 350 351 349 351 352 352 351 351 351 353 353 353 352 353 353 353 353 353 353 353 353 353 353 353 353 352 352 352 351 351 351 350 350 350 350 350 350 350 349 349 349 348 348 348 348 348 346 346 346 346 346 346 345 344 344 344 343 343 343 343
335 335 336 336 337 337 339 338 340 340 342 342 343 342 345 343 345 344 346 346 349 348 349 348 350 350 351 350 351 351 353 352 352 352 353 353 353 353 353 353 353 353 353 354 353 353 353 353 353 352 352 352 351 351 351 351 350 350 350 350 350 350 350 349 349 349 348 348 348 348 348 346 346 346 346 346 345 344 344 344 344 343 343 343 342
335 334 336 336 338 341 338 339 341 340 342 341 343 343 344 343 344 345 347 347 348 348 348 348 350 350 352 350 351 351 353 351 352 353 353 353 353 353 353 353 353 352 353 354 353 353 353 353 353 352 351 351 351 351 351 350 350 350 350 350 350 350 350 349 349 348 348 348 348 348 348 347 347 346 346 346 344 344 344 344 344 343 343 343 342
334 334 335 334 335 337 337 337 339 338 341 340 342 341 343 342 345 344 346 345 347 347 350 348 350 349 351 350 351 351 351 351 352 353 353 353 353 353 353 353 353 353 353 354 354 353 353 353 352 352 351 351 351 351 351 351 350 350 350 350 350 350 350 349 348 348 348 348 348 348 347 347 346 346 346 346 344 344 344 344 344 343 343 343 342
334 334 335 335 336 336 337 337 339 339 340 339 342 341 343 343 344 345 347 346 348 348 350 349 351 351 351 351 352 352 351 351 352 353 353 352 353 353 353 353 354 353 353 353 353 353 353 352 352 352 352 351 351 350 350 350 350 350 350 350 350 350 349 349 348 348 348 348 348 348 347 347 346 346 346 345 344 345 344 344 343 343 343 343 342
332 331 332 332 334 334 335 335 336 337 339 338 340 339 341 340 344 344 345 345 347 346 349 349 351 351 351 350 352 352 353 352 352 353 353 352 353 353 353 352 354 353 353 353 353 353 353 353 352 352 352 351 351 349 349 349 350 350 350 350 350 350 349 349 348 348 348 348 348 348 347 346 346 346 346 344 345 345 344 344 343 343 343 343 342
333 332 333 332 334 334 339 335 337 337 339 339 340 340 342 341 344 345 346 346 348 347 349 349 351 351 351 351 352 351 352 352 353 352 353 353 353 353 352 352 352 353 353 353 353 353 353 352 352 352 352 351 351 350 349 349 350 350 350 350 350 350 349 348 348 348 348 348 348 347 346 346 346 346 345 345 345 345 345 343 343 343 343 343 342
331 330 330 330 332 331 337 334 335 335 337 338 339 338 341 341 343 342 345 345 347 346 349 348 349 349 351 351 350 350 352 352 352 351 351 351 352 352 352 352 353 352 353 353 353 353 352 352 352 352 352 352 351 350 349 349 349 349 350 350 350 349 348 348 348 348 348 348 348 347 346 346 346 346 345 345 345 345 345 343 343 343 343 343 342
332 330 332 331 332 332 337 334 335 335 338 337 339 339 341 341 343 342 345 344 346 346 349 349 349 349 351 351 351 350 352 352 352 352 352 352 352 352 353 353 353 352 353 353 353 352 352 352 352 352 352 352 352 350 349 349 349 349 349 349 350 348 348 348 348 348 348 348 347 346 346 346 346 346 346 344 344 344 343 343 343 343 343 343 342
329 328 329 329 331 330 332 332 333 334 336 335 338 338 339 339 341 341 344 345 345 345 348 348 348 348 350 350 351 350 351 351 352 350 351 351 351 352 353 353 352 352 352 352 353 352 352 352 352 352 352 352 352 350 350 349 349 349 349 348 348 348 348 348 348 348 348 348 346 346 346 346 346 346 346 345 344 344 343 343 343 343 343 343 341
329 328 331 330 330 330 332 333 334 333 336 336 339 338 339 339 341 341 345 345 346 345 347 347 349 348 350 350 351 351 351 351 352 350 351 351 351 352 353 352 352 352 352 352 353 353 352 352 352 352 352 352 350 350 350 350 349 349 349 348 348 348 348 348 348 348 348 347 346 346 346 346 346 346 346 345 344 344 343 343 343 343 343 343 342
