6.asc
ncols        384
nrows        456
xllcorner    93.000000000000
yllcorner    -8.000000000000
cellsize     0.041666666667
NODATA_value 0
[rows 222 to 258 of 456, columns 85 to 169 of 384]
-32768 -32768 -32768 -32768 -32768 -32768 -32768 -32768 -32768 -32768 -32768 -32768 -32768 -32768 -32768 -32768 -32768 -32768 -32768 -32768 -32768 193 186 190 -32768 -32768 -32768 -32768 -32768 -32768 -32768 -32768 -32768 -32768 -32768 -32768 189 182 180 180 180 178 178 177 176 174 174 173 174 174 176 171 171 170 164 159 141 133 124 121 118 130 139 126 121 119 119 87 81 86 115 129 122 134 129 135 151 155 159 161 162 162 163 163 163
-32768 -32768 -32768 -32768 -32768 -32768 -32768 -32768 -32768 -32768 -32768 -32768 -32768 -32768 -32768 -32768 -32768 -32768 -32768 -32768 -32768 190 184 188 -32768 -32768 -32768 -32768 -32768 -32768 -32768 -32768 -32768 -32768 -32768 -32768 -32768 183 179 180 179 178 177 177 176 167 164 172 172 172 172 174 176 170 168 168 154 135 118 120 120 123 140 123 112 118 118 100 93 103 111 121 141 126 140 150 153 157 156 160 162 161 161 162 163
-32768 -32768 -32768 -32768 -32768 -32768 -32768 -32768 -32768 -32768 -32768 -32768 -32768 -32768 -32768 -32768 -32768 -32768 -32768 -32768 -32768 -32768 194 191 196 -32768 -32768 -32768 -32768 -32768 -32768 -32768 -32768 -32768 -32768 -32768 -32768 185 181 180 179 179 178 176 176 166 166 169 167 170 173 173 177 180 171 166 158 145 126 120 124 122 127 132 113 118 114 97 111 105 106 127 142 123 146 154 159 161 160 160 161 161 162 161 163
-32768 -32768 -32768 -32768 -32768 -32768 -32768 -32768 -32768 -32768 -32768 -32768 -32768 -32768 -32768 -32768 -32768 -32768 -32768 -32768 198 -32768 194 189 194 -32768 -32768 -32768 -32768 -32768 -32768 -32768 -32768 -32768 -32768 -32768 -32768 186 181 180 179 179 178 176 175 175 174 173 171 172 173 173 176 172 169 169 164 154 135 134 131 127 130 131 107 116 114 102 124 123 129 132 143 135 141 153 160 160 160 161 161 161 161 162 162
-32768 -32768 -32768 -32768 -32768 -32768 -32768 -32768 -32768 -32768 -32768 -32768 -32768 -32768 -32768 -32768 -32768 -32768 -32768 192 189 191 191 189 189 -32768 -32768 -32768 -32768 -32768 -32768 -32768 -32768 -32768 -32768 -32768 -32768 -32768 186 182 178 177 177 176 176 175 174 173 173 171 173 174 169 168 168 171 170 159 153 155 140 142 141 125 98 98 121 126 132 140 142 149 154 153 155 157 159 161 161 161 161 161 162 161 160
-32768 -32768 -32768 -32768 -32768 -32768 -32768 -32768 -32768 -32768 -32768 -32768 -32768 -32768 -32768 -32768 -32768 -32768 185 183 184 185 185 186 187 -32768 -32768 -32768 -32768 -32768 -32768 -32768 -32768 -32768 -32768 -32768 -32768 -32768 -32768 183 178 176 176 176 176 175 174 174 174 173 174 175 167 168 170 169 168 167 166 159 148 152 146 126 110 104 124 139 144 146 147 148 154 158 160 159 160 161 161 161 162 162 162 161 158
-32768 -32768 -32768 -32768 -32768 -32768 -32768 -32768 -32768 -32768 -32768 -32768 -32768 -32768 -32768 -32768 186 187 186 183 182 182 184 184 186 -32768 -32768 -32768 -32768 -32768 -32768 -32768 -32768 -32768 -32768 -32768 -32768 -32768 -32768 183 177 177 177 176 176 176 175 174 174 175 177 177 176 169 169 168 167 169 169 167 163 157 140 101 110 126 134 138 145 151 154 154 157 160 161 161 161 161 161 161 162 162 162 160 159
-32768 -32768 -32768 -32768 -32768 -32768 -32768 -32768 -32768 -32768 -32768 -32768 188 187 187 187 186 186 186 183 177 179 182 183 185 192 -32768 -32768 -32768 -32768 -32768 -32768 -32768 -32768 -32768 -32768 -32768 -32768 -32768 -32768 182 178 178 177 177 175 175 174 174 174 176 177 176 172 171 170 170 170 170 168 165 153 141 123 132 140 139 135 147 150 158 160 161 161 162 162 161 161 162 161 161 161 161 159 159
-32768 -32768 -32768 -32768 -32768 -32768 -32768 -32768 -32768 -32768 -32768 -32768 188 188 186 186 185 185 185 184 175 180 182 182 190 -32768 -32768 -32768 -32768 -32768 -32768 -32768 -32768 -32768 -32768 -32768 -32768 -32768 -32768 -32768 188 181 180 180 179 176 175 175 175 174 175 178 178 172 171 170 170 170 169 168 162 148 133 139 146 149 148 135 147 152 152 159 161 162 162 161 162 162 161 161 160 159 159 159 158
-32768 -32768 -32768 -32768 -32768 -32768 -32768 -32768 -32768 -32768 -32768 -32768 -32768 193 188 183 183 183 185 185 177 179 182 181 183 187 -32768 -32768 -32768 -32768 -32768 -32768 -32768 -32768 -32768 -32768 -32768 -32768 -32768 -32768 188 184 184 182 180 177 175 175 175 174 175 177 178 178 172 171 170 168 170 162 155 141 143 151 148 146 152 135 134 154 152 151 155 159 159 160 162 161 160 160 158 157 157 158 157
-32768 -32768 -32768 -32768 -32768 -32768 -32768 -32768 -32768 -32768 -32768 -32768 -32768 194 189 185 184 184 183 184 180 178 182 176 177 178 185 -32768 -32768 -32768 -32768 -32768 -32768 -32768 -32768 -32768 -32768 -32768 -32768 -32768 -32768 -32768 188 184 181 177 176 175 176 176 177 177 179 179 176 171 171 163 159 167 165 151 158 155 147 133 154 149 134 151 156 151 152 154 161 161 162 160 159 157 156 156 158 158 159
-32768 -32768 -32768 -32768 -32768 -32768 -32768 -32768 -32768 -32768 -32768 -32768 -32768 197 190 188 187 185 183 183 182 180 181 177 173 179 191 189 -32768 -32768 -32768 -32768 -32768 -32768 -32768 -32768 -32768 -32768 -32768 -32768 -32768 -32768 190 185 181 177 176 175 176 177 177 177 179 178 173 171 171 165 155 155 163 160 154 151 151 128 144 156 137 130 139 136 141 145 150 158 161 160 156 153 154 156 156 157 158
-32768 -32768 -32768 -32768 -32768 -32768 -32768 -32768 -32768 -32768 -32768 -32768 189 188 190 188 188 187 185 184 179 180 179 180 175 177 180 184 193 -32768 -32768 -32768 -32768 -32768 -32768 -32768 -32768 -32768 -32768 -32768 -32768 -32768 192 187 183 178 177 177 177 177 178 178 179 178 176 173 170 166 161 156 163 168 148 149 151 140 128 148 142 111 124 119 120 139 136 146 158 159 156 156 156 155 156 157 158
-32768 -32768 -32768 -32768 -32768 -32768 -32768 -32768 -32768 -32768 -32768 -32768 189 188 192 189 190 188 186 185 179 179 176 178 175 176 177 179 184 184 186 188 192 -32768 -32768 -32768 -32768 -32768 -32768 -32768 -32768 -32768 190 187 184 179 177 177 177 177 178 178 178 178 177 173 172 167 165 161 168 169 164 148 152 140 115 134 151 119 115 125 127 134 139 142 153 160 155 156 157 157 157 157 158
-32768 -32768 -32768 -32768 -32768 -32768 -32768 -32768 -32768 -32768 -32768 -32768 -32768 -32768 -32768 199 199 197 187 185 184 184 181 182 174 174 177 179 183 183 182 182 185 190 194 -32768 -32768 -32768 -32768 -32768 -32768 -32768 189 186 185 182 180 178 179 179 179 178 178 179 179 176 173 171 169 160 165 170 170 158 145 150 118 120 145 148 113 117 135 133 135 149 157 160 155 154 157 158 159 159 161
-32768 -32768 -32768 -32768 -32768 -32768 -32768 -32768 -32768 -32768 -32768 -32768 -32768 -32768 -32768 -32768 -32768 200 188 187 185 183 182 180 178 175 174 178 181 183 182 183 182 183 187 193 -32768 -32768 -32768 -32768 -32768 -32768 -32768 189 186 183 181 179 180 180 179 177 178 178 178 175 173 172 171 166 163 166 170 169 147 161 144 127 143 159 139 113 118 143 146 153 159 159 155 155 158 158 159 158 159
-32768 -32768 -32768 -32768 -32768 -32768 -32768 -32768 -32768 -32768 -32768 -32768 -32768 -32768 -32768 -32768 -32768 196 193 188 186 184 180 178 176 171 170 176 177 182 183 182 182 182 183 188 191 -32768 -32768 -32768 -32768 -32768 -32768 189 186 183 181 181 183 181 179 178 178 177 176 176 175 173 172 170 162 161 168 169 158 164 158 147 144 160 153 130 109 128 144 157 160 159 159 157 160 160 161 161 161
-32768 -32768 -32768 -32768 -32768 -32768 -32768 -32768 -32768 -32768 -32768 -32768 -32768 -32768 -32768 -32768 -32768 194 191 189 187 185 182 176 171 171 168 168 173 180 183 182 182 182 182 184 186 192 -32768 -32768 -32768 -32768 -32768 186 184 183 181 182 183 180 179 179 179 177 176 176 177 173 171 166 169 160 163 170 162 154 150 153 145 158 160 151 123 111 124 148 157 156 157 157 160 160 161 159 160
-32768 -32768 -32768 -32768 -32768 -32768 -32768 -32768 -32768 -32768 -32768 -32768 -32768 -32768 -32768 -32768 -32768 197 193 193 187 185 185 181 172 170 162 165 170 173 182 183 182 181 183 183 185 191 -32768 -32768 -32768 -32768 193 183 184 182 181 181 181 179 178 178 178 178 177 176 177 174 173 170 170 165 159 166 167 143 136 142 141 156 161 155 130 100 103 118 144 152 152 149 153 160 161 161 161
-32768 -32768 -32768 -32768 -32768 -32768 -32768 -32768 -32768 -32768 -32768 -32768 -32768 -32768 -32768 -32768 -32768 188 192 190 187 187 187 182 178 170 161 157 163 172 176 180 182 182 183 182 185 191 -32768 -32768 -32768 -32768 -32768 185 183 182 181 181 181 179 178 177 177 178 178 176 177 175 173 171 171 167 163 157 161 152 131 122 126 129 158 156 139 102 87 86 107 130 138 136 132 148 159 158 161
-32768 -32768 -32768 -32768 -32768 -32768 -32768 -32768 -32768 -32768 -32768 -32768 -32768 -32768 -32768 -32768 -32768 189 189 189 188 188 187 187 185 175 165 157 160 166 173 177 181 183 183 183 185 189 -32768 -32768 -32768 -32768 193 183 183 183 183 182 183 182 180 178 178 179 178 177 177 176 174 172 172 170 165 158 150 148 139 119 104 113 146 159 151 132 111 93 75 101 108 121 136 142 154 157 155
-32768 -32768 -32768 -32768 -32768 -32768 -32768 -32768 -32768 -32768 -32768 -32768 -32768 -32768 -32768 -32768 -32768 -32768 190 188 187 188 189 187 187 182 169 158 159 167 179 179 181 184 183 184 186 190 -32768 -32768 -32768 -32768 193 184 183 183 183 182 182 184 182 180 180 179 179 177 176 176 175 173 172 171 164 149 143 132 136 128 97 107 137 157 157 144 119 91 80 72 86 107 118 140 142 148 153
-32768 -32768 -32768 -32768 -32768 -32768 -32768 -32768 -32768 -32768 -32768 -32768 -32768 -32768 -32768 -32768 -32768 -32768 190 189 190 189 192 195 193 186 180 167 167 168 175 174 183 185 185 186 190 197 -32768 -32768 -32768 -32768 195 188 185 183 183 183 181 182 183 183 182 179 179 178 176 176 175 174 173 172 171 162 134 117 109 126 109 94 123 151 157 146 140 116 91 89 97 110 127 126 125 128 147
-32768 -32768 -32768 -32768 -32768 -32768 -32768 -32768 -32768 -32768 -32768 -32768 -32768 -32768 -32768 -32768 -32768 -32768 -32768 -32768 -32768 -32768 -32768 -32768 -32768 187 183 179 169 169 172 178 180 185 185 187 194 -32768 -32768 -32768 -32768 -32768 193 185 184 184 183 182 182 181 182 182 181 179 179 178 177 175 175 175 174 171 170 167 132 98 113 119 117 114 108 132 148 141 121 128 109 95 94 88 111 123 115 117 144
-32768 -32768 -32768 -32768 -32768 -32768 -32768 -32768 -32768 -32768 -32768 -32768 -32768 -32768 -32768 -32768 -32768 -32768 -32768 -32768 -32768 -32768 -32768 -32768 -32768 -32768 185 183 180 172 169 176 171 186 186 190 197 -32768 -32768 -32768 -32768 -32768 189 185 185 185 185 183 182 182 182 181 181 180 180 179 178 177 176 175 175 172 171 165 153 133 148 129 142 133 110 108 129 135 144 133 122 110 86 83 100 118 129 108 129
-32768 -32768 -32768 -32768 -32768 -32768 -32768 -32768 -32768 -32768 -32768 -32768 -32768 -32768 -32768 -32768 -32768 -32768 -32768 -32768 -32768 -32768 -32768 -32768 -32768 -32768 187 184 184 176 169 177 176 186 186 190 198 -32768 -32768 -32768 -32768 -32768 190 185 185 185 185 184 184 182 182 181 183 181 181 179 179 178 177 176 175 174 172 169 165 161 162 160 151 130 116 87 95 119 137 137 128 110 94 86 85 95 128 133 124
-32768 -32768 -32768 -32768 -32768 -32768 -32768 -32768 -32768 -32768 -32768 -32768 -32768 -32768 -32768 -32768 -32768 -32768 -32768 -32768 -32768 -32768 -32768 -32768 -32768 -32768 188 185 184 177 173 171 176 186 186 190 197 -32768 -32768 -32768 -32768 -32768 194 186 185 185 185 184 184 183 182 181 182 182 181 179 179 178 178 176 175 173 174 171 168 165 162 156 133 132 125 95 82 108 124 129 136 133 127 112 111 116 132 146 131
-32768 -32768 -32768 -32768 -32768 -32768 -32768 -32768 -32768 -32768 -32768 -32768 -32768 -32768 -32768 -32768 -32768 -32768 -32768 -32768 -32768 -32768 -32768 -32768 -32768 -32768 195 186 184 179 180 180 182 185 188 195 -32768 -32768 -32768 -32768 -32768 -32768 193 185 185 185 185 184 184 183 182 182 181 182 182 180 179 178 178 176 176 175 174 173 171 167 166 159 138 138 130 112 99 93 96 105 118 120 109 116 123 139 146 151 138
-32768 -32768 -32768 -32768 -32768 -32768 -32768 -32768 -32768 -32768 -32768 -32768 -32768 -32768 -32768 -32768 -32768 -32768 -32768 -32768 -32768 -32768 -32768 -32768 -32768 -32768 198 186 186 186 186 186 188 188 190 -32768 -32768 -32768 -32768 -32768 -32768 -32768 195 187 185 185 185 185 185 183 183 182 182 183 182 180 180 178 178 176 176 175 175 173 172 169 168 167 162 153 141 126 121 116 105 92 110 103 83 99 116 121 136 153 151
-32768 -32768 -32768 -32768 -32768 -32768 -32768 -32768 -32768 -32768 -32768 -32768 -32768 -32768 -32768 -32768 -32768 -32768 -32768 -32768 -32768 -32768 -32768 -32768 -32768 -32768 -32768 195 192 190 190 189 190 191 195 -32768 -32768 -32768 -32768 -32768 -32768 -32768 196 190 187 187 186 185 185 184 183 183 182 181 180 179 179 179 178 177 176 175 175 173 172 170 171 169 168 160 145 139 131 108 92 87 86 103 88 89 107 101 130 151 155
-32768 -32768 -32768 -32768 -32768 -32768 -32768 -32768 -32768 -32768 -32768 -32768 -32768 -32768 -32768 -32768 -32768 -32768 -32768 -32768 -32768 -32768 -32768 -32768 -32768 -32768 -32768 200 195 191 191 191 191 193 196 -32768 -32768 -32768 -32768 -32768 -32768 -32768 195 189 188 185 186 185 185 185 184 183 182 181 179 179 181 179 179 177 176 176 175 174 174 172 171 168 168 163 158 151 138 121 84 80 94 81 88 86 74 87 111 144 155
-32768 -32768 -32768 -32768 -32768 -32768 -32768 -32768 -32768 -32768 -32768 -32768 -32768 -32768 -32768 -32768 -32768 -32768 -32768 -32768 -32768 -32768 -32768 -32768 -32768 -32768 -32768 200 195 192 192 192 192 195 199 -32768 -32768 -32768 -32768 -32768 -32768 -32768 194 189 188 185 185 185 185 185 184 183 183 181 179 179 181 179 179 178 177 176 175 173 174 173 172 171 171 167 165 157 147 135 112 103 117 104 92 97 98 96 121 148 155
-32768 -32768 -32768 -32768 -32768 -32768 -32768 -32768 -32768 -32768 -32768 -32768 -32768 -32768 -32768 -32768 -32768 -32768 -32768 -32768 -32768 -32768 -32768 -32768 -32768 -32768 -32768 -32768 198 195 194 194 194 197 -32768 -32768 -32768 -32768 -32768 -32768 -32768 -32768 -32768 191 189 187 185 185 185 185 184 182 182 182 181 181 181 179 180 179 178 176 175 174 174 172 172 172 171 169 165 160 154 146 136 129 127 110 108 115 120 119 108 128 154
-32768 -32768 -32768 -32768 -32768 -32768 -32768 -32768 -32768 -32768 -32768 -32768 -32768 -32768 -32768 -32768 -32768 -32768 -32768 -32768 -32768 -32768 -32768 -32768 -32768 -32768 -32768 -32768 -32768 199 194 193 191 191 196 -32768 -32768 -32768 -32768 -32768 -32768 -32768 -32768 192 188 185 187 185 185 185 184 182 183 183 182 181 181 180 180 179 178 176 174 174 172 161 167 171 171 169 167 165 161 157 153 150 139 124 127 130 127 127 121 115 145
-32768 -32768 -32768 -32768 -32768 -32768 -32768 -32768 -32768 -32768 -32768 -32768 -32768 -32768 -32768 -32768 -32768 -32768 -32768 -32768 -32768 -32768 -32768 -32768 -32768 -32768 -32768 -32768 -32768 -32768 201 196 194 192 195 -32768 -32768 -32768 -32768 -32768 -32768 -32768 -32768 194 190 188 186 186 187 184 184 183 182 182 182 181 180 180 180 178 177 175 174 172 172 170 167 171 171 169 168 168 167 164 162 160 156 131 126 133 114 117 121 112 130
-32768 -32768 -32768 -32768 -32768 -32768 -32768 -32768 -32768 -32768 -32768 -32768 -32768 -32768 -32768 -32768 -32768 -32768 -32768 -32768 -32768 -32768 -32768 -32768 -32768 -32768 -32768 -32768 -32768 -32768 201 196 193 192 200 -32768 -32768 -32768 -32768 -32768 -32768 -32768 -32768 -32768 195 188 184 186 186 183 183 181 181 181 181 180 181 180 179 179 177 177 174 173 174 173 172 172 172 170 170 169 169 167 167 160 156 153 139 135 133 118 114 99 115
-32768 -32768 -32768 -32768 -32768 -32768 -32768 -32768 -32768 -32768 -32768 -32768 -32768 -32768 -32768 -32768 -32768 -32768 -32768 -32768 -32768 -32768 -32768 -32768 -32768 -32768 -32768 -32768 -32768 -32768 201 196 191 192 202 -32768 -32768 -32768 -32768 -32768 -32768 -32768 -32768 -32768 196 188 184 185 185 182 182 182 182 181 181 180 180 180 180 179 179 176 175 173 172 172 172 171 169 170 170 169 169 168 167 167 164 165 159 149 143 125 131 113 98
