6.asc
ncols        384
nrows        456
xllcorner    93.000000000000
yllcorner    -8.000000000000
cellsize     0.041666666667
NODATA_value 0
[rows 148 to 184 of 456, columns 170 to 254 of 384]
142 141 142 142 143 143 143 143 144 144 147 143 145 144 145 144 135 114 143 144 148 147 138 148 153 149 138 125 103 102 106 98 103 96 94 107 129 134 134 132 140 140 137 134 139 138 135 121 103 108 130 137 137 139 129 127 135 137 130 117 105 105 124 132 130 124 96 86 101 127 138 139 140 143 143 144 143 144 142 143 142 144 143 143 143
142 141 142 142 143 143 145 143 144 145 147 147 145 144 146 144 144 137 146 147 151 148 134 125 151 151 135 112 114 98 87 82 107 114 97 111 124 131 133 132 139 138 136 139 136 136 137 121 91 119 131 134 136 137 126 125 129 134 132 121 91 86 108 127 129 119 110 81 93 119 139 141 141 137 141 143 142 141 142 143 142 143 142 143 143
141 140 142 142 143 143 144 143 144 145 148 147 145 144 147 146 132 123 120 143 150 145 133 123 153 152 136 110 101 83 75 79 96 116 126 131 134 135 135 139 137 138 134 134 126 134 136 129 111 115 128 131 135 130 116 116 117 127 131 127 122 114 97 115 125 110 81 84 106 123 140 141 140 138 142 143 143 143 142 143 143 144 143 143 145
141 140 142 141 144 142 144 143 145 144 148 147 146 144 148 144 117 96 123 144 152 148 134 140 156 155 149 130 102 68 77 90 102 109 120 134 137 136 137 136 135 139 135 128 121 135 138 137 128 111 121 109 127 131 112 111 109 105 124 126 128 126 102 117 121 112 90 108 121 128 138 140 139 138 139 142 138 142 143 140 137 147 144 144 145
140 140 140 140 142 141 144 143 145 144 147 147 145 146 148 146 127 97 128 150 151 140 135 153 157 155 148 130 118 103 79 82 97 104 97 116 132 132 132 132 135 139 134 119 118 138 138 136 135 129 97 65 95 111 114 125 125 121 111 133 128 124 105 122 123 118 96 103 102 110 141 136 140 140 138 142 136 142 142 143 143 148 145 146 144
140 140 140 140 142 141 144 144 145 145 148 147 147 146 148 144 129 112 137 151 153 151 137 157 157 155 141 116 109 105 84 72 87 88 76 86 121 118 117 131 137 140 135 120 129 136 136 136 133 131 99 62 86 125 127 127 131 131 122 133 130 125 122 128 124 115 89 91 114 131 140 134 136 137 140 142 141 141 140 143 143 146 145 145 144
140 138 141 140 142 141 144 143 146 145 148 146 146 146 148 146 129 116 139 152 154 147 150 157 159 155 147 125 114 109 77 82 78 77 89 90 107 112 115 135 137 140 136 130 124 136 137 137 133 131 117 74 100 126 128 133 134 134 132 136 133 132 129 128 115 99 86 109 128 139 138 137 127 132 140 142 139 141 141 144 143 144 144 145 144
139 139 140 140 142 142 144 143 145 145 147 147 149 147 150 146 148 143 152 152 155 145 156 158 158 156 145 121 106 101 79 69 81 93 105 112 114 116 117 134 134 140 138 134 132 138 137 136 133 133 129 108 95 120 125 135 135 135 136 135 135 136 133 125 109 112 109 118 137 135 135 136 130 131 139 141 139 140 139 141 143 141 144 144 144
140 140 140 140 143 142 144 143 145 145 147 148 149 146 150 150 152 150 151 153 155 154 156 157 157 157 147 136 123 110 86 74 79 83 94 115 130 131 130 135 132 140 138 137 140 139 133 133 133 134 129 129 124 120 126 132 130 132 132 135 132 135 132 120 117 124 117 125 132 127 131 135 128 136 135 140 131 134 130 141 142 146 145 145 146
140 140 140 140 142 142 144 143 145 145 148 149 145 147 150 149 153 151 153 153 153 155 156 156 157 156 152 136 118 97 84 88 83 103 107 120 131 133 138 137 131 140 138 141 139 137 125 135 135 134 129 128 130 130 125 134 131 133 131 131 134 134 132 129 129 127 126 129 126 125 126 123 123 123 136 141 139 139 137 142 142 146 145 146 146
140 140 141 141 142 142 144 144 146 146 148 148 140 149 150 150 152 152 154 154 154 155 155 156 157 154 151 137 114 102 96 99 91 98 88 97 126 135 138 138 136 141 139 138 138 129 119 137 136 134 126 127 131 132 128 135 128 124 123 127 121 133 126 128 125 116 123 131 119 127 125 127 123 126 133 140 142 142 142 143 143 144 146 145 146
140 140 141 140 143 142 144 144 147 147 148 146 147 149 151 150 153 152 154 154 155 154 155 154 155 153 115 132 118 102 117 95 76 82 86 106 108 134 136 137 139 142 136 140 139 133 128 138 136 134 131 131 135 135 133 137 124 127 118 127 113 131 120 125 121 102 107 126 126 127 130 133 130 131 132 137 142 143 143 143 141 144 147 146 147
141 140 142 142 143 143 145 144 146 146 148 147 146 148 152 151 153 152 156 155 156 155 156 155 154 151 122 137 126 117 111 96 70 78 93 122 131 138 136 136 139 142 137 140 138 138 137 138 136 136 131 131 127 131 135 138 129 131 118 121 113 129 117 119 111 105 122 105 97 124 132 135 131 136 138 142 141 143 143 143 142 141 148 147 148
141 141 142 142 143 143 145 145 146 146 149 145 149 147 151 151 153 152 155 155 156 155 156 155 153 150 139 144 133 131 125 105 84 92 115 123 117 134 139 139 140 143 141 141 139 139 137 138 137 135 133 132 133 135 136 135 133 128 129 122 123 128 111 112 103 111 114 100 93 123 136 135 135 132 140 141 142 142 142 143 143 143 147 147 148
142 142 144 144 145 145 146 146 147 147 150 144 150 150 153 152 153 154 155 155 155 155 156 154 153 150 148 144 142 141 129 112 66 86 101 103 102 134 139 138 140 142 140 140 139 139 138 137 137 133 135 134 130 136 136 134 130 125 129 123 124 128 118 100 109 113 104 113 113 124 133 138 137 132 136 141 141 143 142 143 144 144 146 148 147
141 142 144 144 144 145 147 146 148 147 149 146 145 149 152 152 154 154 155 155 156 155 156 153 153 150 147 142 142 140 132 119 84 92 88 106 120 136 138 137 139 141 140 140 138 138 138 138 138 137 136 137 134 134 134 133 126 133 127 129 119 127 126 113 116 120 122 122 128 135 133 138 137 137 134 141 142 143 142 143 143 145 145 146 147
142 141 145 145 145 146 148 147 149 149 150 150 152 150 152 153 154 154 157 156 157 156 156 155 153 150 148 145 143 143 136 113 94 97 91 104 110 131 138 137 139 141 140 140 138 138 139 137 135 135 138 137 134 136 136 134 130 130 127 125 122 121 119 119 120 112 121 115 123 133 136 137 137 140 139 140 142 142 142 143 143 143 145 146 145
141 142 145 145 145 146 148 147 149 149 150 150 152 152 153 153 154 155 157 157 159 158 157 155 155 152 150 147 146 145 136 106 119 103 93 82 100 122 136 136 138 140 140 138 138 139 139 136 133 133 137 139 136 137 137 133 127 128 121 120 122 123 121 119 127 124 123 120 124 129 132 135 131 138 139 140 142 140 141 143 144 145 146 146 145
145 146 147 147 148 147 149 149 150 150 151 151 153 153 154 155 155 156 157 158 159 158 158 157 157 153 152 150 148 145 142 120 129 106 104 95 100 124 135 137 139 142 138 139 139 140 140 138 135 134 134 138 135 137 136 135 125 120 117 114 126 123 115 125 123 125 121 118 126 131 134 135 136 139 135 139 139 139 141 142 143 144 146 146 146
144 145 147 147 149 147 149 149 151 150 151 151 153 153 154 154 157 156 157 158 159 159 160 158 157 155 154 151 149 147 147 141 119 108 115 88 102 133 139 141 140 141 140 142 142 142 139 138 138 137 137 137 135 136 137 136 129 123 120 124 129 134 130 126 124 123 111 96 116 129 135 136 139 139 134 138 138 138 142 142 146 145 146 146 146
145 144 146 147 149 149 151 151 153 152 153 152 154 153 155 155 157 157 159 159 160 159 160 159 158 156 155 152 149 150 149 145 116 119 122 95 111 135 122 134 142 145 144 144 141 141 122 123 134 137 138 137 133 135 137 138 133 128 126 132 132 135 132 133 129 121 107 111 121 127 135 136 137 138 137 139 139 139 140 141 141 143 144 146 145
146 145 147 148 151 149 151 151 153 153 153 153 153 154 155 155 157 157 159 159 160 159 160 159 159 157 155 154 152 150 150 149 138 126 138 103 98 120 114 109 124 145 146 145 138 135 131 105 110 134 137 137 132 133 135 137 135 132 135 135 134 130 133 132 131 127 119 105 117 130 134 136 138 139 139 140 139 139 140 142 142 145 144 146 145
150 150 150 150 152 151 153 153 154 154 155 155 157 156 156 156 158 158 159 158 161 160 161 159 159 158 157 156 153 147 151 150 149 148 140 102 90 91 93 94 126 144 144 145 140 136 103 93 95 121 137 126 121 131 136 137 136 135 135 134 134 122 126 131 131 131 122 111 117 119 132 134 138 139 138 139 137 137 140 144 144 144 144 145 145
149 150 150 150 152 151 153 153 154 154 156 155 156 156 157 156 158 158 159 158 161 160 161 159 159 158 158 156 155 151 153 151 153 151 130 90 74 86 84 107 136 143 145 146 140 124 91 71 70 88 126 126 120 132 136 136 136 135 135 134 134 121 122 131 132 133 124 122 114 122 132 134 135 138 138 140 139 137 137 142 145 145 145 145 146
151 151 152 152 153 153 155 155 156 156 156 157 157 157 158 158 159 159 160 159 160 159 160 159 160 159 159 158 156 154 155 154 153 153 136 93 69 100 112 113 111 135 146 147 144 129 94 67 57 92 122 129 125 133 137 137 136 135 134 133 132 131 113 113 131 133 132 132 114 100 119 127 122 133 137 140 139 139 139 141 144 144 145 145 145
151 151 152 152 153 153 155 155 156 155 156 155 157 157 158 157 159 159 160 159 160 159 160 159 160 159 159 158 157 157 156 155 155 154 150 107 89 86 98 111 126 138 145 146 144 137 122 94 68 97 117 133 128 131 137 137 136 134 133 133 133 130 119 107 121 121 132 134 125 105 124 124 130 134 138 139 140 140 141 143 145 143 145 145 144
154 154 155 155 156 156 157 157 158 158 158 157 158 158 160 160 160 160 160 160 161 160 161 160 160 160 160 159 159 157 157 155 155 155 154 141 118 75 87 91 115 140 142 143 146 145 140 113 107 129 128 136 137 134 136 136 134 133 132 132 132 133 118 121 115 125 132 133 134 132 132 132 134 135 138 138 139 139 140 142 142 144 143 144 143
154 154 155 155 156 156 156 156 158 158 158 157 158 158 160 160 160 161 162 161 161 161 161 161 159 159 160 159 159 159 158 156 152 156 155 145 116 104 100 96 93 128 140 146 145 146 142 139 138 140 138 138 136 137 135 136 133 134 133 133 133 134 123 110 124 132 131 132 133 136 136 135 136 137 138 138 139 140 139 144 144 144 143 144 143
157 156 157 157 158 158 158 158 159 159 160 160 161 161 161 161 162 162 163 162 162 161 161 161 160 160 160 159 159 159 158 156 156 150 154 152 138 122 104 111 100 119 136 146 146 145 143 140 140 138 121 132 135 136 135 136 134 134 133 132 133 134 134 123 127 134 133 132 131 134 135 135 137 137 137 138 138 140 139 141 141 143 142 143 143
156 156 157 156 158 158 160 158 159 159 160 160 161 161 162 162 162 162 162 162 162 162 160 161 161 161 160 160 160 160 159 159 155 153 154 154 153 139 133 130 111 94 131 143 147 145 144 142 141 136 129 138 136 136 135 136 133 134 133 133 133 134 135 133 133 134 132 130 129 133 135 136 137 138 138 139 138 140 140 141 141 142 142 143 143
157 157 160 160 160 159 161 161 162 161 161 161 162 162 163 162 163 163 163 162 163 163 164 161 162 161 161 160 160 160 160 159 157 155 156 155 154 153 144 129 101 86 125 143 143 145 142 142 141 141 138 139 137 137 135 135 133 133 132 133 132 134 133 133 133 134 130 132 129 127 135 137 137 138 137 137 139 140 140 141 141 142 142 143 142
157 157 159 159 160 159 161 161 161 161 161 161 162 161 162 162 163 163 163 162 163 163 164 161 162 162 161 161 160 160 160 160 159 158 156 156 152 155 148 117 91 104 128 145 141 145 145 144 142 142 139 139 137 137 135 135 133 133 133 133 132 134 135 131 134 134 129 130 132 132 136 137 136 138 137 137 139 140 140 141 141 141 142 142 143
160 160 160 160 161 162 163 163 163 162 163 163 163 163 163 163 164 164 164 164 164 164 164 163 161 162 162 161 161 160 160 160 160 158 158 157 155 156 153 128 91 101 118 142 139 144 145 145 143 143 139 137 137 137 135 134 133 133 132 133 134 134 132 132 131 132 133 135 135 136 137 137 136 137 137 138 138 139 139 141 141 142 142 144 143
161 161 160 160 161 161 162 162 162 162 163 163 162 162 164 163 164 164 164 163 164 163 163 163 163 161 161 162 161 161 161 161 160 160 157 157 155 156 151 132 83 80 118 140 122 137 145 145 142 142 139 138 136 137 135 136 133 133 133 134 133 133 133 134 134 136 136 135 135 136 137 137 136 138 137 137 138 139 139 141 142 143 144 144 143
162 162 162 162 162 162 164 164 165 164 164 164 164 163 165 165 165 164 164 164 164 164 164 164 164 163 162 162 162 162 161 161 160 160 158 157 155 148 140 108 98 91 120 132 119 122 140 144 142 142 140 138 137 136 135 136 134 134 134 134 134 134 134 130 124 128 127 132 136 136 137 138 138 139 138 140 139 140 139 140 141 146 143 143 143
161 162 162 162 162 162 164 164 164 164 164 164 163 163 164 164 165 164 164 164 164 164 164 164 164 165 163 163 163 163 160 160 160 160 159 159 156 143 131 111 110 123 129 118 121 123 134 143 143 141 140 140 138 137 136 137 135 135 135 135 133 134 134 127 125 125 123 131 136 137 138 136 136 140 139 140 139 140 140 141 141 143 143 144 143
163 164 164 164 164 163 164 164 165 165 165 166 166 164 164 165 164 164 164 164 164 164 163 163 163 164 164 162 162 162 161 161 159 159 159 159 147 137 137 137 128 114 120 112 99 108 116 144 142 141 141 141 140 139 137 138 137 138 137 137 136 135 123 122 133 135 130 137 136 136 138 136 137 139 139 140 139 140 140 142 141 143 143 145 144
