6.asc
ncols        384
nrows        456
xllcorner    93.000000000000
yllcorner    -8.000000000000
cellsize     0.041666666667
NODATA_value 0
[rows 0 to 36 of 456, columns 170 to 254 of 384]
107 108 107 107 107 107 107 107 107 107 108 109 109 109 110 110 110 110 112 112 113 113 114 114 115 114 115 115 115 115 117 117 117 117 117 118 118 118 119 119 120 120 120 120 121 121 120 121 122 122 121 121 123 123 124 124 125 125 126 126 127 127 128 129 132 132 133 133 134 136 137 136 136 132 135 137 139 141 141 141 144 148 150 149 151
107 107 107 107 108 107 107 107 106 107 108 108 109 109 110 110 111 111 111 112 113 113 114 114 115 115 116 116 116 116 118 118 117 117 117 118 118 118 119 119 120 120 120 120 121 121 121 121 122 122 122 122 123 123 124 124 125 126 127 127 128 128 129 130 132 132 133 133 136 136 137 136 136 135 137 140 142 141 141 143 147 148 150 150 151
106 106 105 106 106 107 107 107 107 107 107 107 108 108 109 109 110 110 111 111 112 112 113 113 114 115 115 115 116 117 117 117 117 118 118 118 118 118 118 120 120 120 121 120 120 120 120 120 121 121 121 121 122 123 124 125 126 126 126 126 127 127 129 129 130 131 133 134 135 135 136 135 136 136 139 139 141 141 142 142 144 145 147 148 150
106 107 106 106 106 106 106 106 106 106 108 108 108 108 108 108 109 110 111 111 112 113 113 114 115 116 116 115 116 117 117 117 117 117 119 119 119 119 119 120 120 120 121 121 121 121 121 120 121 122 122 122 123 123 125 125 126 126 126 126 127 128 129 130 131 131 134 134 135 136 138 138 139 138 139 140 142 143 143 144 145 145 147 149 150
105 105 105 106 105 105 105 105 106 106 106 107 108 108 108 108 109 110 111 111 112 113 113 113 114 114 116 116 115 117 117 117 118 117 118 118 118 118 118 118 120 120 120 120 120 120 121 121 121 121 122 122 122 122 124 124 125 126 127 127 129 129 130 130 131 132 133 134 135 136 136 136 137 137 137 140 141 141 143 143 144 145 147 148 149
105 105 105 105 105 105 105 105 106 106 106 106 108 108 109 109 110 110 111 111 113 113 113 113 114 114 116 116 116 116 116 118 118 118 119 118 118 118 118 118 120 120 120 120 120 120 121 121 121 122 123 123 123 124 125 125 126 126 127 128 129 129 130 130 131 132 134 134 135 136 137 137 138 139 132 138 141 142 143 144 144 146 148 148 148
105 105 104 104 104 106 105 105 105 105 106 106 106 107 108 108 109 109 110 111 112 113 113 113 114 114 115 115 116 116 116 117 117 117 118 118 119 119 119 119 120 120 120 120 121 121 120 121 122 122 122 122 123 124 124 124 125 125 126 127 128 128 129 130 131 132 133 133 134 135 136 136 138 138 134 132 138 141 142 142 144 144 146 143 143
104 105 105 104 104 104 105 105 104 104 105 106 106 106 108 108 109 109 111 111 112 112 114 114 114 114 114 116 116 116 116 117 117 117 117 118 119 119 119 119 119 120 120 120 121 121 121 121 122 122 122 122 123 124 124 124 125 125 127 128 129 129 130 130 131 132 133 133 134 135 136 136 138 139 140 138 137 140 142 143 144 145 142 140 140
103 104 104 105 104 103 103 103 105 105 105 104 107 106 107 108 109 109 111 111 112 112 113 113 114 114 115 116 116 116 116 116 118 118 118 119 119 117 118 119 119 120 120 120 120 120 121 121 121 122 123 123 123 124 125 125 125 125 126 127 128 128 129 129 130 131 132 133 134 134 135 136 137 138 139 139 136 140 142 143 143 143 140 139 141
104 104 104 104 104 104 104 104 105 105 105 104 107 107 107 108 110 110 110 111 112 112 113 113 114 114 115 116 116 116 116 116 118 118 118 118 118 118 119 119 121 120 121 121 121 121 121 122 122 122 123 123 124 124 125 125 125 125 126 127 128 128 129 129 131 132 133 133 134 135 136 136 137 138 139 139 132 137 142 142 144 143 144 141 141
103 104 104 104 103 104 104 104 104 104 105 105 107 107 108 109 109 109 110 111 111 112 114 114 115 114 114 115 116 116 116 116 117 117 118 118 119 119 119 119 120 120 121 121 121 121 121 121 122 122 122 122 124 124 124 124 125 125 126 127 127 128 129 129 130 130 132 132 133 134 135 135 136 136 138 139 140 137 141 141 142 143 142 140 140
103 103 104 104 103 103 103 104 104 103 105 105 107 107 108 108 109 109 110 111 112 112 114 114 115 115 115 115 117 117 117 117 117 117 118 118 119 120 119 119 120 120 121 121 121 121 121 121 122 123 123 123 125 125 125 125 126 126 127 127 128 128 129 129 131 131 132 133 133 133 134 135 136 136 138 139 140 140 141 141 142 143 142 142 139
103 103 102 104 103 103 103 103 103 105 106 105 106 107 107 107 109 109 110 111 112 112 112 113 114 114 115 115 116 116 117 117 118 118 118 118 118 119 120 120 120 121 120 120 121 121 122 122 122 122 123 123 124 124 125 125 125 125 126 126 128 128 130 130 130 130 131 131 133 133 134 134 135 136 137 137 138 139 140 141 141 141 142 140 140
104 104 102 103 103 104 104 103 103 105 106 105 107 107 108 108 110 110 111 111 112 112 113 114 115 114 115 115 116 116 117 117 117 118 118 118 118 119 120 120 120 121 121 121 121 121 122 122 122 123 124 124 124 124 125 125 125 125 126 126 128 129 130 130 130 130 131 131 132 132 134 134 135 135 136 137 138 138 140 140 140 140 141 141 141
103 103 103 103 103 103 104 104 104 104 106 106 107 107 108 109 110 110 111 112 112 112 113 114 115 115 114 114 116 116 116 116 116 118 118 118 118 119 120 119 119 120 121 121 121 121 122 122 123 123 123 123 123 123 124 124 126 126 127 127 127 127 129 129 130 130 131 131 132 132 133 133 135 135 136 136 137 137 139 139 139 139 139 139 140
103 103 102 103 103 103 104 104 104 104 105 106 107 107 108 109 110 110 111 112 112 112 113 113 115 115 115 115 117 117 117 117 117 118 118 118 119 120 120 120 120 120 122 122 121 122 123 124 124 124 124 123 124 124 125 125 126 126 127 127 127 128 129 130 130 130 131 131 132 132 133 134 134 135 136 136 137 137 138 138 139 139 140 140 140
103 103 102 103 103 103 104 104 104 104 104 105 107 108 108 109 110 110 110 111 112 112 113 113 114 114 115 116 116 116 117 117 117 118 118 118 119 120 120 120 120 120 121 122 122 122 123 122 124 124 124 123 123 123 125 125 126 126 126 127 128 128 128 128 129 129 130 130 131 131 133 133 134 133 134 134 135 136 136 136 138 138 138 138 139
103 103 103 103 104 105 105 104 104 105 105 106 108 108 109 109 110 111 111 111 112 113 114 115 114 114 115 116 116 116 117 117 117 118 118 118 119 120 120 119 120 120 121 122 122 122 122 122 124 124 125 125 123 123 124 125 127 127 127 127 128 128 128 128 129 129 130 131 131 131 133 133 134 133 135 134 136 136 137 137 138 138 138 137 138
103 104 103 104 104 105 105 105 105 105 105 106 108 108 109 110 110 110 111 112 113 113 115 115 115 115 115 116 117 117 118 118 118 119 119 119 118 118 120 120 120 121 121 122 123 122 122 123 124 124 124 124 124 124 125 125 126 126 127 127 127 128 129 129 129 130 130 130 131 131 131 131 132 134 134 134 134 134 135 136 136 136 137 137 138
103 104 103 104 104 104 105 105 105 105 105 106 108 108 109 110 110 110 111 112 113 113 115 115 115 115 116 117 117 117 118 118 118 119 119 119 119 119 120 121 121 121 122 122 123 123 123 123 123 123 124 124 124 124 125 125 125 126 128 128 128 128 129 129 130 129 130 130 131 131 131 131 133 133 134 134 134 134 135 135 136 136 137 136 137
103 103 103 103 104 104 105 105 105 105 105 106 107 109 109 110 110 111 111 112 113 113 115 114 115 115 116 117 117 117 117 117 118 119 119 119 119 119 120 120 121 121 121 122 122 122 123 123 123 124 126 125 125 124 124 125 126 127 127 127 128 128 128 128 129 129 129 130 130 131 132 132 132 132 133 133 135 135 134 134 135 135 136 136 136
103 104 103 103 105 104 106 106 106 106 105 107 109 109 110 110 111 111 112 112 113 114 115 115 116 115 116 117 117 117 117 117 118 119 120 120 120 120 121 120 121 122 122 123 123 123 124 124 124 125 125 125 125 125 125 125 126 126 126 126 127 127 128 128 128 129 130 130 131 131 132 132 132 132 133 134 135 135 135 134 135 135 136 136 135
103 104 103 104 105 105 106 106 106 106 106 107 109 109 110 111 111 111 112 112 114 114 115 115 116 116 116 117 118 118 118 118 119 119 120 120 120 120 120 120 122 122 122 123 123 123 124 124 124 124 124 124 125 125 125 125 126 126 127 127 128 127 127 128 129 129 130 129 130 130 130 130 132 132 133 133 133 133 134 134 134 134 134 134 135
104 104 104 104 105 105 105 106 106 106 107 107 109 109 110 110 111 111 112 113 114 114 115 115 116 116 116 117 118 118 118 118 119 119 120 120 120 120 120 120 122 122 122 122 123 123 124 124 124 124 124 125 126 126 125 125 126 127 127 127 128 128 128 128 129 129 129 129 130 130 130 131 132 132 133 133 133 133 134 134 134 133 134 135 135
104 104 104 104 105 105 105 106 106 106 108 107 109 109 111 110 111 112 113 113 114 114 115 115 116 116 116 116 118 118 118 118 119 120 121 120 120 120 120 120 122 122 123 123 123 124 125 125 125 125 125 125 126 126 126 126 127 127 127 127 128 128 128 128 129 129 129 129 129 130 131 131 132 132 132 132 134 134 134 133 134 134 134 133 134
103 104 105 104 106 105 105 106 107 107 108 108 108 110 111 111 111 112 113 114 115 115 115 116 117 117 116 116 118 119 119 119 120 120 120 121 121 121 121 121 122 123 123 123 123 124 125 125 125 125 125 125 126 126 126 126 127 127 127 128 128 128 128 128 129 129 130 129 130 130 130 131 132 132 131 132 134 134 133 133 134 134 133 133 134
103 105 104 104 105 106 106 106 106 107 108 108 109 110 111 111 112 112 113 114 115 115 115 116 117 117 117 117 119 119 119 119 120 120 120 121 121 121 122 122 122 123 123 123 123 123 125 125 125 125 125 126 126 126 126 126 127 127 128 128 129 129 129 128 129 129 129 128 129 130 130 130 132 132 132 132 133 133 133 133 134 133 133 133 133
104 104 104 105 105 106 106 106 106 107 107 108 109 110 111 111 112 112 113 114 115 115 115 116 117 117 117 117 119 119 119 119 120 120 120 121 121 121 122 122 122 123 123 123 123 123 125 126 126 126 126 126 127 127 127 126 127 127 128 128 129 129 129 128 129 130 129 129 130 131 132 131 132 132 132 132 133 133 133 133 134 134 134 134 133
104 104 104 105 105 106 106 106 106 106 107 108 109 110 112 111 112 112 114 114 115 115 115 116 118 118 118 118 118 119 119 119 120 120 121 121 122 122 123 123 123 122 123 123 125 125 125 125 126 126 127 127 127 127 126 126 127 127 128 128 130 129 128 128 129 130 130 130 131 131 132 131 132 132 132 132 133 133 133 134 133 133 134 133 133
104 104 104 106 105 106 107 106 106 106 108 107 110 109 112 112 112 113 114 114 116 115 116 116 118 118 119 119 119 119 119 120 121 121 121 121 122 122 123 123 123 123 123 124 125 125 125 125 126 126 127 127 127 126 126 126 128 128 129 129 130 129 129 129 130 130 130 130 131 131 132 131 132 132 132 132 134 134 134 133 133 133 134 133 133
104 104 104 105 106 106 107 107 107 107 109 109 110 110 112 112 113 113 114 114 116 116 117 117 117 118 119 119 119 119 121 121 121 121 121 121 122 123 123 123 123 123 123 124 125 125 125 125 125 126 128 128 126 127 127 127 128 128 129 129 130 129 129 129 130 130 130 130 131 131 132 132 133 133 133 133 133 133 133 133 133 133 134 134 133
105 105 105 105 106 106 107 107 107 107 108 109 110 110 112 112 113 113 114 114 115 116 117 117 117 118 119 119 119 119 120 121 121 121 121 121 122 124 123 123 123 124 123 123 125 125 125 126 126 126 128 128 127 127 127 127 128 128 129 129 129 129 129 129 130 130 130 130 132 132 133 132 133 133 133 133 133 132 133 134 134 133 134 134 134
105 105 106 106 106 106 106 107 107 107 108 109 110 110 112 113 114 114 114 115 116 116 117 117 117 118 120 120 120 119 120 120 121 121 121 122 123 123 124 124 124 124 125 125 126 126 126 126 127 127 127 128 127 127 128 128 128 128 129 129 129 130 131 131 131 131 132 132 132 132 133 133 133 132 133 133 134 134 134 134 133 133 134 134 133
105 105 105 106 107 106 107 108 107 107 108 110 111 111 112 113 114 114 115 116 116 117 118 117 118 118 119 120 120 120 121 121 122 122 122 122 123 123 123 124 124 124 125 125 125 126 126 126 127 127 127 128 127 127 129 128 128 128 130 130 130 130 131 131 131 131 132 132 132 132 132 132 132 132 134 133 134 133 134 133 133 133 134 133 133
105 106 106 106 107 106 107 108 109 109 109 110 112 112 112 113 114 114 116 116 116 116 118 118 119 119 119 119 121 121 121 121 121 122 123 123 123 123 123 124 125 125 125 125 125 125 127 127 127 127 128 128 129 128 129 129 129 129 130 130 130 130 131 131 131 131 132 132 131 131 132 132 133 133 133 133 133 133 133 133 133 133 133 133 133
108 108 106 107 107 107 107 108 109 109 109 110 111 112 112 113 114 114 116 116 116 116 118 118 119 118 118 119 120 121 121 121 121 122 123 123 123 124 124 124 125 126 126 126 126 126 127 127 127 128 128 128 129 129 129 129 129 129 130 130 130 130 131 131 132 132 133 131 131 132 133 133 133 133 133 133 133 133 133 133 133 133 133 133 134
107 108 106 107 108 108 108 109 109 109 109 110 111 113 113 114 114 114 115 116 117 118 118 118 120 118 119 120 120 122 122 122 123 123 123 124 124 124 125 125 125 126 126 126 127 127 127 127 127 128 129 129 129 129 130 130 130 130 130 130 131 131 131 132 133 133 132 132 132 132 133 133 133 132 133 133 133 133 133 133 133 132 134 133 133
