6.asc
ncols        384
nrows        456
xllcorner    93.000000000000
yllcorner    -8.000000000000
cellsize     0.041666666667
NODATA_value 0
[rows 185 to 221 of 456, columns 85 to 169 of 384]
-32768 -32768 -32768 -32768 -32768 -32768 -32768 -32768 -32768 -32768 -32768 -32768 -32768 -32768 177 167 133 149 153 162 152 129 116 111 115 101 94 93 94 108 121 148 155 160 156 132 119 115 110 128 124 102 99 94 91 95 92 100 118 128 134 142 144 146 147 149 151 151 152 153 154 154 154 153 153 154 154 155 156 155 156 157 156 157 158 158 158 159 159 159 160 161 162 162 163
-32768 -32768 -32768 -32768 -32768 -32768 -32768 -32768 -32768 -32768 -32768 -32768 -32768 -32768 -32768 179 174 159 145 163 158 146 141 131 132 119 117 100 109 108 106 146 142 147 157 144 115 106 102 126 120 85 79 84 87 81 79 81 99 109 118 135 140 144 147 149 151 152 154 154 155 155 155 154 155 155 156 157 157 157 158 159 159 158 158 159 160 161 160 161 162 162 163 164 165
-32768 -32768 -32768 -32768 -32768 -32768 -32768 -32768 -32768 -32768 -32768 -32768 -32768 -32768 -32768 192 187 177 169 164 172 153 149 140 141 130 116 105 127 114 119 149 147 131 150 157 133 113 107 112 121 105 102 90 81 92 89 88 86 87 112 129 136 140 143 147 146 150 152 151 153 153 153 153 154 154 155 156 156 157 157 158 158 158 158 158 159 160 160 161 161 162 162 164 165
-32768 -32768 -32768 -32768 -32768 -32768 -32768 -32768 -32768 -32768 -32768 -32768 -32768 -32768 -32768 -32768 191 177 176 158 174 154 152 130 123 116 107 118 137 130 122 141 151 135 150 154 157 117 117 125 129 120 122 114 98 101 96 94 94 87 104 124 132 132 142 143 145 147 150 153 152 152 153 153 155 156 157 156 157 157 158 158 159 160 160 160 160 161 161 161 162 162 164 165 165
-32768 -32768 -32768 -32768 -32768 -32768 -32768 -32768 -32768 -32768 -32768 -32768 -32768 -32768 -32768 -32768 -32768 177 177 176 168 169 168 155 134 121 129 126 144 147 149 133 151 148 151 151 155 135 114 124 128 130 126 118 111 105 101 98 98 90 84 115 124 128 136 138 143 146 148 149 150 151 151 152 153 155 156 155 156 157 157 158 159 160 160 160 160 160 161 161 161 163 163 163 165
-32768 -32768 -32768 -32768 -32768 -32768 -32768 -32768 -32768 -32768 -32768 -32768 -32768 -32768 -32768 -32768 -32768 192 178 177 172 172 164 163 149 142 134 144 142 135 149 150 142 157 148 143 149 141 123 132 134 132 127 118 111 105 102 101 99 97 88 104 109 121 123 129 135 131 142 147 148 149 151 152 153 155 156 156 157 158 159 160 160 161 161 161 161 161 161 162 162 164 163 165 164
-32768 -32768 -32768 -32768 -32768 -32768 -32768 -32768 -32768 -32768 -32768 -32768 -32768 -32768 -32768 -32768 -32768 -32768 178 177 175 174 165 167 169 148 143 141 140 149 159 156 157 154 149 122 126 149 142 124 124 126 122 113 103 99 97 96 96 94 96 103 109 116 116 114 109 114 131 141 144 147 150 150 152 153 154 154 156 157 159 160 160 160 160 161 161 161 161 161 161 163 163 163 164
-32768 -32768 -32768 -32768 -32768 -32768 -32768 -32768 -32768 -32768 -32768 -32768 -32768 -32768 -32768 -32768 -32768 -32768 192 178 176 175 175 173 170 156 139 137 139 156 153 158 161 159 158 124 121 127 148 131 118 116 114 101 91 88 89 90 94 91 94 100 105 110 111 110 108 112 130 137 142 146 149 150 152 154 154 154 156 157 160 159 161 160 161 162 162 162 162 162 162 163 163 163 164
-32768 -32768 -32768 -32768 -32768 -32768 -32768 -32768 -32768 -32768 -32768 -32768 -32768 -32768 -32768 -32768 -32768 -32768 -32768 188 177 176 176 175 161 141 136 134 137 152 156 162 161 162 154 134 134 122 133 146 133 112 110 96 70 73 87 87 89 90 92 95 99 104 106 111 115 120 127 134 139 144 148 149 151 153 153 154 156 157 158 159 160 160 161 161 162 162 162 162 162 162 163 163 163
-32768 -32768 -32768 -32768 -32768 -32768 -32768 -32768 -32768 -32768 -32768 -32768 -32768 -32768 -32768 -32768 -32768 -32768 -32768 -32768 187 182 177 175 170 168 171 163 160 162 163 165 165 162 153 148 141 132 128 140 141 137 121 96 79 66 79 103 106 98 94 96 95 100 107 110 116 122 127 133 138 142 147 149 151 153 154 155 156 158 159 160 160 162 161 162 163 164 163 163 163 163 163 164 164
-32768 -32768 -32768 -32768 -32768 -32768 -32768 -32768 -32768 -32768 -32768 -32768 -32768 -32768 -32768 -32768 -32768 -32768 -32768 -32768 191 186 182 178 176 175 175 173 173 172 168 168 168 164 153 137 141 142 134 130 135 134 127 114 101 88 75 107 117 117 115 111 99 96 103 107 114 119 123 130 136 141 144 147 149 152 153 155 156 158 159 159 160 160 161 161 162 163 163 164 162 163 164 164 164
-32768 -32768 -32768 -32768 -32768 -32768 -32768 -32768 -32768 -32768 -32768 -32768 -32768 -32768 -32768 -32768 -32768 -32768 -32768 -32768 -32768 189 185 182 179 175 174 174 173 173 172 170 168 167 162 152 134 129 134 132 126 120 126 119 104 91 80 105 118 116 116 117 116 106 100 103 108 113 118 122 130 137 141 145 148 152 154 156 157 157 158 159 159 160 161 162 162 162 163 162 162 164 164 164 164
-32768 -32768 -32768 -32768 -32768 -32768 -32768 -32768 -32768 -32768 -32768 -32768 -32768 -32768 -32768 -32768 -32768 -32768 -32768 -32768 -32768 -32768 187 184 181 175 174 174 173 173 172 170 168 168 165 162 149 132 120 117 124 117 112 118 109 96 87 83 108 116 116 117 116 115 110 97 101 104 110 115 123 130 136 142 147 149 152 155 157 156 158 158 159 160 162 162 162 162 162 163 162 164 164 163 164
-32768 -32768 -32768 -32768 -32768 -32768 -32768 -32768 -32768 -32768 -32768 -32768 -32768 -32768 -32768 -32768 -32768 -32768 -32768 -32768 -32768 -32768 190 186 183 180 176 173 173 172 172 171 170 170 170 166 157 144 133 121 112 111 111 107 111 102 91 79 84 113 117 116 107 107 115 115 102 100 103 108 115 123 130 137 143 147 151 153 155 158 159 159 161 162 162 163 163 163 163 163 164 164 164 163 164
-32768 -32768 -32768 -32768 -32768 -32768 -32768 -32768 -32768 -32768 -32768 -32768 -32768 -32768 -32768 -32768 -32768 -32768 -32768 -32768 -32768 -32768 191 187 183 180 176 173 173 172 172 172 172 170 170 167 159 148 140 129 131 122 109 102 100 101 91 77 72 90 117 115 98 89 100 117 116 99 93 93 100 111 118 125 141 147 151 153 155 158 158 161 162 162 162 163 163 163 163 163 164 163 163 163 163
-32768 -32768 -32768 -32768 -32768 -32768 -32768 -32768 -32768 -32768 -32768 -32768 -32768 -32768 -32768 -32768 -32768 -32768 -32768 -32768 -32768 -32768 -32768 188 185 181 175 174 174 173 173 172 171 171 169 167 162 148 145 138 137 130 120 105 93 89 92 80 73 94 117 116 100 86 80 104 117 108 98 79 87 95 108 108 128 141 149 153 155 157 160 159 161 161 161 163 163 163 164 163 164 164 164 164 164
-32768 -32768 -32768 -32768 -32768 -32768 -32768 -32768 -32768 -32768 -32768 -32768 -32768 -32768 -32768 -32768 -32768 -32768 -32768 -32768 -32768 -32768 191 187 184 181 176 175 174 173 173 172 170 169 167 166 163 151 145 132 125 128 123 112 95 84 85 82 74 86 96 111 103 88 82 82 110 99 97 93 72 75 96 100 123 133 138 148 153 156 156 159 160 160 161 163 163 163 164 164 164 164 164 164 164
-32768 -32768 -32768 -32768 -32768 -32768 -32768 -32768 -32768 -32768 -32768 -32768 -32768 -32768 -32768 -32768 -32768 -32768 -32768 -32768 -32768 -32768 190 186 183 182 177 175 174 173 173 173 171 169 167 165 162 156 149 140 133 121 119 118 106 89 78 74 74 78 105 116 110 96 85 82 96 114 107 100 98 78 86 88 113 122 130 139 146 154 156 159 161 161 161 162 162 163 163 164 164 164 164 164 164
-32768 -32768 -32768 -32768 -32768 -32768 -32768 -32768 -32768 -32768 -32768 -32768 -32768 -32768 -32768 -32768 -32768 -32768 -32768 -32768 -32768 191 188 184 182 181 177 174 174 173 173 173 172 169 168 169 165 160 154 145 134 119 114 114 110 99 86 72 71 71 73 96 111 112 101 88 90 102 116 112 108 108 98 84 99 116 116 124 135 153 157 160 159 161 162 162 163 163 164 164 164 164 164 164 164
197 -32768 -32768 -32768 -32768 -32768 -32768 -32768 -32768 -32768 -32768 -32768 -32768 -32768 -32768 -32768 -32768 -32768 -32768 -32768 193 188 185 183 182 180 176 176 175 174 174 173 172 170 170 170 169 163 159 153 140 128 107 104 99 98 94 81 72 70 68 66 85 109 115 107 102 105 112 117 107 111 113 105 100 104 97 97 113 141 157 159 157 162 163 163 164 163 163 164 164 164 164 164 164
190 196 -32768 -32768 -32768 -32768 -32768 -32768 -32768 -32768 -32768 -32768 -32768 -32768 -32768 -32768 -32768 -32768 -32768 -32768 190 184 182 182 180 179 176 176 176 174 174 173 172 171 172 170 167 162 159 156 148 142 126 113 111 97 96 89 81 76 74 70 66 95 115 116 115 115 117 116 108 113 115 114 99 96 91 77 108 138 152 155 152 158 162 163 164 163 163 163 164 164 164 164 164
189 191 196 -32768 -32768 -32768 -32768 -32768 -32768 -32768 -32768 -32768 -32768 -32768 -32768 -32768 -32768 -32768 -32768 193 188 183 181 180 179 178 178 176 175 174 174 174 173 172 172 170 167 165 158 157 153 140 137 121 121 114 104 97 88 81 81 82 82 80 110 117 117 118 121 117 116 116 115 114 102 73 85 91 118 140 146 153 149 153 157 158 163 163 163 163 163 164 164 164 164
189 189 191 200 -32768 -32768 -32768 -32768 -32768 -32768 -32768 -32768 -32768 -32768 -32768 -32768 191 186 187 180 180 181 180 179 178 178 178 177 176 174 174 174 174 173 172 171 169 168 162 148 155 147 137 129 128 125 117 109 100 90 87 90 90 90 104 116 115 116 120 115 117 115 114 112 99 91 99 101 122 136 141 149 147 155 156 157 162 163 163 163 163 164 164 164 163
193 189 192 199 -32768 -32768 -32768 -32768 -32768 -32768 -32768 -32768 -32768 -32768 -32768 192 183 182 181 182 181 180 180 179 179 179 179 179 177 175 175 174 174 174 173 172 171 170 166 150 145 153 148 141 138 130 120 115 108 93 90 91 93 92 103 96 96 96 93 102 108 109 108 101 96 98 103 110 117 129 142 143 146 149 157 159 161 162 163 164 164 163 163 164 163
201 192 194 196 199 -32768 -32768 -32768 -32768 -32768 -32768 -32768 -32768 -32768 192 186 183 181 182 182 181 180 180 180 180 179 179 179 178 176 176 175 175 175 174 172 172 172 169 159 156 150 144 149 143 138 136 122 114 99 90 90 92 90 91 91 90 88 87 92 91 91 93 91 95 99 103 110 117 122 126 134 132 152 156 158 160 162 163 164 164 163 163 163 163
-32768 -32768 200 195 193 194 195 193 194 193 193 192 193 183 182 182 181 180 182 182 181 181 181 181 182 181 181 180 179 176 176 176 176 175 174 174 174 172 172 169 161 152 144 144 140 140 142 134 115 92 93 90 90 91 90 93 91 95 95 94 94 90 86 85 90 98 101 102 106 113 123 133 138 149 155 158 160 161 162 163 164 164 164 163 163
-32768 189 187 189 191 191 188 188 188 187 186 186 185 184 183 182 180 180 182 182 181 180 180 181 182 182 182 180 179 177 177 177 177 176 175 174 174 173 173 171 170 159 149 143 140 143 143 139 123 94 99 93 89 92 88 94 101 101 101 100 98 93 86 88 92 96 95 74 85 113 123 133 138 140 143 156 159 160 162 162 163 164 164 163 163
-32768 189 188 189 192 193 190 188 187 187 187 185 185 185 186 183 182 180 181 182 182 181 184 183 184 183 183 182 180 178 178 177 178 178 178 175 174 174 174 173 173 171 166 151 135 137 141 141 130 114 108 105 103 96 91 90 102 104 104 103 102 99 94 91 96 98 93 89 86 111 118 124 122 121 135 155 159 160 161 162 164 164 164 164 164
-32768 188 187 186 191 196 197 192 189 187 186 185 179 179 181 184 184 182 180 182 182 181 182 184 184 183 183 182 181 179 178 177 179 180 180 177 175 175 174 173 173 171 170 167 147 142 143 136 126 113 113 118 114 104 89 90 101 108 104 104 103 100 95 88 95 104 110 111 99 96 97 94 102 111 143 157 159 161 161 162 163 163 163 164 164
-32768 189 187 187 196 -32768 -32768 -32768 199 195 189 186 179 179 179 185 184 183 181 182 182 182 184 185 185 185 184 182 181 180 179 180 181 182 182 180 178 175 174 174 173 172 172 171 170 165 158 140 137 128 121 122 124 118 99 97 102 113 108 105 102 101 93 102 107 111 115 117 116 109 108 97 107 138 152 160 160 160 152 162 162 162 162 163 163
-32768 -32768 -32768 -32768 -32768 -32768 -32768 -32768 -32768 -32768 197 188 187 179 185 184 184 183 183 181 183 183 184 185 186 185 185 182 182 181 181 180 181 182 184 182 180 176 175 174 174 172 172 172 172 168 147 136 131 150 157 144 133 139 127 115 101 104 114 101 98 101 100 101 109 113 117 119 123 124 124 109 120 129 151 157 157 154 154 159 162 161 161 161 162
-32768 -32768 -32768 -32768 -32768 -32768 -32768 -32768 -32768 -32768 -32768 194 188 186 188 185 185 185 185 184 183 183 185 185 186 185 185 184 183 183 184 183 183 184 186 183 181 178 176 174 174 174 175 175 173 172 172 164 145 159 162 159 151 139 126 118 108 103 108 99 96 102 101 99 99 111 116 119 125 129 133 128 133 124 148 159 158 158 160 161 159 161 161 161 161
-32768 -32768 -32768 -32768 -32768 -32768 -32768 -32768 -32768 -32768 -32768 200 193 190 189 188 189 191 193 191 188 186 186 186 186 188 190 191 190 189 191 191 189 187 188 184 181 179 177 174 174 174 174 173 174 177 172 170 166 169 160 153 152 144 131 121 112 110 111 111 99 97 98 98 101 105 112 116 121 129 136 141 145 141 145 158 155 155 158 158 159 160 161 162 162
-32768 -32768 -32768 -32768 -32768 -32768 -32768 -32768 -32768 -32768 -32768 -32768 197 193 190 190 191 193 196 194 192 187 186 188 189 192 -32768 -32768 -32768 -32768 -32768 -32768 -32768 190 188 185 181 178 177 177 176 174 174 174 174 173 173 172 171 170 169 164 156 148 139 128 105 114 107 117 118 91 87 89 97 104 110 109 105 118 118 135 141 127 136 148 151 155 157 156 159 160 162 161 162
-32768 -32768 -32768 -32768 -32768 -32768 -32768 -32768 -32768 -32768 -32768 -32768 -32768 196 193 192 195 197 -32768 -32768 -32768 193 190 189 193 -32768 -32768 -32768 -32768 -32768 -32768 -32768 -32768 -32768 189 184 179 177 178 178 177 175 174 174 174 173 172 172 172 170 169 165 152 150 147 142 129 120 111 115 132 104 96 102 106 101 113 114 104 106 101 115 120 127 148 148 146 155 158 159 159 160 161 162 163
-32768 -32768 -32768 -32768 -32768 -32768 -32768 -32768 -32768 -32768 -32768 -32768 -32768 199 197 -32768 -32768 -32768 -32768 -32768 -32768 -32768 196 190 -32768 -32768 -32768 -32768 -32768 -32768 -32768 -32768 -32768 -32768 -32768 187 181 179 180 179 178 177 176 175 175 174 173 172 173 172 170 168 163 155 145 140 135 125 116 121 135 129 118 120 121 115 116 115 101 106 110 99 109 126 147 156 152 156 159 161 160 159 158 161 163
-32768 -32768 -32768 -32768 -32768 -32768 -32768 -32768 -32768 -32768 -32768 -32768 -32768 -32768 -32768 -32768 -32768 -32768 -32768 197 197 -32768 194 193 -32768 -32768 -32768 -32768 -32768 -32768 -32768 -32768 -32768 -32768 -32768 190 185 181 180 179 179 178 177 176 175 174 174 172 173 176 171 170 170 162 144 133 133 128 121 115 122 138 130 131 128 123 118 103 82 98 116 114 105 129 140 151 153 158 160 161 162 161 160 162 163
