7.asc
ncols        384
nrows        456
xllcorner    93.000000000000
yllcorner    -8.000000000000
cellsize     0.041666666667
NODATA_value 0
[rows 37 to 73 of 456, columns 170 to 254 of 384]
256 255 256 257 256 256 255 256 257 256 254 254 252 251 251 251 249 249 247 247 246 246 245 244 243 241 240 240 240 240 239 239 239 238 237 237 237 236 236 236 236 234 234 235 233 233 233 233 233 233 231 231 231 231 229 229 229 229 227 227 225 225 225 225 224 224 223 223 224 223 220 220 220 220 218 218 218 218 216 216 217 217 215 214 214
254 253 255 255 255 254 254 255 254 253 251 251 250 250 248 248 246 245 245 244 243 243 242 241 241 240 239 239 239 239 237 237 236 236 237 236 235 234 234 234 235 233 232 232 232 231 231 231 231 231 231 231 229 228 227 227 227 227 225 225 225 225 224 224 224 223 222 222 220 220 220 220 219 219 217 217 217 217 216 217 215 215 214 214 214
253 252 255 254 255 253 254 254 254 252 251 251 250 250 247 247 246 246 245 245 243 242 241 242 241 240 239 239 239 238 237 237 236 236 237 236 234 234 234 234 233 233 232 232 231 230 230 230 230 230 230 230 229 227 227 227 227 227 226 226 225 225 225 224 222 222 222 221 220 220 220 220 219 218 217 217 217 217 217 216 215 215 215 213 213
252 251 252 251 252 252 252 252 251 249 250 250 248 248 246 246 245 245 241 242 240 239 238 238 238 238 238 237 236 234 234 235 233 233 234 233 232 232 232 232 231 231 231 231 231 230 228 228 229 229 228 228 228 227 227 226 226 225 224 223 224 224 222 221 221 220 219 219 219 219 219 219 217 217 217 217 216 217 214 214 215 215 213 213 212
251 251 251 251 252 252 252 252 251 248 249 250 248 248 247 245 245 244 241 241 240 238 238 237 236 238 238 236 235 234 234 234 233 233 233 231 232 232 232 232 231 231 231 231 230 229 228 228 229 229 228 228 227 227 227 227 226 224 223 223 223 223 221 221 221 220 219 219 219 219 219 218 216 217 217 217 216 216 214 214 215 215 213 213 211
250 249 250 249 250 249 248 248 249 247 245 245 246 246 244 242 241 239 239 240 238 237 236 236 235 234 233 233 233 233 232 232 232 232 232 230 230 230 230 230 229 229 230 230 228 227 227 227 227 226 226 226 225 225 224 224 223 222 221 221 221 221 221 221 219 219 219 219 218 219 217 217 216 217 215 215 214 215 214 214 215 213 211 211 211
249 247 249 249 249 248 247 247 247 247 246 246 245 245 243 242 241 240 239 240 239 237 236 236 235 234 233 233 233 233 232 232 232 232 232 230 230 229 229 228 228 228 229 229 227 226 226 226 226 226 226 225 225 225 224 224 223 222 221 221 221 221 221 221 219 219 219 219 218 218 217 216 216 216 215 215 214 214 214 213 214 214 212 211 211
246 245 246 246 246 246 245 245 245 244 244 243 243 242 241 240 240 239 237 237 237 235 235 235 233 232 232 232 230 230 231 228 229 230 229 227 228 228 228 227 228 228 227 227 225 225 225 225 225 225 224 224 223 223 223 223 220 219 219 220 221 219 218 217 218 218 217 217 216 216 216 215 215 215 214 214 214 214 212 213 212 211 211 211 211
246 245 246 246 246 246 245 245 245 243 244 243 243 243 240 240 240 239 237 237 235 235 234 234 233 232 232 230 229 229 230 228 228 229 228 228 229 229 228 227 228 228 227 227 225 225 225 225 225 224 224 224 223 223 223 222 219 219 219 219 220 220 219 218 218 217 217 217 216 216 215 215 215 215 214 214 213 213 212 212 211 210 210 210 210
243 241 244 243 243 243 243 243 242 241 240 241 238 238 237 236 237 236 234 233 232 232 231 231 230 230 229 228 228 228 229 228 226 227 227 227 228 227 226 226 226 226 226 226 225 225 224 224 223 223 222 222 222 222 221 219 218 218 218 219 218 218 216 216 216 216 216 216 216 216 215 215 215 215 213 213 213 212 211 211 211 210 210 210 209
243 242 244 243 243 243 243 242 242 240 239 239 238 237 237 236 235 236 234 233 232 231 231 230 230 230 229 229 228 228 229 228 226 227 227 226 228 226 225 225 225 226 225 225 226 225 223 223 222 222 221 221 221 221 220 218 218 218 218 219 218 218 216 216 216 216 216 216 216 215 214 214 214 214 213 213 213 212 211 212 210 210 210 210 209
239 240 241 240 240 240 239 239 239 239 238 236 237 236 235 235 234 234 233 231 230 229 230 229 229 229 228 227 227 227 226 225 226 226 227 226 226 226 224 223 224 224 225 224 222 222 222 221 221 221 221 221 221 221 220 219 217 217 217 216 217 217 216 216 215 215 213 215 214 215 213 213 213 213 213 212 212 211 210 211 210 210 210 210 209
239 239 240 240 240 239 239 238 238 239 236 236 236 236 235 235 234 234 232 231 230 229 228 229 229 228 227 227 227 227 225 225 225 226 225 225 225 225 225 224 223 224 224 224 222 222 222 221 221 221 221 221 221 221 220 218 217 217 216 216 217 215 215 215 216 215 213 213 215 214 213 213 212 212 213 212 212 210 209 210 210 210 210 210 209
236 236 237 236 236 236 237 236 236 235 235 234 234 233 234 234 232 232 231 230 229 227 227 229 228 227 225 225 225 225 225 225 225 225 224 224 225 225 223 223 224 224 223 223 223 222 221 221 220 220 220 220 219 219 218 217 215 216 216 216 216 214 215 215 214 214 213 213 215 213 213 213 212 212 212 212 210 210 210 209 209 209 209 209 209
236 234 236 236 236 235 236 236 235 234 234 234 233 233 234 232 232 230 230 230 229 226 227 228 227 226 225 225 225 225 225 225 225 225 224 224 225 225 223 223 224 223 223 223 223 222 220 220 219 219 219 219 218 218 216 216 216 216 216 216 216 214 215 215 214 213 213 214 215 212 212 212 211 212 212 211 210 210 209 209 209 209 209 210 207
233 231 232 232 233 233 233 232 233 232 231 230 231 230 228 229 229 228 227 228 228 226 225 226 227 226 225 225 225 224 225 225 224 223 224 224 224 224 222 221 222 223 222 222 222 222 221 220 219 219 219 219 218 217 216 217 216 216 215 215 215 214 213 213 214 215 215 214 212 212 211 211 212 212 211 211 210 211 209 209 209 209 210 209 207
232 231 232 232 233 233 233 232 233 232 231 230 230 231 230 228 228 228 227 227 227 226 225 225 227 225 225 225 225 224 225 225 224 223 224 224 224 223 222 221 223 222 221 221 222 222 221 220 219 219 219 220 218 217 217 217 216 215 215 215 214 213 212 212 213 214 214 213 212 212 211 212 212 211 211 211 210 211 209 209 209 209 210 207 206
227 226 229 228 228 227 228 228 229 228 229 227 228 228 228 226 227 227 226 226 224 224 225 225 226 225 224 224 223 224 225 225 225 223 223 223 223 222 222 221 222 222 221 221 222 221 221 221 219 219 220 219 217 217 217 217 216 215 214 214 214 213 212 212 213 214 213 212 212 212 211 212 212 210 211 211 210 210 208 209 209 209 208 207 206
226 226 229 227 228 228 228 228 227 227 227 227 228 228 227 226 227 226 226 226 224 224 225 225 226 224 224 223 223 223 224 223 223 223 223 222 222 222 221 221 222 222 221 221 221 221 221 221 219 219 219 218 216 217 217 217 214 214 214 214 213 213 212 212 214 213 213 212 212 212 212 211 211 210 210 210 209 210 208 208 208 209 207 207 206
222 221 224 223 225 225 224 225 224 224 224 224 225 224 225 224 225 224 225 223 224 224 225 225 225 224 224 223 223 223 224 222 223 223 224 223 223 223 223 222 222 222 221 221 221 221 220 220 219 219 219 218 216 216 216 216 215 214 214 214 214 214 213 214 214 213 213 212 211 211 211 211 211 209 209 209 209 210 208 208 208 209 207 207 206
221 222 223 224 225 224 224 224 224 224 224 224 225 224 224 224 224 224 225 224 224 224 225 223 225 224 224 223 223 223 223 222 223 224 224 223 223 223 223 222 221 222 220 220 220 220 220 220 219 219 219 218 216 216 216 216 214 214 214 214 214 213 212 214 213 212 212 211 211 212 211 210 209 209 209 209 209 210 208 208 208 209 207 207 206
218 218 218 218 220 220 220 221 222 222 222 222 223 222 222 222 222 222 224 223 222 223 222 222 223 223 223 223 224 224 224 223 224 223 223 223 223 223 223 222 222 221 222 221 220 220 220 220 219 219 218 217 217 217 217 217 215 215 215 214 213 213 212 212 212 211 211 211 211 212 210 209 209 209 209 209 210 209 208 208 208 208 206 206 207
219 218 218 218 220 220 220 220 221 221 222 222 223 222 222 222 222 222 222 221 222 222 222 222 223 222 222 222 224 224 224 224 224 222 222 222 223 223 222 220 220 220 222 221 220 220 220 220 219 219 217 217 217 217 217 217 215 215 214 213 213 213 212 212 212 211 211 211 211 212 210 209 209 209 209 209 208 208 207 208 208 207 206 206 206
213 212 216 215 216 215 217 216 217 217 219 219 221 219 219 220 221 221 221 220 222 221 222 222 223 221 222 222 222 223 224 224 224 223 222 222 223 223 220 220 222 222 222 221 220 220 220 220 218 218 219 218 216 217 217 217 214 214 214 213 213 213 213 212 211 211 211 211 211 212 209 209 209 209 209 209 209 208 206 207 208 206 206 206 206
213 213 215 215 215 215 216 216 217 217 219 218 219 219 218 219 221 220 221 220 222 221 222 221 223 223 223 223 222 223 223 222 224 223 222 222 223 223 220 220 222 222 221 221 219 219 219 218 218 218 217 217 216 216 216 215 214 214 213 213 213 213 213 212 212 212 211 211 211 211 209 208 209 209 208 209 209 208 206 206 208 206 206 206 207
209 209 211 211 210 209 212 212 214 214 215 214 217 216 216 215 218 217 219 219 219 219 222 222 223 221 222 223 223 223 223 222 222 222 223 223 223 222 221 221 222 221 220 220 219 219 219 219 218 218 217 217 216 216 215 215 214 213 213 213 213 214 212 211 211 212 211 211 210 211 210 209 208 209 209 209 209 208 206 207 208 206 206 206 207
210 208 211 210 210 211 214 211 214 213 215 213 216 216 217 216 218 217 219 219 219 219 222 221 221 221 222 220 222 223 223 222 222 222 223 223 223 222 221 220 220 220 220 220 219 219 219 219 218 218 217 217 217 216 216 216 213 213 214 214 213 213 212 211 211 211 210 210 210 211 210 208 209 209 209 209 209 208 206 207 207 206 206 206 207
204 204 206 206 207 206 209 208 210 209 212 211 213 212 215 214 217 216 217 217 220 219 219 218 221 221 222 221 222 222 224 223 223 223 223 223 223 221 221 221 220 220 220 221 219 219 219 219 218 217 217 218 216 216 216 215 214 214 213 213 213 213 212 211 211 211 210 210 210 211 210 208 208 208 209 209 208 207 207 207 207 206 206 206 206
204 203 206 206 209 207 208 209 210 209 212 211 214 213 214 213 215 216 217 217 218 218 218 217 221 221 223 221 222 222 224 222 223 222 223 222 222 221 221 221 220 219 220 221 219 219 219 219 218 217 217 217 216 216 216 214 213 213 213 213 213 213 212 211 211 210 210 210 210 211 210 209 209 208 208 209 206 207 206 206 207 205 206 206 206
202 202 203 201 203 204 205 204 207 206 209 207 211 208 212 211 215 213 215 214 216 215 219 217 219 218 221 221 222 222 222 222 223 222 222 222 222 221 221 221 220 220 220 221 220 219 219 218 216 217 216 217 217 216 215 215 213 213 213 213 213 213 212 211 210 210 211 211 211 211 210 209 207 207 208 208 206 206 206 206 206 206 206 206 205
201 200 202 202 204 203 205 204 207 207 207 208 210 209 211 212 213 214 215 214 216 216 219 218 220 220 221 221 222 222 221 221 222 222 222 221 222 221 222 222 221 220 220 220 219 218 218 217 216 216 218 216 217 216 214 214 213 213 213 213 213 213 211 211 210 210 211 211 211 211 209 209 207 207 208 207 206 207 207 207 205 206 206 206 205
197 195 197 197 200 200 200 200 202 202 204 203 206 205 208 206 212 210 212 212 215 214 217 217 220 220 220 219 221 222 223 222 222 222 222 221 222 222 222 221 222 219 219 219 218 218 218 218 216 216 216 216 215 214 214 214 213 213 213 213 213 213 210 211 210 211 211 211 210 210 209 208 207 207 208 206 207 208 207 207 206 206 205 206 205
198 197 199 197 200 200 201 200 202 202 205 204 206 206 209 206 211 210 212 212 215 214 216 216 219 220 220 220 221 220 221 221 222 221 222 222 222 222 221 222 220 219 219 219 218 218 218 217 216 216 216 216 216 215 214 214 213 213 213 213 212 212 210 211 210 210 210 210 210 209 208 208 207 208 207 208 208 208 208 206 206 206 205 206 205
193 192 193 193 195 193 197 197 198 198 200 201 203 202 206 206 207 206 210 210 213 212 215 214 217 217 220 219 219 219 221 221 221 220 221 221 221 221 221 221 221 218 219 219 218 218 217 217 216 216 216 217 215 215 214 214 213 213 213 213 212 211 211 211 210 210 210 210 210 209 208 208 208 209 207 208 208 208 208 206 206 206 206 206 205
194 192 194 193 195 195 196 196 198 198 201 200 203 202 204 204 207 206 210 209 212 212 216 215 216 216 218 218 220 219 221 221 221 221 222 222 222 221 222 222 221 218 219 219 218 217 217 217 216 216 216 217 216 214 214 213 212 212 212 211 212 210 210 211 210 210 210 210 209 208 208 208 209 209 208 205 206 207 206 205 205 206 206 206 205
188 187 190 189 192 191 192 192 195 194 197 196 199 199 201 200 204 204 207 208 208 209 213 214 214 214 217 217 219 218 220 220 221 219 220 221 220 221 220 220 219 218 218 218 218 217 217 217 216 216 216 217 216 214 213 214 212 212 212 211 210 210 211 211 210 210 210 210 208 208 208 208 209 209 208 206 205 205 205 205 206 206 206 206 204
189 187 192 190 191 190 192 192 196 193 197 196 200 199 201 200 204 204 208 208 209 208 211 211 215 214 217 217 218 218 220 220 221 219 221 220 220 220 219 218 218 218 218 218 218 218 217 217 216 217 217 217 214 214 213 213 212 212 212 211 211 211 211 211 210 210 210 209 208 208 208 209 209 208 207 206 205 205 205 205 205 205 206 206 205
