7.asc
ncols        384
nrows        456
xllcorner    93.000000000000
yllcorner    -8.000000000000
cellsize     0.041666666667
NODATA_value 0
[rows 74 to 110 of 456, columns 85 to 169 of 384]
-32768 -32768 -32768 -32768 -32768 -32768 -32768 -32768 -32768 -32768 -32768 -32768 -32768 -32768 -32768 -32768 -32768 -32768 -32768 -32768 -32768 -32768 -32768 -32768 -32768 -32768 -32768 -32768 -32768 -32768 -32768 -32768 129 131 130 133 133 138 137 142 141 146 147 149 149 153 153 160 160 164 166 168 170 173 173 176 177 179 180 181 181 183 183 183 184 185 185 187 186 187 187 187 187 187 187 187 186 185 184 186 184 184 182 184 183
-32768 -32768 -32768 -32768 -32768 -32768 -32768 -32768 -32768 -32768 -32768 -32768 -32768 -32768 -32768 -32768 -32768 -32768 -32768 -32768 -32768 -32768 -32768 -32768 -32768 -32768 -32768 -32768 -32768 -32768 -32768 -32768 127 130 130 133 133 137 138 142 141 146 147 148 147 153 154 158 160 164 165 170 170 173 173 177 177 179 180 181 182 183 182 184 184 185 186 187 187 187 187 188 188 189 188 188 186 186 187 186 184 184 184 184 183
-32768 -32768 -32768 -32768 -32768 -32768 -32768 -32768 -32768 -32768 -32768 -32768 -32768 -32768 -32768 -32768 -32768 -32768 -32768 -32768 -32768 -32768 -32768 -32768 -32768 -32768 -32768 -32768 -32768 -32768 -32768 -32768 126 129 129 132 133 135 135 138 137 141 142 146 147 149 150 155 156 160 160 164 166 169 169 172 172 174 175 176 177 179 179 180 180 183 183 184 183 184 185 184 184 185 185 184 182 182 182 182 180 182 181 180 179
-32768 -32768 -32768 -32768 -32768 -32768 -32768 -32768 -32768 -32768 -32768 -32768 -32768 -32768 -32768 -32768 -32768 -32768 -32768 -32768 -32768 -32768 -32768 -32768 -32768 -32768 -32768 -32768 -32768 -32768 -32768 -32768 126 129 129 132 131 135 134 137 138 142 142 146 147 149 151 155 157 159 161 164 166 170 169 171 172 174 176 177 177 179 180 180 181 183 183 185 185 186 185 187 187 185 186 184 183 181 184 183 182 183 180 182 179
-32768 -32768 -32768 -32768 -32768 -32768 -32768 -32768 -32768 -32768 -32768 -32768 -32768 -32768 -32768 -32768 -32768 -32768 -32768 -32768 -32768 -32768 -32768 -32768 -32768 -32768 -32768 -32768 -32768 -32768 -32768 -32768 -32768 128 128 129 130 132 132 136 136 139 140 144 144 146 147 151 151 155 157 159 160 165 165 167 168 171 171 173 174 175 177 176 178 179 180 182 181 181 181 182 182 183 181 179 179 178 178 179 177 179 177 178 175
-32768 -32768 -32768 -32768 -32768 -32768 -32768 -32768 -32768 -32768 -32768 -32768 -32768 -32768 -32768 -32768 -32768 -32768 -32768 -32768 -32768 -32768 -32768 -32768 -32768 -32768 -32768 -32768 -32768 -32768 -32768 -32768 -32768 128 127 130 129 132 132 136 134 139 140 143 143 147 146 150 151 156 156 159 161 164 165 167 168 170 172 172 174 176 175 177 179 179 181 181 182 183 183 184 184 185 185 183 182 180 178 180 179 180 178 177 177
-32768 -32768 -32768 -32768 -32768 -32768 -32768 -32768 -32768 -32768 -32768 -32768 -32768 -32768 -32768 -32768 -32768 -32768 -32768 -32768 -32768 -32768 -32768 -32768 -32768 -32768 -32768 -32768 -32768 -32768 -32768 -32768 -32768 124 125 128 128 131 131 133 133 136 135 141 141 143 144 146 147 151 153 156 156 159 159 163 164 165 166 168 168 169 170 172 174 175 175 177 177 179 179 181 181 182 181 180 179 178 176 175 176 176 174 173 171
-32768 -32768 -32768 -32768 -32768 -32768 -32768 -32768 -32768 -32768 -32768 -32768 -32768 -32768 -32768 -32768 -32768 -32768 -32768 -32768 -32768 -32768 -32768 -32768 -32768 -32768 -32768 -32768 -32768 -32768 -32768 -32768 -32768 124 125 128 128 130 131 132 133 136 136 140 141 143 144 148 149 153 153 156 156 160 159 162 164 165 167 168 169 170 172 172 174 175 175 178 178 180 181 182 182 183 182 181 181 179 176 177 175 176 174 173 171
-32768 -32768 -32768 -32768 -32768 -32768 -32768 -32768 -32768 -32768 -32768 -32768 -32768 -32768 -32768 -32768 -32768 -32768 -32768 -32768 -32768 -32768 -32768 -32768 -32768 -32768 -32768 -32768 -32768 -32768 -32768 -32768 -32768 124 123 127 128 128 128 130 131 134 134 136 136 139 140 142 143 148 148 151 154 154 155 157 159 160 162 164 165 166 167 169 169 171 172 173 174 175 178 180 180 181 181 180 177 177 171 172 171 171 170 171 167
-32768 -32768 -32768 -32768 -32768 -32768 -32768 -32768 -32768 -32768 -32768 -32768 -32768 -32768 -32768 -32768 -32768 -32768 -32768 -32768 -32768 -32768 -32768 -32768 -32768 -32768 -32768 -32768 -32768 -32768 -32768 -32768 -32768 -32768 123 127 127 128 128 130 132 133 134 136 136 140 140 143 143 148 148 151 151 154 155 157 159 161 162 164 165 167 167 169 169 171 173 174 174 177 178 179 181 182 181 180 176 176 169 170 172 172 170 170 167
-32768 -32768 -32768 -32768 -32768 -32768 -32768 -32768 -32768 -32768 -32768 -32768 -32768 -32768 -32768 -32768 -32768 -32768 -32768 -32768 -32768 -32768 -32768 -32768 -32768 -32768 -32768 -32768 -32768 -32768 -32768 -32768 -32768 -32768 124 125 125 127 127 128 129 132 132 134 134 136 137 139 139 143 142 146 147 150 151 152 154 156 158 159 160 161 162 165 166 167 168 170 170 172 174 175 176 177 177 176 175 173 166 164 167 168 166 166 163
-32768 -32768 -32768 -32768 -32768 -32768 -32768 -32768 -32768 -32768 -32768 -32768 -32768 -32768 -32768 -32768 -32768 -32768 -32768 -32768 -32768 -32768 -32768 -32768 -32768 -32768 -32768 -32768 -32768 -32768 -32768 -32768 -32768 -32768 124 125 125 127 128 130 130 131 132 134 134 136 137 139 141 143 144 145 148 150 151 152 153 156 157 159 160 162 162 165 165 167 167 171 170 172 172 175 176 176 175 176 175 173 168 164 164 169 167 166 163
-32768 -32768 -32768 -32768 -32768 -32768 -32768 -32768 -32768 -32768 -32768 -32768 -32768 -32768 -32768 -32768 -32768 -32768 -32768 -32768 -32768 -32768 -32768 -32768 -32768 -32768 -32768 -32768 -32768 -32768 -32768 -32768 -32768 -32768 123 124 123 124 126 127 127 130 128 132 132 134 136 137 138 140 141 142 143 146 146 149 150 152 152 155 156 158 159 162 162 163 164 167 167 169 171 171 169 173 172 172 169 169 167 163 161 166 163 164 160
-32768 -32768 -32768 -32768 -32768 -32768 -32768 -32768 -32768 -32768 -32768 -32768 -32768 -32768 -32768 -32768 -32768 -32768 -32768 -32768 -32768 -32768 -32768 -32768 -32768 -32768 -32768 -32768 -32768 -32768 -32768 -32768 -32768 -32768 -32768 124 124 125 126 127 128 128 130 132 132 135 135 138 138 141 141 142 144 145 146 148 150 152 153 155 155 158 158 161 162 163 164 166 168 168 169 169 171 171 171 172 169 169 167 164 161 163 164 164 161
-32768 -32768 -32768 -32768 -32768 -32768 -32768 -32768 -32768 -32768 -32768 -32768 -32768 -32768 -32768 -32768 -32768 -32768 -32768 -32768 -32768 -32768 -32768 -32768 -32768 -32768 -32768 -32768 -32768 -32768 -32768 -32768 -32768 -32768 -32768 -32768 124 125 125 127 128 127 128 129 131 133 132 135 135 137 137 138 139 142 142 144 145 147 148 152 151 154 155 157 158 160 161 163 164 166 166 166 166 167 167 169 167 165 164 165 159 159 161 160 158
-32768 -32768 -32768 -32768 -32768 -32768 -32768 -32768 -32768 -32768 -32768 -32768 -32768 -32768 -32768 -32768 -32768 -32768 -32768 -32768 -32768 -32768 -32768 -32768 -32768 -32768 -32768 -32768 -32768 -32768 -32768 -32768 -32768 -32768 -32768 -32768 124 124 124 126 126 128 128 129 131 132 134 135 135 136 136 139 139 142 142 144 145 148 148 151 152 153 154 156 157 160 160 163 163 165 166 166 166 166 166 169 166 165 164 163 163 160 159 160 158
-32768 -32768 -32768 -32768 -32768 -32768 -32768 -32768 -32768 -32768 -32768 -32768 -32768 -32768 -32768 -32768 -32768 -32768 -32768 -32768 -32768 -32768 -32768 -32768 -32768 -32768 -32768 -32768 -32768 -32768 -32768 -32768 -32768 -32768 -32768 -32768 -32768 -32768 123 124 125 127 128 128 130 130 132 133 133 134 135 136 136 139 138 143 143 146 147 148 149 150 152 154 155 158 158 159 160 163 162 165 164 166 165 164 164 163 161 161 158 160 158 158 156
-32768 -32768 -32768 -32768 -32768 -32768 -32768 -32768 -32768 -32768 -32768 -32768 -32768 -32768 -32768 -32768 -32768 -32768 -32768 -32768 -32768 -32768 -32768 -32768 -32768 -32768 -32768 -32768 -32768 -32768 -32768 -32768 -32768 -32768 -32768 -32768 -32768 123 123 125 126 127 127 129 129 131 131 132 133 134 135 135 136 139 138 142 143 145 146 147 149 151 152 154 155 158 158 160 160 162 162 164 164 165 165 164 164 163 161 161 158 161 159 159 157
-32768 -32768 -32768 -32768 -32768 -32768 -32768 -32768 -32768 -32768 -32768 -32768 -32768 -32768 -32768 -32768 -32768 -32768 -32768 -32768 -32768 -32768 -32768 -32768 -32768 -32768 -32768 -32768 -32768 -32768 -32768 -32768 -32768 -32768 -32768 -32768 -32768 124 123 126 126 126 126 128 129 130 130 132 132 131 133 135 135 137 138 140 142 143 144 146 147 149 150 153 154 156 157 159 159 160 161 162 161 163 162 162 162 162 160 161 159 159 158 158 156
-32768 -32768 -32768 -32768 -32768 -32768 -32768 -32768 -32768 -32768 -32768 -32768 -32768 -32768 -32768 -32768 -32768 -32768 -32768 -32768 -32768 -32768 -32768 -32768 -32768 -32768 -32768 -32768 -32768 -32768 -32768 -32768 -32768 -32768 -32768 -32768 -32768 123 123 125 126 126 127 129 129 130 130 131 132 133 133 133 136 137 137 141 141 144 144 146 147 148 150 153 154 156 156 158 157 159 161 162 162 162 160 162 162 161 160 162 160 158 158 158 158
-32768 -32768 -32768 -32768 -32768 -32768 -32768 -32768 -32768 -32768 -32768 -32768 -32768 -32768 -32768 -32768 -32768 -32768 -32768 -32768 -32768 -32768 -32768 -32768 -32768 -32768 -32768 -32768 -32768 -32768 -32768 -32768 -32768 -32768 -32768 -32768 -32768 -32768 122 124 125 126 127 128 129 129 129 131 131 132 134 134 135 137 137 140 140 142 142 146 145 149 148 152 153 154 154 156 156 158 159 163 161 163 161 161 161 162 161 161 160 161 159 157 157
-32768 -32768 -32768 -32768 -32768 -32768 -32768 -32768 -32768 -32768 -32768 -32768 -32768 -32768 -32768 -32768 -32768 -32768 -32768 -32768 -32768 -32768 -32768 -32768 -32768 -32768 -32768 -32768 -32768 -32768 -32768 -32768 -32768 -32768 -32768 -32768 -32768 122 122 125 125 127 127 127 129 129 130 130 131 132 133 134 135 136 138 140 140 141 142 145 146 149 149 151 152 153 154 155 156 158 158 160 161 163 160 161 161 163 161 161 159 161 160 159 157
-32768 -32768 -32768 -32768 -32768 -32768 -32768 -32768 -32768 -32768 -32768 -32768 -32768 -32768 -32768 -32768 -32768 -32768 -32768 -32768 -32768 -32768 -32768 -32768 -32768 -32768 -32768 -32768 -32768 -32768 -32768 -32768 -32768 -32768 -32768 -32768 121 123 125 125 126 127 128 129 129 130 130 131 131 134 133 135 136 137 138 140 141 143 144 146 146 149 148 152 153 155 155 158 156 159 159 161 160 162 163 162 161 163 160 162 162 160 160 161 159
-32768 -32768 -32768 -32768 -32768 -32768 -32768 -32768 -32768 -32768 -32768 -32768 -32768 -32768 -32768 -32768 -32768 -32768 -32768 -32768 -32768 -32768 -32768 -32768 -32768 -32768 -32768 -32768 -32768 -32768 -32768 -32768 -32768 -32768 -32768 -32768 122 123 124 125 125 128 128 128 129 130 130 132 131 133 134 135 136 137 137 139 140 143 144 145 147 148 149 152 152 155 155 156 156 159 159 161 161 163 161 163 162 162 163 164 161 161 160 161 160
-32768 -32768 -32768 -32768 -32768 -32768 -32768 -32768 -32768 -32768 -32768 -32768 -32768 -32768 -32768 -32768 -32768 -32768 -32768 -32768 -32768 -32768 -32768 -32768 -32768 -32768 -32768 -32768 -32768 -32768 -32768 -32768 -32768 -32768 -32768 -32768 -32768 124 123 -32768 126 128 129 129 130 131 132 132 133 135 135 136 137 137 139 142 141 143 144 147 148 149 150 153 153 155 156 158 159 159 160 163 163 163 162 163 163 164 164 165 162 165 165 164 163
-32768 -32768 -32768 -32768 -32768 -32768 -32768 -32768 -32768 -32768 -32768 -32768 -32768 -32768 -32768 -32768 -32768 -32768 -32768 -32768 -32768 -32768 -32768 -32768 -32768 -32768 -32768 -32768 -32768 -32768 -32768 -32768 -32768 -32768 -32768 -32768 -32768 -32768 -32768 -32768 -32768 -32768 128 129 131 131 132 132 132 134 135 136 137 137 138 142 141 143 144 147 148 150 150 152 153 155 155 159 159 160 160 163 162 163 164 164 163 165 164 164 164 165 164 165 165
-32768 -32768 -32768 -32768 -32768 -32768 -32768 -32768 -32768 -32768 -32768 -32768 -32768 -32768 -32768 -32768 -32768 -32768 -32768 -32768 -32768 -32768 -32768 -32768 -32768 -32768 -32768 -32768 -32768 -32768 -32768 -32768 -32768 -32768 -32768 -32768 -32768 -32768 -32768 -32768 -32768 -32768 130 132 132 133 134 136 136 138 138 137 139 140 141 144 144 146 147 149 150 153 153 154 155 157 157 161 162 163 162 165 166 166 165 167 167 168 167 169 167 169 168 168 167
-32768 -32768 -32768 -32768 -32768 -32768 -32768 -32768 -32768 -32768 -32768 -32768 -32768 -32768 -32768 -32768 -32768 -32768 -32768 -32768 -32768 -32768 -32768 -32768 -32768 -32768 -32768 -32768 -32768 -32768 -32768 -32768 -32768 -32768 -32768 -32768 -32768 -32768 -32768 128 128 129 130 132 132 132 134 135 136 136 137 138 139 140 140 143 144 146 146 149 148 153 152 154 154 157 157 161 161 162 162 165 165 165 165 167 166 167 167 170 168 170 169 169 170
-32768 -32768 -32768 -32768 -32768 -32768 -32768 -32768 -32768 -32768 -32768 -32768 -32768 -32768 -32768 -32768 -32768 -32768 -32768 -32768 -32768 -32768 -32768 -32768 -32768 -32768 -32768 -32768 -32768 -32768 -32768 -32768 -32768 -32768 -32768 -32768 -32768 -32768 -32768 129 130 131 131 133 134 135 136 138 138 141 140 141 140 143 144 146 147 149 149 152 152 154 154 158 157 161 161 164 164 165 166 167 167 169 169 171 171 172 171 172 172 173 172 175 173
-32768 -32768 -32768 -32768 -32768 -32768 -32768 -32768 -32768 -32768 -32768 -32768 -32768 -32768 -32768 -32768 -32768 -32768 -32768 -32768 -32768 -32768 -32768 -32768 -32768 -32768 -32768 -32768 -32768 -32768 -32768 -32768 -32768 -32768 -32768 -32768 -32768 -32768 127 130 130 130 131 133 134 135 135 138 138 141 141 141 142 144 144 146 146 149 150 151 153 152 154 157 157 160 162 164 164 165 165 167 167 169 169 172 171 173 171 174 173 174 173 177 175
-32768 -32768 -32768 -32768 -32768 -32768 -32768 -32768 -32768 -32768 -32768 -32768 -32768 -32768 -32768 -32768 -32768 -32768 -32768 -32768 -32768 -32768 -32768 -32768 -32768 -32768 -32768 -32768 -32768 -32768 -32768 -32768 -32768 -32768 -32768 -32768 -32768 -32768 129 131 131 134 135 136 136 138 139 140 141 144 144 145 146 148 148 150 152 153 153 156 156 157 157 160 160 162 164 166 166 169 168 169 170 173 174 175 174 177 176 178 177 178 178 180 179
-32768 -32768 -32768 -32768 -32768 -32768 -32768 -32768 -32768 -32768 -32768 -32768 -32768 -32768 -32768 -32768 -32768 -32768 -32768 -32768 -32768 -32768 -32768 -32768 -32768 -32768 -32768 -32768 -32768 -32768 -32768 -32768 -32768 -32768 -32768 -32768 -32768 -32768 129 132 131 133 135 136 136 137 139 140 141 144 144 145 145 147 148 150 152 152 152 156 156 157 157 160 160 163 163 166 166 168 168 169 169 173 173 175 175 176 177 178 179 180 180 179 179
-32768 -32768 -32768 -32768 -32768 -32768 -32768 -32768 -32768 -32768 -32768 -32768 -32768 -32768 -32768 -32768 -32768 -32768 -32768 -32768 -32768 -32768 -32768 -32768 -32768 -32768 -32768 -32768 -32768 -32768 -32768 -32768 -32768 -32768 -32768 -32768 -32768 130 132 134 133 135 137 139 139 140 142 144 145 147 146 148 149 151 152 153 154 157 157 159 160 162 162 164 165 168 169 170 170 172 172 174 176 177 177 178 179 180 181 183 182 184 184 185 185
-32768 -32768 -32768 -32768 -32768 -32768 -32768 -32768 -32768 -32768 -32768 -32768 -32768 -32768 -32768 -32768 -32768 -32768 -32768 -32768 -32768 -32768 -32768 -32768 -32768 -32768 -32768 -32768 -32768 -32768 -32768 -32768 -32768 -32768 -32768 -32768 -32768 130 130 133 133 136 137 139 139 141 141 145 145 147 146 148 148 151 153 153 154 158 157 159 159 162 162 165 165 166 166 170 170 171 172 174 176 177 177 179 179 180 180 183 183 185 186 187 187
-32768 -32768 -32768 -32768 -32768 -32768 -32768 -32768 -32768 -32768 -32768 -32768 -32768 -32768 -32768 -32768 -32768 -32768 -32768 -32768 -32768 -32768 -32768 -32768 -32768 -32768 -32768 -32768 -32768 -32768 -32768 -32768 -32768 -32768 -32768 -32768 130 132 133 136 135 139 140 141 140 144 144 148 148 150 150 152 152 153 156 158 159 161 161 163 163 166 166 168 168 170 172 174 175 176 177 178 179 181 181 182 183 184 184 187 189 187 189 189 189
-32768 -32768 -32768 -32768 -32768 -32768 -32768 -32768 -32768 -32768 -32768 -32768 -32768 -32768 -32768 -32768 -32768 -32768 -32768 -32768 -32768 -32768 -32768 -32768 -32768 -32768 -32768 -32768 -32768 -32768 -32768 -32768 -32768 -32768 -32768 -32768 129 132 133 135 135 139 140 141 141 144 144 147 148 149 149 152 152 154 156 158 158 160 160 163 163 165 166 167 168 170 170 173 173 175 175 178 180 179 181 182 182 184 185 188 187 188 189 190 191
-32768 -32768 -32768 -32768 -32768 -32768 -32768 -32768 -32768 -32768 -32768 -32768 -32768 -32768 -32768 -32768 -32768 -32768 -32768 -32768 -32768 -32768 -32768 -32768 -32768 -32768 -32768 -32768 -32768 -32768 -32768 -32768 -32768 -32768 127 131 132 133 136 138 138 142 140 145 145 147 148 152 152 153 153 158 157 158 160 161 162 163 164 167 167 169 170 171 173 175 175 177 177 179 179 181 181 183 185 187 188 188 188 190 192 192 193 195 195
