7.asc
ncols        384
nrows        456
xllcorner    93.000000000000
yllcorner    -8.000000000000
cellsize     0.041666666667
NODATA_value 0
[rows 111 to 147 of 456, columns 85 to 169 of 384]
-32768 -32768 -32768 -32768 -32768 -32768 -32768 -32768 -32768 -32768 -32768 -32768 -32768 -32768 -32768 -32768 -32768 -32768 -32768 -32768 -32768 -32768 -32768 -32768 -32768 -32768 -32768 -32768 -32768 -32768 -32768 -32768 -32768 127 127 132 132 135 135 139 139 141 141 144 145 148 149 152 151 153 152 158 158 158 158 162 161 163 163 167 167 169 170 172 171 174 174 176 177 178 179 181 181 183 185 188 188 189 188 190 192 191 194 195 195
-32768 -32768 -32768 -32768 -32768 -32768 -32768 -32768 -32768 -32768 -32768 -32768 -32768 -32768 -32768 -32768 -32768 -32768 -32768 -32768 -32768 -32768 -32768 -32768 -32768 -32768 -32768 -32768 -32768 -32768 -32768 -32768 127 129 131 134 134 137 135 141 141 145 144 147 147 149 151 154 154 157 157 158 159 163 163 165 167 168 168 171 170 173 173 174 175 178 178 180 180 182 182 185 186 187 189 189 191 192 193 195 195 195 198 199 199
-32768 -32768 -32768 -32768 -32768 -32768 -32768 -32768 -32768 -32768 -32768 -32768 -32768 -32768 -32768 -32768 -32768 -32768 -32768 -32768 -32768 -32768 -32768 -32768 -32768 -32768 -32768 -32768 -32768 -32768 -32768 -32768 127 128 131 134 134 136 135 140 140 145 144 147 147 149 151 154 154 157 157 160 160 163 164 166 166 168 170 171 170 173 173 174 175 177 178 179 181 181 182 185 185 188 187 191 191 192 192 195 195 197 197 199 199
-32768 -32768 -32768 -32768 -32768 -32768 -32768 -32768 -32768 -32768 -32768 -32768 -32768 -32768 -32768 -32768 -32768 -32768 -32768 -32768 -32768 -32768 -32768 -32768 -32768 -32768 -32768 -32768 -32768 -32768 -32768 129 129 133 132 135 135 137 139 142 142 147 147 150 150 153 153 157 157 160 160 165 164 167 167 168 170 172 172 175 176 176 176 178 179 181 181 182 182 186 186 187 189 191 191 195 195 194 195 197 198 198 199 200 201
-32768 -32768 -32768 -32768 -32768 -32768 -32768 -32768 -32768 -32768 -32768 -32768 -32768 -32768 -32768 -32768 -32768 -32768 -32768 -32768 -32768 -32768 -32768 -32768 -32768 -32768 -32768 -32768 -32768 125 126 129 129 131 133 135 135 138 139 142 142 147 147 150 150 153 153 156 158 160 160 164 163 167 167 169 169 171 171 173 174 176 175 178 180 181 181 182 182 186 185 187 188 191 191 192 192 195 194 197 198 199 199 200 201
-32768 -32768 -32768 -32768 -32768 -32768 -32768 -32768 -32768 -32768 -32768 -32768 -32768 -32768 -32768 -32768 -32768 -32768 -32768 -32768 -32768 -32768 -32768 -32768 -32768 -32768 -32768 -32768 125 126 127 129 130 134 135 138 137 142 142 144 144 148 148 152 152 154 155 159 159 162 163 165 166 169 170 171 173 175 175 177 176 180 180 181 182 183 184 185 185 187 188 189 190 193 194 196 196 196 198 199 200 200 202 201 203
-32768 -32768 -32768 -32768 -32768 -32768 -32768 -32768 -32768 -32768 -32768 -32768 -32768 -32768 -32768 -32768 -32768 -32768 -32768 -32768 -32768 -32768 -32768 -32768 -32768 -32768 -32768 -32768 125 127 127 129 132 134 135 138 139 142 142 144 144 148 148 153 152 154 154 158 158 162 163 165 166 169 170 172 171 174 175 176 176 180 180 181 181 182 183 186 185 186 187 189 190 192 193 195 196 196 198 198 200 200 201 201 202
-32768 -32768 -32768 -32768 -32768 -32768 -32768 -32768 -32768 -32768 -32768 -32768 -32768 -32768 -32768 -32768 -32768 -32768 -32768 -32768 -32768 -32768 -32768 -32768 -32768 -32768 -32768 127 126 129 129 133 132 135 135 138 138 143 143 146 146 149 149 153 155 157 157 160 161 165 165 168 168 172 173 175 174 176 177 179 179 182 182 183 183 184 185 188 188 189 190 191 193 195 195 196 197 198 198 200 201 202 203 202 203
-32768 -32768 -32768 -32768 -32768 -32768 -32768 -32768 -32768 -32768 -32768 -32768 -32768 -32768 -32768 -32768 -32768 -32768 -32768 -32768 -32768 -32768 -32768 -32768 -32768 -32768 122 125 126 128 128 132 133 135 135 139 139 143 143 146 146 149 149 154 155 158 157 160 160 164 164 168 168 171 171 174 174 175 175 180 179 181 182 182 183 184 184 188 188 189 189 190 191 195 196 196 196 197 197 199 200 200 202 201 202
-32768 -32768 -32768 -32768 -32768 -32768 -32768 -32768 -32768 -32768 -32768 -32768 -32768 -32768 -32768 -32768 -32768 -32768 -32768 -32768 -32768 -32768 -32768 -32768 -32768 -32768 -32768 126 127 129 129 133 134 138 138 140 140 145 144 149 148 151 152 156 156 159 159 162 161 166 166 170 170 173 173 175 176 178 179 179 180 182 182 184 185 187 187 189 189 191 192 192 192 195 196 197 198 198 199 201 201 202 202 203 204
-32768 -32768 -32768 -32768 -32768 -32768 -32768 -32768 -32768 -32768 -32768 -32768 -32768 -32768 -32768 -32768 -32768 -32768 -32768 -32768 -32768 -32768 -32768 -32768 -32768 -32768 -32768 128 127 129 130 134 134 138 138 141 141 145 145 149 149 152 152 155 155 158 158 161 161 165 167 170 169 173 173 175 176 179 178 178 180 182 181 185 184 187 187 189 190 192 191 192 193 195 196 196 197 197 198 200 201 202 202 202 202
-32768 -32768 -32768 -32768 -32768 -32768 -32768 -32768 -32768 -32768 -32768 -32768 -32768 -32768 -32768 -32768 -32768 -32768 -32768 -32768 -32768 -32768 -32768 -32768 -32768 -32768 -32768 129 130 131 131 135 136 139 140 142 143 147 145 149 150 152 153 158 157 160 160 164 164 167 168 171 171 173 174 177 177 180 179 182 182 184 184 186 186 189 189 189 190 192 192 195 195 196 196 198 197 198 200 200 202 202 202 202 203
-32768 -32768 -32768 -32768 -32768 -32768 -32768 -32768 -32768 -32768 -32768 -32768 -32768 -32768 -32768 -32768 -32768 -32768 -32768 -32768 -32768 -32768 -32768 -32768 -32768 -32768 127 129 129 132 133 136 136 139 139 143 143 145 147 150 149 152 153 157 158 161 161 164 164 167 167 170 171 173 173 177 176 179 179 180 182 183 183 185 186 188 189 189 189 192 192 193 194 195 195 197 197 197 199 199 200 201 200 201 201
-32768 -32768 -32768 -32768 -32768 -32768 -32768 -32768 -32768 -32768 -32768 -32768 -32768 -32768 -32768 -32768 -32768 -32768 -32768 -32768 -32768 -32768 -32768 -32768 -32768 127 128 130 130 133 135 137 137 140 141 144 145 149 148 151 152 154 154 159 158 162 162 165 166 168 169 171 171 174 174 177 177 179 179 182 182 184 185 186 186 188 188 192 191 192 192 194 194 197 197 197 199 199 199 199 200 200 200 200 201
-32768 -32768 -32768 -32768 -32768 -32768 -32768 -32768 -32768 -32768 -32768 -32768 -32768 -32768 -32768 -32768 -32768 -32768 -32768 -32768 -32768 -32768 -32768 -32768 124 128 128 130 130 134 134 137 137 140 140 144 145 148 148 150 151 155 154 158 157 161 162 165 165 167 169 170 171 173 174 176 177 179 179 182 182 184 185 186 185 188 189 191 192 190 192 193 193 195 196 197 197 197 199 199 199 198 200 199 199
-32768 -32768 -32768 -32768 -32768 -32768 -32768 -32768 -32768 -32768 -32768 -32768 -32768 -32768 -32768 -32768 -32768 -32768 -32768 -32768 -32768 -32768 -32768 -32768 124 129 130 131 131 135 135 139 139 142 143 146 147 148 149 154 152 156 156 159 159 162 163 167 166 168 168 171 172 174 174 178 179 181 181 182 183 184 185 187 189 189 189 191 192 192 193 194 195 196 196 196 197 198 198 198 197 199 199 198 199
-32768 -32768 -32768 -32768 -32768 -32768 -32768 -32768 -32768 -32768 -32768 -32768 -32768 -32768 -32768 -32768 -32768 -32768 -32768 -32768 -32768 -32768 -32768 -32768 126 129 129 131 132 135 135 139 139 143 143 146 146 149 151 154 154 156 156 159 159 163 163 167 166 169 168 172 171 173 174 178 178 181 181 182 182 184 184 186 187 189 189 191 191 192 192 194 194 195 195 195 194 198 198 197 197 196 197 196 196
-32768 -32768 -32768 -32768 -32768 -32768 -32768 -32768 -32768 -32768 -32768 -32768 -32768 -32768 -32768 -32768 -32768 -32768 -32768 -32768 -32768 -32768 -32768 128 129 131 131 134 134 137 138 141 141 145 145 147 149 152 152 155 155 157 157 160 160 163 164 168 168 170 170 173 173 176 176 179 179 180 181 184 184 185 186 188 187 188 189 192 191 193 194 195 195 196 196 196 195 197 197 197 197 196 197 195 195
-32768 -32768 -32768 -32768 -32768 -32768 -32768 -32768 -32768 -32768 -32768 -32768 -32768 -32768 -32768 -32768 -32768 -32768 -32768 -32768 -32768 -32768 -32768 127 129 131 131 134 135 137 137 140 141 145 145 147 148 151 152 155 155 158 157 160 160 163 163 168 167 170 170 172 173 176 176 178 178 180 180 183 184 185 185 187 187 189 189 191 192 193 193 194 194 195 195 193 193 195 196 195 195 195 195 194 194
-32768 -32768 -32768 -32768 -32768 -32768 -32768 -32768 -32768 -32768 -32768 -32768 -32768 -32768 -32768 -32768 -32768 -32768 -32768 -32768 -32768 -32768 127 129 130 133 133 136 136 139 138 141 143 146 146 149 149 153 153 156 156 158 158 162 162 165 165 167 168 171 171 173 173 177 177 179 179 181 180 182 184 186 187 188 188 190 190 192 192 194 194 196 195 194 194 195 195 194 194 195 195 193 193 192 193
-32768 -32768 -32768 -32768 -32768 -32768 -32768 -32768 -32768 -32768 -32768 -32768 -32768 -32768 -32768 -32768 -32768 -32768 -32768 -32768 -32768 126 127 130 130 133 133 135 136 138 137 140 142 146 145 148 148 151 151 154 156 159 158 162 162 165 165 167 168 171 171 173 173 176 176 178 178 181 181 183 183 187 186 187 188 188 188 192 192 192 193 194 193 193 193 194 195 194 194 195 195 192 192 191 191
-32768 -32768 -32768 -32768 -32768 -32768 -32768 -32768 -32768 -32768 -32768 -32768 -32768 -32768 -32768 -32768 -32768 -32768 -32768 -32768 125 127 128 131 132 134 134 137 137 139 140 143 144 146 147 151 150 153 153 157 157 160 160 163 163 166 165 167 169 172 172 174 174 178 177 179 180 182 182 183 183 187 186 189 188 191 191 192 191 192 192 193 193 194 194 194 194 193 195 192 193 192 192 191 191
-32768 -32768 -32768 -32768 -32768 -32768 -32768 -32768 -32768 -32768 -32768 -32768 -32768 -32768 -32768 -32768 -32768 -32768 124 126 127 127 127 132 132 134 134 137 139 142 142 144 144 147 147 150 150 153 153 157 157 159 160 163 163 166 166 168 168 171 171 173 174 177 177 180 180 182 183 184 183 186 186 187 187 189 190 191 192 192 192 193 193 194 193 193 193 192 193 191 191 190 190 188 189
-32768 -32768 -32768 -32768 -32768 -32768 -32768 -32768 -32768 -32768 -32768 -32768 -32768 -32768 -32768 -32768 -32768 124 125 127 128 129 130 133 133 135 135 138 139 142 143 146 146 148 148 151 151 153 154 157 157 160 161 164 164 167 167 168 168 173 173 174 175 178 179 181 180 182 183 186 185 187 187 187 189 190 190 191 191 192 192 193 193 193 193 193 193 192 192 191 190 188 189 188 188
-32768 -32768 -32768 -32768 -32768 -32768 -32768 -32768 -32768 -32768 -32768 -32768 -32768 -32768 -32768 -32768 -32768 125 126 127 127 129 131 132 133 135 135 139 139 142 142 145 146 148 149 152 152 155 154 157 157 159 161 164 163 167 168 169 169 172 172 175 174 177 177 180 179 181 182 185 185 186 186 188 187 189 189 190 190 192 192 193 193 193 193 191 191 191 191 190 190 189 189 187 187
-32768 -32768 -32768 -32768 -32768 111 114 115 116 118 117 119 119 121 -32768 123 123 127 127 128 129 131 131 134 134 136 138 141 140 143 142 146 146 149 148 152 153 155 155 158 159 162 162 164 164 167 168 172 171 172 173 175 175 178 178 180 181 184 184 186 186 188 188 188 188 190 190 191 191 193 193 192 192 193 193 193 193 191 191 191 190 189 189 184 183
105 109 109 111 112 113 113 117 117 118 118 119 120 123 121 124 124 126 127 128 129 131 131 134 135 137 137 139 140 143 142 147 145 150 149 152 152 155 156 159 159 163 163 164 164 167 167 170 171 173 173 175 175 177 178 180 179 182 182 185 186 187 187 188 188 190 190 191 191 193 192 192 192 193 194 193 193 191 191 190 190 188 187 183 183
107 110 110 112 112 112 114 114 115 117 117 119 121 123 123 124 125 127 127 130 131 133 133 136 135 137 138 139 141 145 145 146 147 150 150 153 153 156 156 159 160 163 163 166 166 169 169 171 172 174 174 176 176 179 179 181 181 184 184 185 186 187 186 190 189 190 191 194 193 192 193 193 192 193 192 191 192 192 191 189 189 186 186 184 185
108 110 112 112 111 115 115 115 115 118 117 119 121 123 123 124 125 127 127 131 131 133 133 136 136 137 138 142 141 145 145 147 147 151 151 154 153 156 156 158 159 162 163 165 166 168 168 172 172 174 174 176 176 179 179 181 180 183 184 185 186 186 187 189 188 190 189 192 192 192 193 192 192 192 191 191 191 191 191 188 188 186 186 184 183
109 111 110 113 114 114 116 116 116 118 119 121 120 122 123 125 125 127 127 131 131 133 132 135 135 139 139 142 142 145 144 148 147 151 151 154 155 158 158 161 162 165 165 168 168 169 170 172 172 175 175 178 178 179 179 182 182 183 183 185 185 188 188 190 189 192 190 192 192 193 193 194 193 193 193 192 192 191 190 188 188 186 185 183 183
109 110 111 113 113 115 116 116 117 119 121 122 121 122 123 124 125 127 128 131 130 132 133 135 135 139 140 143 143 144 144 148 148 151 151 154 154 159 158 161 162 165 164 168 168 170 170 173 173 175 175 178 178 179 179 182 182 183 183 185 185 188 187 190 189 191 191 192 192 193 193 192 192 193 193 192 191 190 190 188 188 186 184 183 183
111 112 113 112 113 115 115 117 118 120 122 122 121 123 122 126 125 128 128 129 129 133 133 135 136 139 140 143 143 146 145 149 149 152 152 156 156 157 157 160 160 164 164 167 167 170 171 174 174 177 176 178 178 181 181 182 182 184 184 187 186 188 189 190 190 191 191 193 192 192 192 192 192 193 192 192 191 191 191 188 188 187 185 184 184
111 112 112 113 113 116 116 119 119 120 121 123 123 122 123 126 126 128 128 129 131 133 133 135 136 139 140 142 142 146 146 149 149 153 152 155 155 158 159 162 162 164 165 167 167 170 170 174 174 177 176 178 177 181 181 182 182 184 184 187 186 188 188 190 190 191 191 192 192 192 192 192 192 193 193 192 191 191 190 188 188 186 186 184 185
112 112 113 114 116 118 120 119 122 122 122 123 123 124 124 125 126 129 129 131 130 132 133 136 137 140 140 143 143 146 146 149 149 153 152 156 156 158 158 163 163 166 166 169 170 172 171 175 175 178 178 180 180 182 181 183 184 187 186 188 187 190 189 191 191 192 192 194 193 193 193 193 193 193 193 191 192 191 191 189 188 186 186 184 185
114 113 113 115 117 120 125 125 125 124 120 123 123 124 124 126 127 128 130 129 130 132 133 136 136 139 140 142 143 146 147 150 150 153 152 156 156 160 158 162 163 165 166 169 169 171 172 174 175 178 177 179 180 182 182 183 184 187 185 188 187 190 189 191 191 192 192 193 193 194 193 193 192 193 193 191 192 191 190 189 188 186 187 185 184
116 114 114 115 118 124 127 130 131 128 127 124 124 124 123 125 125 128 127 129 129 133 133 137 137 139 139 142 142 145 145 149 149 153 154 155 157 158 160 163 162 167 167 170 170 173 173 176 176 178 177 180 181 183 183 185 185 187 187 189 189 191 190 192 192 193 193 193 193 194 194 194 194 193 193 191 192 191 192 189 189 187 187 185 185
117 114 115 117 120 127 127 130 131 132 131 130 132 136 130 128 126 127 128 131 130 134 132 137 137 138 139 142 142 146 146 148 149 152 153 158 155 160 159 163 163 167 167 169 170 173 173 177 175 178 179 182 182 183 182 185 186 186 186 188 189 191 191 192 192 193 192 193 193 194 194 194 193 193 193 192 192 192 191 188 189 187 187 185 185
