7.asc
ncols        384
nrows        456
xllcorner    93.000000000000
yllcorner    -8.000000000000
cellsize     0.041666666667
NODATA_value 0
[rows 0 to 36 of 456, columns 85 to 169 of 384]
-32768 -32768 -32768 -32768 -32768 -32768 -32768 -32768 126 126 126 -32768 -32768 -32768 128 129 129 132 132 131 131 132 134 135 134 135 136 137 137 139 140 142 143 145 144 149 149 151 151 154 155 157 158 162 163 166 166 171 172 176 175 181 179 186 186 194 192 198 197 206 205 213 211 219 218 223 223 231 231 238 237 242 242 249 249 255 255 260 259 266 264 269 268 271 272
-32768 -32768 -32768 -32768 -32768 -32768 -32768 -32768 126 126 126 -32768 -32768 -32768 128 -32768 -32768 -32768 -32768 132 132 132 134 134 134 136 135 136 137 139 139 141 142 146 145 149 149 151 152 156 156 157 157 163 162 166 167 170 171 175 175 181 179 187 187 194 194 198 198 204 206 213 211 218 218 224 223 232 231 237 238 244 244 249 249 255 255 259 259 266 264 268 269 271 271
-32768 -32768 -32768 -32768 -32768 -32768 -32768 -32768 -32768 -32768 126 126 -32768 130 129 -32768 -32768 -32768 -32768 -32768 -32768 134 134 135 135 136 137 136 137 139 140 142 143 146 146 148 148 153 152 155 156 158 158 164 163 165 165 173 172 176 176 181 181 187 187 195 194 199 197 205 204 212 212 218 218 224 225 231 231 238 238 245 243 249 249 254 255 260 260 264 263 269 268 272 271
-32768 -32768 -32768 -32768 -32768 -32768 -32768 -32768 -32768 -32768 -32768 -32768 -32768 -32768 -32768 -32768 -32768 -32768 -32768 -32768 -32768 132 135 133 134 136 137 137 137 140 139 141 143 146 146 148 148 152 151 155 157 161 159 163 163 166 166 172 172 176 176 180 181 187 186 193 193 199 199 204 204 211 212 219 216 224 225 231 230 237 238 244 245 250 248 255 254 261 260 264 263 268 268 272 271
-32768 -32768 -32768 -32768 -32768 -32768 -32768 -32768 -32768 -32768 -32768 -32768 -32768 -32768 -32768 -32768 -32768 -32768 -32768 -32768 134 135 134 135 137 136 136 137 137 141 141 144 144 146 147 149 150 152 154 157 157 162 160 165 164 168 169 173 173 175 176 182 182 187 188 193 193 199 199 205 205 212 212 217 219 223 225 231 231 238 238 245 244 248 248 255 254 260 260 264 265 269 268 273 273
-32768 -32768 -32768 -32768 -32768 -32768 -32768 -32768 -32768 -32768 -32768 -32768 -32768 -32768 -32768 -32768 -32768 -32768 -32768 -32768 -32768 134 134 134 137 135 135 137 137 141 142 144 144 146 147 151 150 154 154 156 157 161 161 165 165 169 168 173 173 177 177 183 183 187 188 193 193 199 199 205 205 212 212 218 219 224 224 231 231 237 237 243 243 248 248 255 254 260 260 264 265 270 268 273 272
-32768 -32768 -32768 -32768 -32768 -32768 -32768 -32768 -32768 -32768 -32768 -32768 -32768 -32768 -32768 -32768 -32768 -32768 -32768 -32768 -32768 134 134 135 137 136 137 139 139 141 142 144 144 147 147 152 151 153 153 158 157 161 161 164 165 169 168 173 173 179 179 183 183 188 188 194 194 200 199 206 205 212 211 218 219 225 224 231 231 238 237 244 244 250 248 254 253 259 259 263 263 269 268 272 272
-32768 -32768 -32768 -32768 -32768 -32768 -32768 -32768 -32768 -32768 -32768 -32768 -32768 -32768 -32768 -32768 -32768 -32768 -32768 -32768 132 134 134 136 136 137 137 138 139 141 141 144 144 147 147 152 152 154 154 158 159 162 162 165 165 169 169 173 173 179 179 183 183 189 189 195 195 200 200 206 204 211 212 217 218 225 224 231 231 238 238 244 242 250 248 253 253 259 259 264 263 268 268 273 272
-32768 -32768 -32768 -32768 -32768 -32768 -32768 -32768 -32768 -32768 -32768 -32768 -32768 -32768 -32768 -32768 -32768 -32768 -32768 -32768 -32768 133 134 136 136 136 137 139 139 141 142 143 145 147 147 152 152 154 154 159 159 163 162 166 166 169 169 173 173 179 180 183 183 189 189 195 195 200 200 206 204 211 211 219 217 224 224 230 230 238 238 242 243 249 250 254 254 258 257 263 263 268 268 271 272
-32768 -32768 -32768 -32768 -32768 -32768 -32768 -32768 -32768 -32768 -32768 -32768 -32768 -32768 -32768 -32768 -32768 -32768 -32768 -32768 -32768 134 133 136 136 135 137 139 139 141 142 145 146 148 147 152 152 154 154 158 159 162 162 165 166 170 170 174 174 181 181 183 183 189 189 194 194 199 200 205 204 211 211 217 217 224 225 230 230 237 237 242 243 249 250 253 256 258 258 263 262 268 268 271 270
-32768 -32768 -32768 -32768 -32768 -32768 -32768 -32768 -32768 -32768 -32768 -32768 -32768 -32768 -32768 -32768 -32768 -32768 -32768 -32768 133 133 134 134 134 136 137 139 139 141 143 145 146 149 150 153 152 155 155 159 160 163 163 166 166 170 170 174 174 181 180 184 183 188 189 195 193 199 199 205 206 211 210 218 216 224 225 232 232 236 236 241 242 248 249 252 252 258 257 262 263 267 267 272 272
-32768 -32768 -32768 -32768 -32768 -32768 -32768 -32768 -32768 -32768 -32768 -32768 -32768 -32768 -32768 -32768 -32768 -32768 -32768 -32768 133 134 135 135 134 137 138 139 139 143 143 144 144 149 150 153 153 155 155 159 160 163 163 167 167 170 170 174 175 181 180 184 184 189 189 194 195 200 200 205 205 211 212 218 218 226 223 230 230 236 236 241 242 248 248 253 252 257 257 263 262 267 266 272 272
-32768 -32768 -32768 -32768 -32768 -32768 -32768 -32768 -32768 -32768 -32768 -32768 -32768 -32768 -32768 -32768 -32768 -32768 -32768 -32768 132 134 136 135 135 136 137 139 138 143 143 145 147 150 150 153 153 154 155 159 161 164 163 167 168 171 171 176 176 181 180 184 184 189 188 194 196 199 200 205 205 211 211 218 218 223 224 230 229 235 235 241 242 246 247 252 252 258 257 262 262 267 267 270 271
-32768 -32768 -32768 -32768 -32768 -32768 -32768 -32768 -32768 -32768 -32768 -32768 -32768 -32768 -32768 -32768 -32768 -32768 -32768 -32768 134 135 135 134 136 136 137 138 138 142 143 146 148 149 150 153 153 155 156 159 160 165 164 167 168 171 172 176 177 181 181 185 184 188 188 195 196 199 202 206 205 211 210 217 216 223 223 230 230 235 235 241 242 246 246 252 252 259 257 263 262 268 268 270 269
-32768 -32768 -32768 -32768 -32768 -32768 -32768 -32768 -32768 -32768 127 126 128 -32768 -32768 -32768 -32768 -32768 -32768 133 134 135 135 136 136 137 138 139 141 143 144 146 148 150 150 153 154 157 157 160 160 164 166 167 167 173 172 178 177 181 181 185 183 190 189 196 196 201 200 205 202 210 210 215 215 223 223 230 230 235 234 242 240 246 245 251 251 258 256 261 261 266 264 271 270
-32768 -32768 -32768 -32768 -32768 -32768 -32768 -32768 -32768 -32768 126 127 127 -32768 -32768 -32768 -32768 -32768 -32768 133 134 133 134 136 137 137 138 141 140 143 143 147 147 149 150 153 154 157 157 160 161 164 166 169 168 173 173 177 178 183 182 185 185 190 189 197 196 199 197 203 203 210 210 216 216 224 223 229 230 235 234 242 241 246 246 251 251 257 257 262 261 266 266 271 270
-32768 -32768 -32768 -32768 -32768 -32768 -32768 -32768 -32768 125 127 128 128 -32768 -32768 -32768 -32768 -32768 -32768 132 132 134 133 137 137 137 138 139 141 143 144 146 147 149 150 153 154 158 157 161 161 166 165 169 169 172 172 178 176 184 181 186 186 190 189 194 195 201 198 203 203 210 210 215 216 223 223 229 228 234 233 240 240 245 245 251 250 257 257 261 260 265 265 270 270
-32768 -32768 -32768 -32768 -32768 -32768 -32768 -32768 -32768 -32768 -32768 127 -32768 -32768 -32768 -32768 -32768 -32768 -32768 -32768 133 134 134 135 137 137 138 140 140 143 143 147 147 151 150 154 154 157 158 162 162 166 166 169 170 175 174 179 178 184 183 185 186 191 191 194 195 200 198 204 203 210 211 215 216 221 222 228 228 235 233 240 241 245 244 250 251 256 256 261 261 264 265 269 270
-32768 -32768 -32768 -32768 -32768 -32768 -32768 -32768 -32768 -32768 -32768 -32768 -32768 -32768 -32768 -32768 -32768 -32768 -32768 -32768 133 134 135 136 136 137 137 140 141 142 144 147 148 151 151 154 154 157 157 161 163 165 166 170 171 175 174 179 179 183 183 187 186 191 190 195 195 199 199 204 204 208 208 214 215 221 222 228 228 234 233 239 238 244 243 250 250 255 255 261 261 266 264 268 268
-32768 -32768 -32768 -32768 -32768 -32768 -32768 -32768 -32768 -32768 -32768 -32768 -32768 -32768 -32768 -32768 -32768 -32768 -32768 -32768 133 134 134 135 136 137 138 139 140 143 144 147 148 151 151 154 154 158 158 161 161 165 168 171 170 174 175 179 179 184 183 187 187 191 190 195 196 200 199 205 204 210 209 215 215 221 221 228 228 234 233 239 238 244 243 250 249 256 256 261 261 264 264 268 267
-32768 -32768 -32768 -32768 -32768 -32768 -32768 -32768 -32768 -32768 -32768 -32768 -32768 -32768 -32768 -32768 -32768 -32768 -32768 -32768 133 134 135 135 136 138 138 140 141 143 144 147 147 150 151 153 155 159 158 163 164 168 168 172 172 176 175 179 180 185 183 189 188 192 192 196 196 201 199 204 204 209 211 215 215 221 220 227 227 232 232 238 238 243 242 249 249 256 255 260 259 264 263 268 267
-32768 -32768 -32768 -32768 -32768 -32768 -32768 -32768 -32768 -32768 126 127 -32768 -32768 -32768 -32768 -32768 -32768 -32768 -32768 133 134 134 135 136 137 139 139 140 144 144 147 148 151 151 153 154 158 158 162 164 168 169 171 172 176 176 181 181 186 184 189 188 193 191 197 196 202 199 205 204 211 211 215 215 221 221 227 227 232 232 238 238 243 243 250 249 256 256 259 260 263 264 268 268
-32768 -32768 -32768 -32768 -32768 -32768 -32768 -32768 -32768 -32768 -32768 126 -32768 -32768 -32768 -32768 -32768 -32768 -32768 133 133 135 136 134 136 138 136 139 139 142 144 146 147 150 151 154 154 158 159 164 164 168 169 172 172 176 177 181 181 186 186 190 189 193 193 198 197 201 200 204 204 210 210 215 214 221 221 225 225 231 231 238 236 242 241 248 249 254 253 259 259 263 263 267 266
-32768 -32768 -32768 -32768 -32768 -32768 -32768 -32768 -32768 -32768 -32768 -32768 -32768 -32768 -32768 -32768 -32768 -32768 131 132 134 136 136 134 136 137 137 140 140 143 144 146 148 150 152 155 154 159 159 163 164 168 169 172 174 176 177 182 182 187 186 189 190 193 194 198 197 201 201 205 204 211 209 215 215 221 221 226 226 232 231 238 237 243 243 249 248 255 255 259 258 263 262 266 266
-32768 -32768 -32768 -32768 -32768 -32768 -32768 -32768 -32768 -32768 -32768 -32768 -32768 -32768 -32768 -32768 -32768 131 132 132 134 134 134 136 137 137 138 139 140 143 144 146 147 150 151 154 156 159 159 163 164 168 168 170 172 177 176 181 183 187 186 188 190 192 192 197 197 202 201 205 204 210 209 214 214 221 219 225 225 231 231 236 235 242 241 247 247 254 254 259 257 262 262 265 265
-32768 -32768 -32768 -32768 -32768 -32768 122 123 -32768 -32768 -32768 -32768 -32768 -32768 -32768 -32768 129 130 131 132 134 134 135 136 135 137 137 139 140 143 144 147 147 150 151 154 155 160 160 164 164 167 168 171 172 177 176 183 182 186 185 188 189 191 192 198 198 202 200 206 205 211 209 215 214 220 220 225 225 229 230 236 236 242 241 248 248 254 253 259 257 262 262 266 264
-32768 -32768 -32768 -32768 -32768 -32768 -32768 -32768 -32768 -32768 -32768 -32768 -32768 -32768 -32768 -32768 129 131 132 133 132 135 135 135 137 136 138 140 140 143 143 147 147 150 151 154 154 159 159 162 162 167 167 171 174 176 178 181 181 187 187 191 188 193 193 198 197 202 201 206 204 211 209 213 213 220 219 225 224 229 228 234 235 241 240 246 246 252 252 258 258 261 261 265 263
-32768 -32768 -32768 -32768 -32768 -32768 -32768 -32768 -32768 -32768 -32768 -32768 -32768 -32768 -32768 -32768 129 130 131 132 132 135 134 136 137 136 137 139 140 143 143 147 147 150 151 154 154 160 159 162 162 167 167 174 172 177 177 181 182 187 184 188 188 194 194 197 197 201 201 205 203 211 210 213 214 220 219 223 224 229 229 234 233 241 239 246 246 253 252 258 257 261 261 265 264
-32768 -32768 -32768 -32768 -32768 -32768 -32768 -32768 -32768 -32768 -32768 -32768 -32768 -32768 -32768 -32768 -32768 131 130 131 131 135 135 136 134 137 138 139 140 143 142 147 147 149 150 154 157 159 158 163 163 167 167 171 172 176 175 181 180 186 184 187 187 194 194 197 197 202 200 205 203 211 209 215 213 220 219 223 222 228 227 234 232 240 239 246 245 252 252 255 254 259 258 264 263
-32768 -32768 -32768 -32768 -32768 -32768 -32768 -32768 -32768 -32768 -32768 -32768 -32768 -32768 -32768 -32768 -32768 -32768 130 132 132 134 135 136 136 137 138 139 140 143 142 145 147 150 149 154 155 158 159 162 163 167 167 171 172 176 175 180 180 185 184 189 189 194 192 197 197 202 201 206 203 211 210 213 214 219 218 224 224 228 228 233 233 240 239 245 245 251 251 254 254 259 258 263 262
-32768 -32768 -32768 -32768 -32768 -32768 -32768 -32768 -32768 -32768 -32768 -32768 -32768 -32768 -32768 -32768 -32768 -32768 130 131 132 133 134 135 136 136 136 138 139 142 142 146 147 151 150 154 154 157 157 160 163 167 167 170 171 174 174 179 179 184 183 189 188 194 193 196 196 200 200 205 204 210 209 212 212 218 218 223 223 225 226 232 232 238 238 245 244 250 250 254 253 258 256 261 260
-32768 -32768 -32768 -32768 -32768 -32768 -32768 -32768 -32768 -32768 -32768 -32768 -32768 -32768 -32768 -32768 -32768 -32768 131 132 132 134 133 134 136 137 137 137 138 142 142 146 146 151 150 154 154 157 157 160 163 167 167 169 171 174 174 178 179 184 184 189 188 192 192 197 196 200 200 205 204 210 209 214 213 218 218 223 223 226 226 233 232 239 238 244 244 250 250 254 254 258 257 260 260
-32768 -32768 -32768 -32768 -32768 -32768 -32768 -32768 -32768 -32768 -32768 -32768 -32768 -32768 -32768 -32768 -32768 -32768 130 131 132 133 132 136 135 135 137 140 140 142 142 147 147 150 151 153 153 158 157 161 164 165 165 171 171 175 174 178 180 184 184 187 186 191 191 197 195 200 198 203 203 209 207 212 210 217 216 221 221 225 225 232 231 237 237 243 243 248 247 253 252 256 256 258 258
-32768 -32768 -32768 -32768 -32768 -32768 -32768 -32768 -32768 -32768 -32768 -32768 -32768 -32768 -32768 -32768 -32768 -32768 129 130 131 133 133 134 136 135 136 138 138 143 142 147 147 150 151 153 153 156 157 162 163 165 165 171 170 175 174 179 180 183 183 187 187 191 191 195 195 200 199 205 204 210 208 213 211 217 216 221 221 226 224 232 231 237 237 244 242 248 247 252 252 256 256 259 258
-32768 -32768 -32768 -32768 -32768 -32768 -32768 -32768 -32768 -32768 -32768 -32768 -32768 -32768 -32768 -32768 -32768 -32768 129 130 131 132 133 134 135 136 136 138 139 142 143 146 145 149 150 152 154 158 158 160 160 165 165 168 170 173 173 177 176 182 181 186 186 190 190 194 194 200 198 204 202 208 207 211 211 216 215 219 219 225 223 230 229 236 234 243 241 246 245 250 250 255 254 258 256
-32768 -32768 -32768 -32768 -32768 -32768 -32768 -32768 -32768 -32768 -32768 -32768 -32768 -32768 -32768 -32768 -32768 -32768 130 130 131 131 133 133 135 136 136 138 139 141 141 145 146 148 150 152 154 156 157 160 161 164 164 169 170 173 173 176 177 182 181 185 185 190 189 194 194 199 198 204 203 208 208 211 211 216 214 219 217 224 223 229 229 237 234 242 241 246 245 250 250 255 253 256 255
-32768 -32768 -32768 -32768 -32768 -32768 -32768 -32768 -32768 -32768 -32768 -32768 -32768 -32768 -32768 -32768 -32768 -32768 129 129 130 132 132 133 135 134 136 137 139 141 141 145 146 148 148 153 153 154 155 160 161 163 164 168 169 173 172 177 177 181 180 182 183 188 188 193 193 197 197 203 203 208 207 211 210 215 214 217 216 223 222 229 228 235 234 239 239 244 243 247 248 252 252 254 254
