8.asc
ncols        384
nrows        456
xllcorner    93.000000000000
yllcorner    -8.000000000000
cellsize     0.041666666667
NODATA_value 0
[rows 0 to 36 of 456, columns 85 to 169 of 384]
-32768 -32768 -32768 -32768 -32768 -32768 -32768 -32768 255 254 256 -32768 -32768 -32768 256 256 255 253 251 251 251 249 245 243 244 245 244 244 243 244 244 245 245 244 243 243 243 243 240 238 244 244 244 244 244 242 242 242 244 245 245 244 244 242 240 229 232 241 236 225 222 218 221 233 238 239 239 246 253 253 254 257 257 257 257 258 258 259 260 260 261 262 262 263 263
-32768 -32768 -32768 -32768 -32768 -32768 -32768 -32768 256 255 255 -32768 -32768 -32768 256 -32768 -32768 -32768 -32768 256 255 250 246 244 244 245 246 244 243 244 245 246 245 236 243 243 243 242 238 239 238 243 244 244 244 245 243 244 246 246 244 244 244 238 238 225 227 239 236 229 219 225 230 238 240 240 240 252 253 253 256 257 257 257 257 258 259 259 260 260 261 261 262 262 262
-32768 -32768 -32768 -32768 -32768 -32768 -32768 -32768 -32768 -32768 256 256 -32768 256 256 -32768 -32768 -32768 -32768 -32768 -32768 251 246 244 244 245 246 245 245 246 247 247 234 234 243 242 242 237 240 239 240 244 244 244 244 244 244 243 246 244 244 244 244 238 230 221 222 236 236 229 234 235 237 237 241 241 244 252 255 255 255 254 256 257 258 258 258 259 260 260 261 261 261 262 262
-32768 -32768 -32768 -32768 -32768 -32768 -32768 -32768 -32768 -32768 -32768 -32768 -32768 -32768 -32768 -32768 -32768 -32768 -32768 -32768 -32768 252 247 245 245 246 247 246 246 247 248 247 239 241 243 241 240 241 243 241 238 238 244 244 244 244 244 243 244 243 243 244 239 238 229 234 227 234 233 233 239 238 238 241 242 245 249 253 254 255 256 256 257 257 258 258 258 259 260 260 261 261 261 262 262
-32768 -32768 -32768 -32768 -32768 -32768 -32768 -32768 -32768 -32768 -32768 -32768 -32768 -32768 -32768 -32768 -32768 -32768 -32768 -32768 256 252 248 246 246 246 247 247 246 247 248 246 245 244 244 244 243 244 243 243 243 237 244 244 244 244 245 243 244 243 242 242 236 238 232 235 236 229 231 238 240 239 241 243 241 243 250 252 252 254 257 256 258 257 258 258 258 259 260 260 261 260 261 261 262
-32768 -32768 -32768 -32768 -32768 -32768 -32768 -32768 -32768 -32768 -32768 -32768 -32768 -32768 -32768 -32768 -32768 -32768 -32768 -32768 -32768 253 249 247 246 247 247 247 246 246 246 245 245 245 245 244 243 243 243 243 242 239 241 244 244 244 245 243 244 243 239 238 236 239 233 238 236 227 236 239 240 240 243 243 245 249 253 253 254 258 257 258 258 258 258 258 259 258 260 260 260 260 260 261 261
-32768 -32768 -32768 -32768 -32768 -32768 -32768 -32768 -32768 -32768 -32768 -32768 -32768 -32768 -32768 -32768 -32768 -32768 -32768 -32768 -32768 253 249 248 248 248 248 247 246 245 245 244 244 245 244 244 243 243 244 244 240 239 244 244 245 244 243 243 243 242 238 240 239 236 239 237 232 231 239 236 241 240 243 248 246 251 254 255 255 257 256 257 257 258 258 258 259 259 259 259 259 260 261 260 260
-32768 -32768 -32768 -32768 -32768 -32768 -32768 -32768 -32768 -32768 -32768 -32768 -32768 -32768 -32768 -32768 -32768 -32768 -32768 -32768 256 254 250 249 248 249 248 246 245 245 245 244 244 244 244 244 244 244 244 244 240 241 244 245 247 245 242 243 243 240 236 240 238 238 236 232 225 235 237 235 242 242 244 249 247 253 255 256 256 256 256 256 257 257 257 258 259 259 259 259 259 260 260 260 260
-32768 -32768 -32768 -32768 -32768 -32768 -32768 -32768 -32768 -32768 -32768 -32768 -32768 -32768 -32768 -32768 -32768 -32768 -32768 -32768 -32768 255 252 251 249 249 247 245 244 244 245 245 244 243 244 244 244 244 244 244 242 237 244 244 244 244 243 242 243 236 234 240 235 239 232 234 231 237 231 235 242 248 250 248 254 252 254 256 256 256 256 255 256 257 257 258 258 258 258 259 259 260 260 260 260
-32768 -32768 -32768 -32768 -32768 -32768 -32768 -32768 -32768 -32768 -32768 -32768 -32768 -32768 -32768 -32768 -32768 -32768 -32768 -32768 -32768 256 254 252 250 249 247 245 244 243 244 244 244 243 244 242 244 243 243 244 243 243 244 245 247 245 243 241 241 229 225 235 235 240 241 240 241 237 236 240 244 249 250 255 254 255 256 256 256 256 256 256 256 257 257 258 258 257 258 259 259 260 260 259 259
-32768 -32768 -32768 -32768 -32768 -32768 -32768 -32768 -32768 -32768 -32768 -32768 -32768 -32768 -32768 -32768 -32768 -32768 -32768 -32768 257 255 253 251 250 249 247 245 244 243 244 244 244 244 239 241 242 244 244 244 241 244 243 248 246 245 243 242 238 226 230 239 240 240 243 243 242 238 237 238 245 248 250 255 253 255 257 256 256 255 255 256 256 257 257 257 257 257 258 258 259 259 259 259 259
-32768 -32768 -32768 -32768 -32768 -32768 -32768 -32768 -32768 -32768 -32768 -32768 -32768 -32768 -32768 -32768 -32768 -32768 -32768 -32768 257 255 252 251 250 249 247 245 244 243 244 244 241 243 244 243 244 244 244 239 239 243 243 245 244 244 243 242 240 234 237 238 241 241 242 242 240 231 237 245 247 249 250 255 255 255 256 255 255 255 255 256 256 256 257 257 257 257 258 258 258 258 258 259 259
-32768 -32768 -32768 -32768 -32768 -32768 -32768 -32768 -32768 -32768 -32768 -32768 -32768 -32768 -32768 -32768 -32768 -32768 -32768 -32768 257 254 252 251 250 248 247 243 244 244 244 244 238 237 244 243 244 244 241 242 238 243 244 243 244 244 243 243 240 236 240 240 237 241 242 240 235 236 233 245 245 249 255 255 255 255 255 255 256 255 255 255 256 256 257 257 257 257 257 258 258 258 258 258 258
-32768 -32768 -32768 -32768 -32768 -32768 -32768 -32768 -32768 -32768 -32768 -32768 -32768 -32768 -32768 -32768 -32768 -32768 -32768 -32768 256 254 252 251 250 249 246 244 244 243 243 244 238 238 242 243 244 244 243 244 244 243 243 243 244 244 242 242 240 238 240 235 239 242 241 239 230 231 227 241 244 250 254 255 255 253 254 255 256 256 255 255 256 256 257 257 257 257 257 257 258 258 258 258 258
-32768 -32768 -32768 -32768 -32768 -32768 -32768 -32768 -32768 -32768 257 255 256 -32768 -32768 -32768 -32768 -32768 -32768 257 256 254 252 251 250 248 246 245 244 244 243 243 238 241 242 243 243 245 244 244 244 243 244 243 244 244 244 243 242 240 240 237 243 242 240 233 224 225 236 242 244 251 253 254 254 253 254 254 255 256 256 255 256 256 257 257 257 257 257 257 257 257 257 258 258
-32768 -32768 -32768 -32768 -32768 -32768 -32768 -32768 -32768 -32768 254 252 256 -32768 -32768 -32768 -32768 -32768 -32768 256 256 254 252 250 249 247 246 245 245 244 244 243 244 244 243 243 244 244 244 244 244 244 243 243 244 244 244 243 242 240 240 238 241 241 238 230 233 227 242 241 245 251 253 253 253 253 254 254 255 256 256 255 256 256 256 257 257 257 257 256 257 257 257 256 256
-32768 -32768 -32768 -32768 -32768 -32768 -32768 -32768 -32768 258 255 253 255 -32768 -32768 -32768 -32768 -32768 -32768 257 256 253 251 250 249 248 247 246 245 245 245 243 243 243 243 243 244 243 243 244 244 244 243 243 243 244 244 239 239 237 241 242 242 241 240 236 231 238 240 242 246 252 253 256 255 254 254 254 255 255 255 255 256 256 256 256 256 255 256 256 256 256 257 256 256
-32768 -32768 -32768 -32768 -32768 -32768 -32768 -32768 -32768 -32768 -32768 257 -32768 -32768 -32768 -32768 -32768 -32768 -32768 -32768 256 253 251 250 249 249 247 246 246 246 245 244 243 244 244 243 244 244 244 244 244 244 244 243 243 243 244 238 233 241 241 243 243 238 237 238 230 242 244 244 246 251 252 253 254 253 254 254 254 255 255 255 255 255 256 256 256 255 255 255 256 256 256 255 256
-32768 -32768 -32768 -32768 -32768 -32768 -32768 -32768 -32768 -32768 -32768 -32768 -32768 -32768 -32768 -32768 -32768 -32768 -32768 -32768 257 253 251 250 249 248 248 247 246 245 245 244 244 244 244 243 243 244 244 244 240 243 244 243 243 244 242 240 232 240 241 243 242 232 235 235 231 245 244 244 246 251 251 251 252 253 254 254 254 255 255 254 255 255 255 255 255 255 255 255 255 255 256 256 256
-32768 -32768 -32768 -32768 -32768 -32768 -32768 -32768 -32768 -32768 -32768 -32768 -32768 -32768 -32768 -32768 -32768 -32768 -32768 -32768 257 253 251 250 250 249 248 247 247 246 245 244 244 244 244 243 244 244 244 240 244 244 244 243 243 244 243 240 228 239 241 243 240 237 238 231 232 243 242 245 246 247 250 250 253 253 254 254 254 255 255 254 255 255 255 255 255 255 254 254 254 255 255 255 255
-32768 -32768 -32768 -32768 -32768 -32768 -32768 -32768 -32768 -32768 -32768 -32768 -32768 -32768 -32768 -32768 -32768 -32768 -32768 -32768 257 254 253 251 251 250 249 248 247 246 246 245 245 244 241 243 244 244 242 234 238 240 243 243 243 243 245 239 235 242 241 238 240 239 232 227 234 239 242 244 246 247 249 252 253 253 253 254 254 254 254 254 254 254 254 254 254 254 254 253 253 254 255 255 255
-32768 -32768 -32768 -32768 -32768 -32768 -32768 -32768 -32768 -32768 259 257 -32768 -32768 -32768 -32768 -32768 -32768 -32768 -32768 257 255 252 251 252 252 251 248 247 246 246 245 245 245 244 244 244 244 247 242 244 243 239 243 244 244 245 239 237 242 242 233 238 240 233 231 235 231 239 243 245 247 247 252 253 253 253 254 253 254 254 254 254 254 255 254 254 254 248 247 253 254 254 254 255
-32768 -32768 -32768 -32768 -32768 -32768 -32768 -32768 -32768 -32768 -32768 258 -32768 -32768 -32768 -32768 -32768 -32768 -32768 257 256 254 251 250 250 253 255 249 248 247 246 245 246 245 243 243 244 244 245 241 240 238 243 243 244 244 245 242 238 241 238 232 238 232 232 225 221 223 238 242 246 246 246 252 253 253 253 254 254 254 254 254 254 254 254 254 254 253 250 249 254 253 254 254 254
-32768 -32768 -32768 -32768 -32768 -32768 -32768 -32768 -32768 -32768 -32768 -32768 -32768 -32768 -32768 -32768 -32768 -32768 257 256 255 251 250 249 249 254 256 249 248 247 246 246 245 245 242 244 245 244 245 236 230 239 242 244 244 243 245 241 239 238 237 226 238 228 228 225 222 224 233 241 245 246 246 247 254 254 254 254 255 254 254 254 254 254 254 254 253 253 253 252 253 253 253 254 254
-32768 -32768 -32768 -32768 -32768 -32768 -32768 -32768 -32768 -32768 -32768 -32768 -32768 -32768 -32768 -32768 -32768 257 256 254 253 250 250 248 249 250 250 248 248 248 247 246 245 244 244 244 244 244 237 224 229 240 244 244 244 244 242 242 241 239 239 230 234 219 218 220 227 231 238 245 246 247 247 248 249 254 254 253 254 254 254 254 254 254 253 253 253 253 253 253 253 252 253 253 253
-32768 -32768 -32768 -32768 -32768 -32768 259 259 -32768 -32768 -32768 -32768 -32768 -32768 -32768 -32768 258 256 255 254 252 250 249 249 248 247 246 248 248 247 246 245 244 244 244 244 244 244 233 228 238 247 245 245 245 245 245 241 242 241 232 228 220 207 216 226 237 234 239 246 247 246 247 247 250 255 255 254 254 254 254 254 254 253 253 253 253 253 253 253 252 252 252 253 253
-32768 -32768 -32768 -32768 -32768 -32768 -32768 -32768 -32768 -32768 -32768 -32768 -32768 -32768 -32768 -32768 257 256 255 254 252 250 250 249 248 246 246 246 247 247 246 245 244 244 244 244 244 244 234 244 246 250 245 245 246 246 243 243 242 242 234 230 216 225 226 236 239 239 237 246 246 246 246 247 248 254 254 254 254 253 253 254 254 253 252 252 253 252 252 252 252 252 252 252 252
-32768 -32768 -32768 -32768 -32768 -32768 -32768 -32768 -32768 -32768 -32768 -32768 -32768 -32768 -32768 -32768 257 256 255 254 253 251 250 249 248 246 246 247 247 247 246 245 245 244 245 240 244 235 236 244 245 245 245 245 246 242 243 243 243 242 224 224 222 229 239 236 237 239 235 244 246 244 247 247 248 255 255 254 255 254 254 254 254 253 252 252 253 253 252 252 252 252 252 252 252
-32768 -32768 -32768 -32768 -32768 -32768 -32768 -32768 -32768 -32768 -32768 -32768 -32768 -32768 -32768 -32768 -32768 258 256 254 252 251 250 248 247 246 246 247 247 247 246 246 245 245 245 233 235 243 244 245 245 245 246 246 247 240 243 243 242 237 216 224 223 231 235 227 229 233 234 241 246 245 247 251 249 255 255 255 254 254 254 254 254 252 252 251 252 252 252 252 252 252 252 240 252
-32768 -32768 -32768 -32768 -32768 -32768 -32768 -32768 -32768 -32768 -32768 -32768 -32768 -32768 -32768 -32768 -32768 -32768 258 255 253 250 249 247 246 246 246 247 247 247 246 246 245 245 245 242 242 244 244 245 245 245 246 246 243 244 244 242 243 236 225 233 237 238 236 228 224 235 240 242 246 246 247 253 250 250 255 255 254 254 254 254 253 253 252 251 252 252 252 252 252 252 245 239 245
-32768 -32768 -32768 -32768 -32768 -32768 -32768 -32768 -32768 -32768 -32768 -32768 -32768 -32768 -32768 -32768 -32768 -32768 258 256 253 250 248 248 247 247 247 247 247 245 246 246 246 245 245 245 244 241 245 245 245 245 246 246 242 244 245 241 244 239 225 235 237 233 232 227 227 235 242 244 244 246 247 251 249 255 254 254 254 254 253 252 253 252 251 251 251 251 252 252 251 251 250 242 239
-32768 -32768 -32768 -32768 -32768 -32768 -32768 -32768 -32768 -32768 -32768 -32768 -32768 -32768 -32768 -32768 -32768 -32768 259 256 253 250 248 248 249 249 249 248 246 246 246 246 246 245 245 245 245 241 245 245 245 246 246 246 245 245 242 243 244 225 225 234 233 225 229 231 228 238 243 243 244 245 247 248 248 250 255 255 254 254 254 253 252 252 252 251 251 251 251 252 252 251 252 250 242
-32768 -32768 -32768 -32768 -32768 -32768 -32768 -32768 -32768 -32768 -32768 -32768 -32768 -32768 -32768 -32768 -32768 -32768 259 256 253 250 248 248 248 249 249 248 247 246 246 246 246 246 240 245 245 244 245 245 246 246 246 246 246 245 246 244 240 234 235 230 230 219 227 229 228 240 243 243 245 245 247 246 251 249 255 254 254 254 253 252 252 252 251 250 251 251 251 252 252 251 251 251 251
-32768 -32768 -32768 -32768 -32768 -32768 -32768 -32768 -32768 -32768 -32768 -32768 -32768 -32768 -32768 -32768 -32768 -32768 258 256 253 250 248 247 248 249 249 248 248 247 247 246 246 246 243 245 245 246 247 246 246 246 246 246 245 245 244 244 235 243 238 233 232 222 228 231 233 241 244 245 246 245 247 247 249 249 255 254 254 253 253 253 252 252 251 249 251 251 251 252 252 251 251 252 251
-32768 -32768 -32768 -32768 -32768 -32768 -32768 -32768 -32768 -32768 -32768 -32768 -32768 -32768 -32768 -32768 -32768 -32768 258 256 253 250 248 248 248 248 249 249 247 247 247 246 247 246 246 245 246 246 247 246 247 246 247 245 246 246 244 244 245 242 238 239 235 224 229 226 235 242 244 245 246 244 247 247 247 251 255 255 253 253 253 252 253 252 251 247 251 251 251 251 251 245 245 249 250
-32768 -32768 -32768 -32768 -32768 -32768 -32768 -32768 -32768 -32768 -32768 -32768 -32768 -32768 -32768 -32768 -32768 -32768 258 255 252 249 248 248 248 247 249 248 248 247 247 246 246 245 246 246 246 247 247 246 247 247 247 246 245 242 244 243 242 243 229 226 228 222 226 227 236 242 244 245 246 244 248 246 248 249 254 255 254 253 254 252 252 252 251 247 251 251 251 251 251 248 233 237 249
-32768 -32768 -32768 -32768 -32768 -32768 -32768 -32768 -32768 -32768 -32768 -32768 -32768 -32768 -32768 -32768 -32768 -32768 257 253 251 249 248 248 248 248 248 248 249 248 247 246 245 245 246 246 246 247 247 247 247 248 248 245 243 243 245 236 233 236 221 210 217 226 232 232 237 242 244 245 246 245 247 247 247 247 253 253 254 253 253 252 252 252 252 250 251 251 251 250 251 250 237 237 245
