8.asc
ncols        384
nrows        456
xllcorner    93.000000000000
yllcorner    -8.000000000000
cellsize     0.041666666667
NODATA_value 0
[rows 370 to 406 of 456, columns 255 to 339 of 384]
151 153 180 198 204 211 217 218 215 219 214 210 220 225 226 226 223 226 229 229 229 229 229 229 230 229 229 230 230 230 231 231 231 230 231 231 231 231 230 230 230 229 228 227 228 227 226 226 226 226 226 225 226 225 225 224 225 224 224 228 228 228 228 227 227 227 227 227 227 226 226 226 226 225 225 225 225 226 226 225 225 224 224 225 224
178 172 187 203 209 214 219 219 214 222 219 219 220 225 225 226 222 226 228 228 229 229 228 229 230 228 230 230 230 230 230 230 231 231 231 230 230 230 230 230 230 228 228 228 228 227 226 226 227 226 226 226 225 225 225 225 225 224 224 224 224 228 228 227 227 227 227 227 227 226 226 226 226 226 225 225 225 225 225 225 225 225 224 225 225
186 187 199 210 214 218 222 223 224 224 226 225 223 225 225 224 225 227 228 228 228 229 228 229 229 228 229 229 229 230 230 231 231 231 230 229 230 230 230 230 229 228 228 227 227 227 228 227 226 226 227 225 225 225 224 224 225 224 224 224 224 223 223 228 228 227 228 227 227 227 227 226 226 226 226 226 226 226 225 225 225 225 225 226 227
179 191 197 205 213 219 222 224 225 225 225 225 224 223 224 222 227 227 227 227 227 228 228 229 227 229 230 229 229 229 230 230 231 231 230 230 230 229 230 229 229 229 227 227 227 227 227 226 226 225 226 225 225 225 225 225 225 224 224 224 224 223 223 224 223 227 228 227 227 227 227 227 226 226 226 227 226 226 226 226 226 225 225 226 226
179 194 204 202 208 214 220 221 223 223 223 223 222 221 222 221 224 223 225 225 225 227 227 227 227 228 229 230 230 230 230 231 231 230 230 230 230 229 229 229 229 227 227 227 228 226 227 226 227 226 225 225 226 226 225 225 225 224 224 223 223 223 223 223 223 223 223 223 223 227 227 227 227 227 227 226 226 226 226 226 226 226 226 227 227
180 183 204 205 194 211 214 216 219 220 220 220 218 217 219 220 221 223 222 224 224 226 226 225 226 228 229 229 229 229 230 230 230 229 229 229 230 229 229 229 228 228 228 228 228 227 227 226 226 227 226 226 225 224 225 225 225 224 224 223 223 223 223 223 223 223 223 223 223 223 223 222 227 227 227 227 226 226 226 226 226 226 227 227 227
166 163 191 207 209 208 208 207 209 213 213 212 211 213 216 218 218 218 220 221 224 224 226 224 226 227 228 229 229 229 230 230 230 229 229 229 229 228 228 228 228 228 228 227 226 227 226 225 226 225 225 225 225 225 225 225 225 224 224 224 225 224 224 223 223 223 223 223 223 223 223 223 223 223 223 222 222 222 222 227 226 227 227 228 227
165 158 180 196 207 206 204 200 201 208 210 210 205 205 210 213 212 209 213 219 223 223 224 223 226 227 228 228 229 229 229 230 230 229 229 229 229 228 226 226 227 227 227 226 226 225 225 226 225 225 226 225 225 225 225 225 225 224 224 225 225 224 224 224 224 223 223 223 223 223 223 222 223 224 223 222 222 222 222 222 222 223 223 228 227
176 172 185 174 183 202 202 198 195 201 200 200 198 193 200 203 203 189 192 214 221 222 223 223 224 226 227 227 228 228 229 229 228 228 228 229 227 227 227 226 226 226 226 226 226 225 225 225 225 225 224 225 223 225 227 225 225 225 225 225 225 224 225 224 224 224 224 223 223 223 223 224 224 223 223 223 223 223 222 222 223 223 223 223 222
196 190 187 164 164 184 200 201 198 193 171 184 188 178 183 196 190 167 177 208 218 221 221 222 224 225 227 227 228 229 229 228 228 228 226 226 226 227 227 226 226 226 226 226 225 225 225 225 225 224 223 223 223 224 230 225 225 225 225 225 225 225 225 224 224 224 224 223 223 224 224 224 224 223 223 223 223 223 223 222 223 223 223 222 222
212 204 192 185 167 169 197 204 204 195 176 180 179 158 162 187 171 162 188 206 212 217 217 220 223 224 226 226 228 229 228 227 227 227 226 226 226 225 226 226 226 225 226 225 225 225 225 225 225 223 223 223 223 223 228 224 224 223 224 225 225 225 225 225 225 225 225 224 224 224 225 225 225 224 224 224 224 224 224 222 223 224 224 223 223
218 214 207 202 191 185 204 194 184 193 167 170 154 161 166 184 172 172 192 185 195 209 211 215 220 223 226 226 228 227 227 227 227 227 226 226 226 226 226 225 226 226 226 225 226 225 226 224 224 224 223 223 223 224 224 224 224 224 223 223 224 225 224 225 225 225 225 224 224 224 224 224 224 224 224 224 224 224 224 224 223 224 224 223 223
230 225 220 213 188 173 200 194 177 194 186 173 145 169 175 182 181 187 185 162 178 199 194 199 212 217 220 226 226 226 227 226 226 226 226 226 226 225 225 226 226 226 226 225 226 225 225 224 224 224 224 223 223 224 224 224 224 224 224 223 224 224 224 223 223 223 223 225 223 224 224 224 224 224 224 224 224 224 224 224 224 224 224 224 224
235 233 233 219 192 161 179 177 168 178 185 185 181 184 178 175 175 183 176 174 184 186 162 164 200 206 203 222 225 225 226 225 226 226 226 225 225 225 225 225 225 224 226 225 225 225 225 224 224 224 223 223 223 223 224 224 224 225 224 224 224 224 224 223 223 224 224 224 224 223 223 223 223 223 223 224 224 224 224 224 224 225 224 224 224
239 239 236 232 217 202 198 181 181 177 183 185 187 189 181 174 171 164 179 185 184 175 149 169 197 205 205 220 226 225 225 225 226 225 225 226 225 225 225 225 225 224 225 225 225 225 225 224 224 223 224 224 224 224 229 224 225 225 224 224 224 224 224 222 223 224 224 224 224 224 224 224 223 223 223 223 223 223 223 224 224 224 223 224 224
250 243 236 236 234 220 207 199 197 188 183 177 179 190 185 171 163 176 184 180 177 184 179 182 193 207 214 223 227 225 225 225 225 225 225 225 226 226 226 224 225 224 224 224 224 225 225 224 224 224 223 223 224 224 231 224 225 225 224 224 224 224 224 223 224 224 224 224 224 224 224 224 224 223 223 223 223 223 223 224 224 223 223 223 223
-32768 -32768 249 242 236 233 225 218 216 198 187 186 173 185 194 178 155 168 179 183 186 177 179 189 198 207 207 207 222 221 224 223 224 224 225 225 225 225 225 225 225 225 225 223 224 225 224 223 224 225 225 224 224 224 233 225 225 225 225 225 225 224 225 224 224 225 225 224 224 224 224 224 224 224 223 223 223 224 223 223 223 223 223 223 223
-32768 -32768 -32768 -32768 236 235 235 233 223 217 207 205 196 186 201 201 185 169 170 172 176 173 184 191 198 198 199 186 212 218 223 223 224 223 224 224 225 225 225 225 225 225 225 224 224 224 222 222 224 225 225 225 224 225 234 225 225 225 225 224 225 224 225 224 225 225 225 224 224 224 224 224 224 224 224 224 224 225 225 224 223 223 223 224 223
-32768 -32768 -32768 -32768 247 238 236 234 227 222 221 217 203 181 194 216 204 188 186 182 184 176 185 197 205 208 210 213 211 222 226 222 223 223 224 224 224 224 225 226 225 225 226 226 226 224 221 221 222 225 226 225 225 225 234 225 225 225 225 225 225 225 225 226 226 225 225 225 225 224 224 224 224 225 225 225 225 224 225 225 225 224 224 224 224
-32768 -32768 -32768 -32768 -32768 244 236 235 233 228 222 215 206 188 195 218 219 202 195 196 191 174 177 189 204 213 215 217 211 219 223 222 222 223 223 224 224 224 224 225 225 225 225 226 226 224 222 223 224 223 224 225 225 225 234 226 226 225 225 226 226 225 226 226 226 225 225 225 225 224 225 224 224 225 225 224 224 225 225 225 225 224 225 224 224
-32768 -32768 -32768 -32768 -32768 -32768 245 236 236 234 227 221 211 203 198 211 221 204 197 182 183 172 152 173 199 211 216 216 220 221 224 222 222 223 224 224 224 223 223 224 225 225 226 225 226 226 224 221 222 223 225 226 226 226 233 227 227 226 226 226 227 226 227 227 226 225 225 226 226 225 225 225 225 225 224 225 225 226 225 224 225 224 225 225 225
-32768 -32768 -32768 -32768 -32768 -32768 -32768 245 236 235 232 227 219 209 200 191 212 211 206 197 173 173 184 190 203 211 216 219 221 223 224 225 222 222 223 223 223 222 222 223 224 224 225 226 226 227 225 224 222 221 223 224 226 228 227 227 227 226 226 226 227 226 227 227 227 226 225 226 226 226 225 225 225 225 225 225 225 225 226 226 225 225 225 225 225
-32768 -32768 -32768 -32768 -32768 -32768 -32768 -32768 245 236 236 233 226 217 207 205 193 215 212 209 201 184 192 192 190 204 213 219 222 224 226 226 224 224 224 223 220 221 222 223 224 224 225 225 226 226 227 224 221 222 223 222 226 236 228 228 227 227 227 228 228 227 227 227 227 227 227 227 226 225 225 225 225 226 226 225 226 226 226 226 225 225 226 226 225
-32768 -32768 -32768 -32768 -32768 -32768 -32768 -32768 -32768 236 236 235 234 228 218 212 203 199 219 219 218 211 203 197 171 187 206 215 219 220 226 226 227 223 222 219 209 211 218 224 223 223 224 223 226 226 226 226 223 222 224 225 227 240 228 228 228 227 227 228 227 227 227 227 227 227 227 227 226 225 225 225 226 226 226 226 226 226 226 226 226 226 226 226 226
-32768 -32768 -32768 -32768 -32768 -32768 -32768 -32768 -32768 249 237 236 236 234 226 218 212 203 202 228 231 228 227 212 184 172 202 211 216 220 227 228 228 223 216 210 184 206 221 227 223 222 224 224 226 226 227 227 227 225 224 227 228 -32768 229 229 229 228 228 228 228 228 228 227 227 228 228 227 226 226 225 225 225 226 226 226 226 226 226 226 226 226 227 226 226
-32768 -32768 -32768 -32768 -32768 -32768 -32768 -32768 -32768 -32768 245 236 236 236 232 223 218 214 204 206 233 234 233 231 223 218 210 199 209 218 227 227 227 218 195 180 193 206 221 230 229 219 223 224 225 227 228 227 228 226 226 228 228 -32768 229 230 229 228 228 228 228 228 228 227 228 228 227 226 226 226 226 225 225 225 226 226 227 227 226 227 227 227 227 227 226
-32768 -32768 -32768 -32768 -32768 -32768 -32768 -32768 -32768 -32768 -32768 244 240 236 236 233 225 224 213 205 220 235 235 235 234 233 225 206 216 213 216 219 221 213 188 170 199 211 222 229 231 222 219 223 225 227 229 228 229 229 229 228 228 243 230 230 230 229 229 228 229 229 229 228 228 228 228 227 227 227 226 226 226 226 226 226 228 227 227 227 227 227 227 227 227
-32768 -32768 -32768 -32768 -32768 -32768 -32768 -32768 -32768 -32768 -32768 248 245 242 236 236 234 228 222 215 212 223 237 240 247 249 234 221 224 212 203 199 198 210 212 209 218 225 228 230 231 230 224 223 226 228 229 229 229 229 229 228 228 241 229 230 230 230 230 229 230 230 230 230 229 228 228 227 227 227 227 226 226 226 226 227 228 228 227 228 228 227 227 227 226
-32768 -32768 -32768 -32768 -32768 -32768 -32768 -32768 -32768 -32768 -32768 -32768 -32768 249 244 237 237 235 233 229 218 215 219 237 242 244 237 233 232 216 220 219 204 206 223 227 228 232 232 232 232 231 229 226 227 228 229 229 229 230 230 229 229 238 230 230 230 230 230 230 231 231 230 230 230 229 228 227 227 227 227 227 227 227 227 228 228 228 228 228 228 227 227 226 226
-32768 -32768 -32768 -32768 -32768 -32768 -32768 -32768 -32768 -32768 -32768 -32768 -32768 -32768 249 237 237 236 234 231 227 225 221 218 237 237 240 241 236 234 232 230 224 221 220 211 218 231 231 232 232 232 232 230 228 227 230 229 229 229 230 229 230 233 230 230 230 230 231 231 232 231 231 231 230 229 228 228 227 227 227 227 227 227 228 229 229 228 228 228 227 227 227 226 226
-32768 -32768 -32768 -32768 -32768 -32768 -32768 -32768 -32768 -32768 -32768 -32768 -32768 -32768 -32768 247 240 237 236 234 231 232 230 223 222 239 239 240 240 240 236 231 230 221 225 204 225 232 232 233 233 232 232 233 232 230 232 229 229 229 229 230 230 230 230 231 231 232 232 233 233 232 232 232 231 229 228 228 228 228 228 228 228 228 229 229 229 229 228 228 227 227 227 226 226
-32768 -32768 -32768 -32768 -32768 -32768 -32768 -32768 -32768 -32768 -32768 -32768 -32768 -32768 -32768 -32768 244 240 237 237 234 231 231 229 230 238 239 238 238 239 240 237 236 233 223 206 227 232 233 233 233 232 233 233 233 232 232 227 223 227 228 229 230 230 231 232 232 232 233 233 233 232 232 231 231 229 228 228 228 228 228 228 228 229 230 229 230 229 228 228 227 227 227 226 225
-32768 -32768 -32768 -32768 -32768 -32768 -32768 -32768 -32768 -32768 -32768 -32768 -32768 -32768 -32768 -32768 252 246 246 238 237 234 231 229 232 239 238 237 232 239 239 243 246 237 236 230 225 232 234 234 234 233 233 233 233 233 232 212 192 220 227 229 232 231 233 233 233 233 234 233 232 231 231 230 231 230 230 230 230 229 228 230 231 231 232 230 229 229 228 228 227 227 227 226 225
-32768 -32768 -32768 -32768 -32768 -32768 -32768 -32768 -32768 -32768 -32768 -32768 -32768 -32768 -32768 -32768 -32768 -32768 250 244 238 237 234 231 233 236 239 238 230 222 240 248 -32768 -32768 237 237 231 229 232 229 233 233 233 233 234 233 232 222 202 219 223 229 234 231 233 233 234 233 234 233 233 232 230 229 230 230 231 231 232 231 229 231 232 231 231 230 229 229 228 228 227 227 227 225 225
-32768 -32768 -32768 -32768 -32768 -32768 -32768 -32768 -32768 -32768 -32768 -32768 -32768 -32768 -32768 -32768 -32768 -32768 -32768 246 239 238 237 234 236 236 239 241 239 233 248 -32768 -32768 -32768 -32768 -32768 -32768 248 235 234 235 234 234 233 233 231 234 232 232 230 226 230 232 234 234 234 235 230 234 232 232 231 232 230 230 231 231 232 233 232 233 233 231 230 231 229 229 228 228 228 227 226 226 225 225
-32768 -32768 -32768 -32768 -32768 -32768 -32768 -32768 -32768 -32768 -32768 -32768 -32768 -32768 -32768 -32768 -32768 -32768 -32768 250 241 239 238 237 236 236 237 248 -32768 -32768 -32768 -32768 -32768 -32768 -32768 -32768 -32768 -32768 -32768 245 238 236 235 234 232 228 233 233 233 232 231 232 232 234 235 233 231 228 226 229 230 231 231 231 231 231 230 231 232 231 231 231 230 230 230 229 229 229 228 227 227 225 224 224 224
-32768 -32768 -32768 -32768 -32768 -32768 -32768 -32768 -32768 -32768 -32768 -32768 -32768 -32768 -32768 -32768 -32768 -32768 -32768 -32768 249 239 239 238 238 238 238 250 -32768 -32768 -32768 -32768 -32768 -32768 -32768 -32768 -32768 -32768 -32768 -32768 245 239 236 234 225 231 235 234 234 234 235 235 232 231 233 234 232 221 218 229 231 231 230 230 231 231 231 231 231 231 230 230 230 229 230 230 230 229 228 227 226 225 224 224 224
