8.asc
ncols        384
nrows        456
xllcorner    93.000000000000
yllcorner    -8.000000000000
cellsize     0.041666666667
NODATA_value 0
[rows 222 to 258 of 456, columns 85 to 169 of 384]
-32768 -32768 -32768 -32768 -32768 -32768 -32768 -32768 -32768 -32768 -32768 -32768 -32768 -32768 -32768 -32768 -32768 -32768 -32768 -32768 -32768 249 242 246 -32768 -32768 -32768 -32768 -32768 -32768 -32768 -32768 -32768 -32768 -32768 -32768 248 241 239 239 239 238 237 236 236 235 234 233 235 236 238 232 232 232 225 221 203 205 195 192 190 203 212 199 194 193 193 160 154 160 189 203 197 208 205 201 218 223 227 229 230 229 230 230 230
-32768 -32768 -32768 -32768 -32768 -32768 -32768 -32768 -32768 -32768 -32768 -32768 -32768 -32768 -32768 -32768 -32768 -32768 -32768 -32768 -32768 245 239 244 -32768 -32768 -32768 -32768 -32768 -32768 -32768 -32768 -32768 -32768 -32768 -32768 -32768 242 238 238 238 238 238 236 236 226 225 233 233 233 234 234 237 232 229 230 215 198 190 193 192 196 214 196 185 192 192 173 166 179 186 195 215 202 215 215 220 225 224 228 230 229 230 229 230
-32768 -32768 -32768 -32768 -32768 -32768 -32768 -32768 -32768 -32768 -32768 -32768 -32768 -32768 -32768 -32768 -32768 -32768 -32768 -32768 -32768 -32768 251 247 252 -32768 -32768 -32768 -32768 -32768 -32768 -32768 -32768 -32768 -32768 -32768 -32768 244 240 239 238 238 237 235 235 225 226 229 227 230 233 234 238 240 232 228 220 207 197 193 196 194 200 204 186 192 187 171 184 180 179 202 217 199 221 221 225 228 228 228 229 230 230 230 230
-32768 -32768 -32768 -32768 -32768 -32768 -32768 -32768 -32768 -32768 -32768 -32768 -32768 -32768 -32768 -32768 -32768 -32768 -32768 -32768 253 -32768 250 245 250 -32768 -32768 -32768 -32768 -32768 -32768 -32768 -32768 -32768 -32768 -32768 -32768 244 239 239 238 238 237 235 234 234 233 233 231 232 233 234 237 232 229 231 225 216 198 207 203 200 203 204 180 189 188 176 198 196 203 207 218 211 217 228 227 228 228 228 229 229 230 231 229
-32768 -32768 -32768 -32768 -32768 -32768 -32768 -32768 -32768 -32768 -32768 -32768 -32768 -32768 -32768 -32768 -32768 -32768 -32768 248 244 246 245 245 245 -32768 -32768 -32768 -32768 -32768 -32768 -32768 -32768 -32768 -32768 -32768 -32768 -32768 245 239 237 236 236 235 234 233 233 233 232 231 233 234 229 229 229 231 230 220 215 217 201 214 213 198 171 171 195 199 205 214 216 223 228 227 229 232 227 227 228 229 229 229 230 230 229
-32768 -32768 -32768 -32768 -32768 -32768 -32768 -32768 -32768 -32768 -32768 -32768 -32768 -32768 -32768 -32768 -32768 -32768 240 238 239 240 240 241 243 -32768 -32768 -32768 -32768 -32768 -32768 -32768 -32768 -32768 -32768 -32768 -32768 -32768 -32768 240 236 235 235 234 234 233 233 233 234 233 234 235 227 229 231 229 229 228 227 220 210 215 219 198 182 177 198 212 217 219 220 223 229 232 234 235 227 228 228 229 230 230 230 229 227
-32768 -32768 -32768 -32768 -32768 -32768 -32768 -32768 -32768 -32768 -32768 -32768 -32768 -32768 -32768 -32768 240 240 240 237 237 237 239 239 241 -32768 -32768 -32768 -32768 -32768 -32768 -32768 -32768 -32768 -32768 -32768 -32768 -32768 -32768 241 235 235 235 235 234 234 234 233 234 233 236 237 235 229 229 229 228 230 230 229 225 219 212 173 182 199 207 210 218 225 228 228 231 234 235 235 227 228 228 229 230 229 229 228 227
-32768 -32768 -32768 -32768 -32768 -32768 -32768 -32768 -32768 -32768 -32768 -32768 240 240 240 240 240 240 239 238 232 234 237 238 240 249 -32768 -32768 -32768 -32768 -32768 -32768 -32768 -32768 -32768 -32768 -32768 -32768 -32768 -32768 240 236 235 236 235 234 234 233 234 233 235 237 236 232 231 230 231 230 230 230 227 215 213 196 205 214 212 209 220 224 232 233 234 235 236 236 235 228 229 230 229 227 228 227 227
-32768 -32768 -32768 -32768 -32768 -32768 -32768 -32768 -32768 -32768 -32768 -32768 241 241 239 240 239 239 239 237 229 235 237 237 246 -32768 -32768 -32768 -32768 -32768 -32768 -32768 -32768 -32768 -32768 -32768 -32768 -32768 -32768 -32768 246 239 238 238 237 235 234 233 234 234 235 236 237 232 231 229 230 230 230 228 223 210 205 211 217 221 220 208 220 225 225 233 234 236 235 236 228 229 229 228 227 227 227 226 225
-32768 -32768 -32768 -32768 -32768 -32768 -32768 -32768 -32768 -32768 -32768 -32768 -32768 246 241 236 236 236 238 238 231 233 236 236 237 241 -32768 -32768 -32768 -32768 -32768 -32768 -32768 -32768 -32768 -32768 -32768 -32768 -32768 -32768 246 242 242 240 238 235 234 234 234 234 234 236 237 238 232 230 229 229 231 224 217 203 206 222 220 218 224 209 208 227 224 225 229 232 234 235 228 228 227 227 225 225 226 225 224
-32768 -32768 -32768 -32768 -32768 -32768 -32768 -32768 -32768 -32768 -32768 -32768 -32768 247 242 237 236 237 236 238 234 232 235 230 232 233 240 -32768 -32768 -32768 -32768 -32768 -32768 -32768 -32768 -32768 -32768 -32768 -32768 -32768 -32768 -32768 246 242 238 235 234 234 234 234 235 236 238 238 236 231 232 224 220 228 225 212 220 218 219 205 224 221 207 224 229 224 225 228 234 236 228 226 225 224 223 224 226 226 227
-32768 -32768 -32768 -32768 -32768 -32768 -32768 -32768 -32768 -32768 -32768 -32768 -32768 249 243 241 240 238 238 236 235 234 234 232 228 235 246 245 -32768 -32768 -32768 -32768 -32768 -32768 -32768 -32768 -32768 -32768 -32768 -32768 -32768 -32768 248 243 239 235 234 234 234 235 236 236 237 237 232 232 231 225 216 217 224 221 215 213 223 199 215 229 210 204 212 210 215 219 224 232 227 226 222 220 221 223 224 224 225
-32768 -32768 -32768 -32768 -32768 -32768 -32768 -32768 -32768 -32768 -32768 -32768 241 241 242 241 241 239 237 238 234 233 233 233 229 232 235 239 247 -32768 -32768 -32768 -32768 -32768 -32768 -32768 -32768 -32768 -32768 -32768 -32768 -32768 249 244 239 236 234 234 235 236 236 237 238 237 235 232 228 226 221 217 223 229 210 211 213 212 199 221 215 184 196 194 194 213 210 220 223 225 222 222 222 222 223 224 225
-32768 -32768 -32768 -32768 -32768 -32768 -32768 -32768 -32768 -32768 -32768 -32768 241 240 244 242 243 240 238 239 233 233 229 231 228 229 232 232 239 240 241 243 247 -32768 -32768 -32768 -32768 -32768 -32768 -32768 -32768 -32768 248 244 240 237 235 234 235 236 236 236 236 237 236 232 231 227 225 221 228 230 225 209 214 212 178 207 223 193 189 200 200 207 213 217 227 225 222 222 223 224 224 225 226
-32768 -32768 -32768 -32768 -32768 -32768 -32768 -32768 -32768 -32768 -32768 -32768 -32768 -32768 -32768 251 251 250 241 238 239 239 235 235 228 227 230 232 238 238 238 238 241 245 250 -32768 -32768 -32768 -32768 -32768 -32768 -32768 245 244 242 238 237 236 237 237 237 236 236 237 237 235 233 230 228 221 225 230 230 220 207 212 180 182 218 220 178 190 207 206 208 221 222 225 221 221 223 224 226 227 228
-32768 -32768 -32768 -32768 -32768 -32768 -32768 -32768 -32768 -32768 -32768 -32768 -32768 -32768 -32768 -32768 -32768 253 241 239 238 237 236 234 232 228 227 231 236 238 237 238 238 239 242 249 -32768 -32768 -32768 -32768 -32768 -32768 -32768 247 243 240 238 237 238 238 237 235 236 236 236 234 233 231 230 226 223 226 230 230 209 221 206 190 215 222 212 178 183 217 220 217 224 224 221 222 224 224 225 226 227
-32768 -32768 -32768 -32768 -32768 -32768 -32768 -32768 -32768 -32768 -32768 -32768 -32768 -32768 -32768 -32768 -32768 250 245 241 240 238 235 231 230 224 223 229 230 237 236 237 238 237 239 244 247 -32768 -32768 -32768 -32768 -32768 -32768 247 244 240 238 238 240 239 236 235 236 235 234 234 233 232 231 229 222 221 228 229 219 225 220 209 206 222 215 193 173 192 209 221 224 224 224 223 226 227 227 227 228
-32768 -32768 -32768 -32768 -32768 -32768 -32768 -32768 -32768 -32768 -32768 -32768 -32768 -32768 -32768 -32768 -32768 247 244 240 239 238 235 230 224 224 221 222 227 235 236 236 237 237 237 239 242 248 -32768 -32768 -32768 -32768 -32768 244 241 239 238 238 240 238 236 236 236 235 234 234 235 232 231 225 229 222 223 230 222 216 212 216 207 220 222 214 188 176 189 212 221 221 222 222 226 226 226 226 227
-32768 -32768 -32768 -32768 -32768 -32768 -32768 -32768 -32768 -32768 -32768 -32768 -32768 -32768 -32768 -32768 -32768 251 245 245 239 238 237 235 225 222 215 218 224 226 235 236 236 236 237 238 241 247 -32768 -32768 -32768 -32768 249 239 240 239 239 238 237 237 236 235 235 235 234 235 236 232 231 230 229 225 220 226 228 205 198 204 203 219 223 218 193 164 167 183 209 216 217 213 218 226 226 227 227
-32768 -32768 -32768 -32768 -32768 -32768 -32768 -32768 -32768 -32768 -32768 -32768 -32768 -32768 -32768 -32768 -32768 241 243 243 239 239 239 234 232 223 213 209 215 225 229 235 236 236 237 237 240 246 -32768 -32768 -32768 -32768 -32768 241 239 239 239 238 238 237 235 234 235 235 235 235 235 232 232 231 230 227 224 218 223 215 194 184 188 192 221 219 202 167 152 159 172 196 204 201 198 214 225 224 227
-32768 -32768 -32768 -32768 -32768 -32768 -32768 -32768 -32768 -32768 -32768 -32768 -32768 -32768 -32768 -32768 -32768 241 240 241 241 241 239 238 236 228 218 209 213 220 226 230 234 238 238 238 240 244 -32768 -32768 -32768 -32768 248 239 239 239 239 238 239 238 237 235 235 236 236 236 236 234 232 231 231 230 224 219 211 208 201 181 165 176 208 222 214 196 175 157 148 166 173 187 201 208 219 222 220
-32768 -32768 -32768 -32768 -32768 -32768 -32768 -32768 -32768 -32768 -32768 -32768 -32768 -32768 -32768 -32768 -32768 -32768 241 241 240 241 242 239 239 236 223 210 211 219 232 233 235 238 238 238 241 245 -32768 -32768 -32768 -32768 248 240 239 239 239 238 238 239 239 238 238 237 236 235 235 234 233 232 231 231 223 209 204 193 198 190 159 169 200 221 220 207 183 155 153 146 152 173 184 206 208 214 220
-32768 -32768 -32768 -32768 -32768 -32768 -32768 -32768 -32768 -32768 -32768 -32768 -32768 -32768 -32768 -32768 -32768 -32768 241 240 242 241 245 248 247 238 232 220 220 220 228 227 236 238 238 240 245 251 -32768 -32768 -32768 -32768 250 243 240 239 239 238 237 239 240 240 239 237 236 235 234 234 233 232 232 232 231 222 194 179 171 187 171 156 186 213 218 209 204 179 154 153 161 175 192 192 192 195 213
-32768 -32768 -32768 -32768 -32768 -32768 -32768 -32768 -32768 -32768 -32768 -32768 -32768 -32768 -32768 -32768 -32768 -32768 -32768 -32768 -32768 -32768 -32768 -32768 -32768 239 236 232 222 221 225 231 234 238 239 242 248 -32768 -32768 -32768 -32768 -32768 248 240 239 240 239 239 237 238 240 239 237 237 237 236 235 234 234 233 232 230 230 227 193 159 174 180 179 176 170 195 210 205 186 192 173 160 158 154 177 189 181 183 209
-32768 -32768 -32768 -32768 -32768 -32768 -32768 -32768 -32768 -32768 -32768 -32768 -32768 -32768 -32768 -32768 -32768 -32768 -32768 -32768 -32768 -32768 -32768 -32768 -32768 -32768 237 235 232 225 221 229 225 238 239 244 250 -32768 -32768 -32768 -32768 -32768 245 240 240 240 240 238 239 238 238 238 237 237 237 237 236 234 234 234 233 232 231 224 213 194 209 190 202 196 174 170 192 200 207 197 185 176 151 147 165 185 195 174 196
-32768 -32768 -32768 -32768 -32768 -32768 -32768 -32768 -32768 -32768 -32768 -32768 -32768 -32768 -32768 -32768 -32768 -32768 -32768 -32768 -32768 -32768 -32768 -32768 -32768 -32768 239 236 237 229 222 230 229 238 239 244 251 -32768 -32768 -32768 -32768 -32768 245 241 240 240 240 240 239 238 238 238 238 238 237 236 237 235 234 234 233 233 232 229 225 222 222 220 211 193 180 149 158 183 201 201 191 175 159 150 150 160 194 200 191
-32768 -32768 -32768 -32768 -32768 -32768 -32768 -32768 -32768 -32768 -32768 -32768 -32768 -32768 -32768 -32768 -32768 -32768 -32768 -32768 -32768 -32768 -32768 -32768 -32768 -32768 239 238 236 228 225 223 227 239 240 244 251 -32768 -32768 -32768 -32768 -32768 247 241 240 240 240 240 239 239 238 238 239 239 238 237 237 235 235 234 233 231 232 231 228 226 222 218 194 195 188 157 144 172 188 193 200 197 191 178 176 182 197 212 198
-32768 -32768 -32768 -32768 -32768 -32768 -32768 -32768 -32768 -32768 -32768 -32768 -32768 -32768 -32768 -32768 -32768 -32768 -32768 -32768 -32768 -32768 -32768 -32768 -32768 -32768 247 238 235 231 232 232 235 238 241 248 -32768 -32768 -32768 -32768 -32768 -32768 247 240 240 240 240 240 240 239 238 238 239 239 239 238 237 235 235 234 234 233 233 233 231 228 227 220 200 201 193 175 161 156 160 169 183 185 173 182 190 205 211 216 204
-32768 -32768 -32768 -32768 -32768 -32768 -32768 -32768 -32768 -32768 -32768 -32768 -32768 -32768 -32768 -32768 -32768 -32768 -32768 -32768 -32768 -32768 -32768 -32768 -32768 -32768 249 238 238 238 238 237 240 240 243 -32768 -32768 -32768 -32768 -32768 -32768 -32768 248 241 240 240 240 240 240 239 238 238 238 238 238 237 237 235 235 234 234 234 233 233 231 230 229 227 222 215 204 189 185 179 169 157 174 169 148 165 182 187 202 218 216
-32768 -32768 -32768 -32768 -32768 -32768 -32768 -32768 -32768 -32768 -32768 -32768 -32768 -32768 -32768 -32768 -32768 -32768 -32768 -32768 -32768 -32768 -32768 -32768 -32768 -32768 -32768 247 243 242 242 240 242 244 247 -32768 -32768 -32768 -32768 -32768 -32768 -32768 250 244 242 241 241 240 240 239 238 238 238 238 237 236 236 236 236 235 234 234 233 232 231 230 231 229 228 222 208 201 193 171 156 151 150 168 154 155 173 168 196 216 220
-32768 -32768 -32768 -32768 -32768 -32768 -32768 -32768 -32768 -32768 -32768 -32768 -32768 -32768 -32768 -32768 -32768 -32768 -32768 -32768 -32768 -32768 -32768 -32768 -32768 -32768 -32768 251 245 244 244 243 243 246 248 -32768 -32768 -32768 -32768 -32768 -32768 -32768 249 242 241 239 240 240 240 239 238 238 238 237 236 235 236 237 236 236 235 234 233 233 233 232 231 228 228 225 220 215 202 186 150 145 160 146 153 151 140 154 178 210 220
-32768 -32768 -32768 -32768 -32768 -32768 -32768 -32768 -32768 -32768 -32768 -32768 -32768 -32768 -32768 -32768 -32768 -32768 -32768 -32768 -32768 -32768 -32768 -32768 -32768 -32768 -32768 251 246 245 245 244 244 247 252 -32768 -32768 -32768 -32768 -32768 -32768 -32768 248 243 242 239 239 240 240 239 238 238 238 237 236 236 237 237 237 236 235 235 234 232 233 232 232 231 231 228 226 219 211 199 177 169 183 171 158 162 165 163 188 212 221
-32768 -32768 -32768 -32768 -32768 -32768 -32768 -32768 -32768 -32768 -32768 -32768 -32768 -32768 -32768 -32768 -32768 -32768 -32768 -32768 -32768 -32768 -32768 -32768 -32768 -32768 -32768 -32768 249 246 246 245 246 249 -32768 -32768 -32768 -32768 -32768 -32768 -32768 -32768 -32768 245 243 240 240 240 240 239 238 237 237 237 236 237 237 236 237 237 236 234 233 233 233 232 231 232 231 229 226 222 215 209 201 193 192 177 175 182 187 187 177 195 220
-32768 -32768 -32768 -32768 -32768 -32768 -32768 -32768 -32768 -32768 -32768 -32768 -32768 -32768 -32768 -32768 -32768 -32768 -32768 -32768 -32768 -32768 -32768 -32768 -32768 -32768 -32768 -32768 -32768 250 246 245 243 243 248 -32768 -32768 -32768 -32768 -32768 -32768 -32768 -32768 245 242 239 240 240 240 239 238 238 238 238 237 236 237 236 236 237 236 234 232 233 231 221 227 232 231 229 228 227 223 220 216 214 205 190 193 195 193 195 189 184 211
-32768 -32768 -32768 -32768 -32768 -32768 -32768 -32768 -32768 -32768 -32768 -32768 -32768 -32768 -32768 -32768 -32768 -32768 -32768 -32768 -32768 -32768 -32768 -32768 -32768 -32768 -32768 -32768 -32768 -32768 252 246 244 244 247 -32768 -32768 -32768 -32768 -32768 -32768 -32768 -32768 247 243 242 241 240 240 239 239 238 237 237 237 236 237 237 237 236 236 234 234 230 230 229 227 231 231 230 229 229 229 228 225 223 219 198 193 200 182 185 189 182 198
-32768 -32768 -32768 -32768 -32768 -32768 -32768 -32768 -32768 -32768 -32768 -32768 -32768 -32768 -32768 -32768 -32768 -32768 -32768 -32768 -32768 -32768 -32768 -32768 -32768 -32768 -32768 -32768 -32768 -32768 251 247 243 244 251 -32768 -32768 -32768 -32768 -32768 -32768 -32768 -32768 -32768 247 242 239 238 238 238 237 236 236 236 236 236 236 237 237 236 235 235 234 232 233 232 232 232 232 231 231 231 230 230 230 223 220 218 205 202 199 186 183 169 185
-32768 -32768 -32768 -32768 -32768 -32768 -32768 -32768 -32768 -32768 -32768 -32768 -32768 -32768 -32768 -32768 -32768 -32768 -32768 -32768 -32768 -32768 -32768 -32768 -32768 -32768 -32768 -32768 -32768 -32768 251 246 242 243 252 -32768 -32768 -32768 -32768 -32768 -32768 -32768 -32768 -32768 248 241 237 237 238 237 237 236 236 236 237 235 236 237 237 236 236 235 234 233 231 232 233 232 230 231 232 232 231 231 231 230 228 230 224 215 211 194 199 185 170
