8.asc
ncols        384
nrows        456
xllcorner    93.000000000000
yllcorner    -8.000000000000
cellsize     0.041666666667
NODATA_value 0
[rows 185 to 221 of 456, columns 85 to 169 of 384]
-32768 -32768 -32768 -32768 -32768 -32768 -32768 -32768 -32768 -32768 -32768 -32768 -32768 -32768 244 234 200 216 221 230 221 198 185 181 186 172 165 165 166 180 194 222 224 230 226 210 196 193 187 206 202 181 177 173 171 174 171 181 191 203 209 218 220 223 225 227 228 228 230 230 232 232 231 231 231 232 232 233 233 232 233 233 233 233 233 233 233 233 233 234 234 234 235 235 236
-32768 -32768 -32768 -32768 -32768 -32768 -32768 -32768 -32768 -32768 -32768 -32768 -32768 -32768 -32768 245 241 226 212 231 226 215 212 200 201 190 187 171 181 180 177 219 215 216 228 214 191 182 178 203 197 162 155 161 164 159 157 159 178 181 190 209 216 219 222 225 226 228 229 231 231 230 230 230 232 232 232 233 233 233 233 233 233 234 234 234 234 234 234 234 235 235 236 236 237
-32768 -32768 -32768 -32768 -32768 -32768 -32768 -32768 -32768 -32768 -32768 -32768 -32768 -32768 -32768 257 253 244 236 232 240 223 219 210 211 201 187 176 198 186 191 223 215 205 220 227 209 189 184 190 199 183 180 167 158 170 167 167 165 166 184 203 211 215 218 222 223 225 227 229 230 228 229 229 230 230 231 232 232 232 233 233 233 233 233 234 233 233 234 234 234 235 235 236 237
-32768 -32768 -32768 -32768 -32768 -32768 -32768 -32768 -32768 -32768 -32768 -32768 -32768 -32768 -32768 -32768 252 244 242 225 241 223 220 199 193 185 176 188 209 203 194 214 219 209 218 223 226 193 192 202 198 197 200 191 175 178 173 172 173 165 182 196 204 205 216 218 220 223 226 227 227 227 227 229 230 230 231 231 231 232 233 233 234 233 233 234 234 233 234 234 234 234 235 236 236
-32768 -32768 -32768 -32768 -32768 -32768 -32768 -32768 -32768 -32768 -32768 -32768 -32768 -32768 -32768 -32768 -32768 244 244 243 235 237 236 224 203 190 199 198 215 219 221 206 218 216 220 220 224 210 190 200 205 200 202 196 189 183 178 177 176 169 162 187 197 201 209 211 216 221 224 224 225 225 227 227 228 229 230 230 230 232 232 233 233 233 233 234 233 233 233 234 234 234 234 235 236
-32768 -32768 -32768 -32768 -32768 -32768 -32768 -32768 -32768 -32768 -32768 -32768 -32768 -32768 -32768 -32768 -32768 252 244 243 240 240 231 232 218 212 204 214 212 206 220 215 215 225 214 209 217 209 198 201 202 201 195 195 188 182 178 177 175 174 166 181 179 193 195 201 208 203 215 220 221 223 225 226 227 228 229 229 230 231 232 233 233 233 233 234 234 233 234 234 234 234 234 235 235
-32768 -32768 -32768 -32768 -32768 -32768 -32768 -32768 -32768 -32768 -32768 -32768 -32768 -32768 -32768 -32768 -32768 -32768 244 243 243 241 232 235 231 218 213 210 211 221 224 222 224 221 217 195 199 216 210 200 200 203 198 189 180 176 174 173 173 172 173 180 186 188 188 186 178 185 202 214 217 221 224 224 226 227 228 228 229 230 232 232 233 233 233 233 233 233 234 234 234 234 234 234 235
-32768 -32768 -32768 -32768 -32768 -32768 -32768 -32768 -32768 -32768 -32768 -32768 -32768 -32768 -32768 -32768 -32768 -32768 252 238 237 237 236 235 232 226 207 207 209 220 216 223 227 226 225 197 194 201 216 206 193 190 188 177 165 164 164 167 169 168 171 176 181 178 179 178 175 181 202 209 214 218 221 223 225 226 227 227 229 230 232 232 232 233 233 233 234 234 234 234 234 234 234 234 235
-32768 -32768 -32768 -32768 -32768 -32768 -32768 -32768 -32768 -32768 -32768 -32768 -32768 -32768 -32768 -32768 -32768 -32768 -32768 249 238 238 237 236 228 209 206 204 207 222 220 228 227 229 220 206 207 196 207 214 201 187 184 171 145 148 162 164 166 166 169 172 176 181 175 178 183 191 199 206 211 216 219 222 224 225 225 226 229 230 231 232 233 232 233 233 233 234 234 234 233 234 234 234 235
-32768 -32768 -32768 -32768 -32768 -32768 -32768 -32768 -32768 -32768 -32768 -32768 -32768 -32768 -32768 -32768 -32768 -32768 -32768 -32768 247 243 238 237 232 230 233 227 223 227 227 230 230 228 219 214 206 205 201 207 208 204 194 171 152 140 153 179 182 174 171 173 172 177 173 178 184 192 198 203 209 214 218 221 223 224 225 226 228 229 231 231 232 232 232 233 233 234 234 234 233 233 233 234 234
-32768 -32768 -32768 -32768 -32768 -32768 -32768 -32768 -32768 -32768 -32768 -32768 -32768 -32768 -32768 -32768 -32768 -32768 -32768 -32768 252 247 243 240 238 237 237 236 236 236 233 233 233 229 219 210 206 207 208 204 201 201 200 189 176 162 148 183 193 193 192 189 176 173 180 174 181 186 194 200 206 212 216 219 222 223 224 226 228 229 231 230 231 231 232 232 233 233 233 234 233 233 233 234 234
-32768 -32768 -32768 -32768 -32768 -32768 -32768 -32768 -32768 -32768 -32768 -32768 -32768 -32768 -32768 -32768 -32768 -32768 -32768 -32768 -32768 250 246 242 240 237 236 235 235 236 236 235 233 232 226 217 206 202 199 206 199 195 199 192 178 165 153 180 193 192 183 184 182 173 176 170 175 180 187 193 200 207 212 216 219 222 224 226 227 229 229 231 231 231 232 233 233 233 233 233 233 233 234 234 234
-32768 -32768 -32768 -32768 -32768 -32768 -32768 -32768 -32768 -32768 -32768 -32768 -32768 -32768 -32768 -32768 -32768 -32768 -32768 -32768 -32768 -32768 249 245 242 237 236 235 235 236 236 235 233 233 230 228 214 205 192 190 197 191 186 192 183 171 161 157 183 192 192 183 183 182 177 173 169 171 177 183 194 200 206 212 218 221 224 225 226 228 229 230 231 231 233 233 233 233 233 233 233 233 233 234 234
-32768 -32768 -32768 -32768 -32768 -32768 -32768 -32768 -32768 -32768 -32768 -32768 -32768 -32768 -32768 -32768 -32768 -32768 -32768 -32768 -32768 -32768 250 247 244 241 237 235 235 236 235 235 234 235 234 230 221 209 205 194 185 184 184 181 185 176 164 152 159 189 183 182 182 173 182 181 167 166 170 175 183 192 200 207 214 218 222 225 225 227 229 231 232 231 232 233 232 233 233 233 233 233 233 232 233
-32768 -32768 -32768 -32768 -32768 -32768 -32768 -32768 -32768 -32768 -32768 -32768 -32768 -32768 -32768 -32768 -32768 -32768 -32768 -32768 -32768 -32768 251 248 245 242 236 235 235 235 235 235 235 235 234 232 223 213 205 203 203 195 182 176 174 174 164 152 146 164 193 191 175 164 177 183 182 166 170 168 167 178 185 196 211 217 222 224 225 227 229 230 232 232 232 232 233 233 233 233 233 233 233 233 233
-32768 -32768 -32768 -32768 -32768 -32768 -32768 -32768 -32768 -32768 -32768 -32768 -32768 -32768 -32768 -32768 -32768 -32768 -32768 -32768 -32768 -32768 -32768 248 245 242 236 235 235 235 235 235 234 234 233 231 226 212 209 203 202 203 194 177 165 163 165 153 146 167 182 181 175 162 155 170 183 173 163 156 162 163 174 175 197 211 219 223 225 228 229 230 231 231 231 232 232 233 233 232 232 233 233 233 233
-32768 -32768 -32768 -32768 -32768 -32768 -32768 -32768 -32768 -32768 -32768 -32768 -32768 -32768 -32768 -32768 -32768 -32768 -32768 -32768 -32768 -32768 251 247 244 242 236 235 235 235 235 235 233 232 231 230 227 216 209 204 197 201 196 184 168 157 159 155 147 160 171 185 178 163 157 157 177 174 171 169 149 150 162 167 192 202 208 217 223 227 226 229 231 231 231 232 232 233 233 232 232 233 233 233 233
-32768 -32768 -32768 -32768 -32768 -32768 -32768 -32768 -32768 -32768 -32768 -32768 -32768 -32768 -32768 -32768 -32768 -32768 -32768 -32768 -32768 -32768 249 246 243 241 237 236 235 235 235 234 233 232 231 228 226 220 212 204 197 193 191 191 179 162 150 147 147 150 179 183 176 172 159 157 172 179 173 166 164 153 161 164 179 191 199 208 216 223 225 228 230 231 232 232 232 233 233 233 233 233 233 232 233
-32768 -32768 -32768 -32768 -32768 -32768 -32768 -32768 -32768 -32768 -32768 -32768 -32768 -32768 -32768 -32768 -32768 -32768 -32768 -32768 -32768 250 246 244 242 240 236 235 235 235 235 235 234 233 231 233 230 225 217 210 198 190 187 187 184 172 159 145 143 144 146 171 187 178 177 164 166 168 183 179 174 174 164 160 166 183 183 193 204 222 226 229 228 231 232 232 232 233 233 233 233 233 233 232 233
251 -32768 -32768 -32768 -32768 -32768 -32768 -32768 -32768 -32768 -32768 -32768 -32768 -32768 -32768 -32768 -32768 -32768 -32768 -32768 251 247 244 242 240 239 236 235 235 235 235 235 234 233 233 233 232 227 224 216 203 200 180 176 171 171 166 154 145 143 140 139 159 185 180 172 167 171 178 183 173 177 180 171 166 170 162 164 181 210 226 227 226 231 232 232 232 233 233 233 233 233 233 232 232
243 249 -32768 -32768 -32768 -32768 -32768 -32768 -32768 -32768 -32768 -32768 -32768 -32768 -32768 -32768 -32768 -32768 -32768 -32768 248 244 241 240 239 238 236 235 235 235 235 235 235 233 235 233 230 227 223 220 211 206 199 186 184 169 169 162 154 149 147 144 140 170 180 181 181 181 183 182 174 179 181 180 165 162 166 152 174 206 221 224 221 227 231 232 232 233 233 233 233 232 232 232 232
242 244 249 -32768 -32768 -32768 -32768 -32768 -32768 -32768 -32768 -32768 -32768 -32768 -32768 -32768 -32768 -32768 -32768 251 246 240 238 238 238 237 236 236 235 235 235 235 234 235 234 232 228 229 220 221 215 204 200 193 194 187 176 169 162 154 155 156 155 154 183 182 182 183 186 182 181 182 181 180 168 147 160 166 184 208 215 222 218 221 226 226 232 232 232 233 233 232 232 232 233
241 242 244 254 -32768 -32768 -32768 -32768 -32768 -32768 -32768 -32768 -32768 -32768 -32768 -32768 248 242 243 238 237 238 237 237 237 237 237 236 235 235 235 235 235 235 234 232 231 231 225 211 217 211 201 202 201 198 190 182 173 165 160 163 164 164 177 181 180 181 185 180 182 181 180 179 165 167 165 167 188 205 209 218 216 224 223 226 231 231 232 232 233 232 232 232 233
245 242 245 252 -32768 -32768 -32768 -32768 -32768 -32768 -32768 -32768 -32768 -32768 -32768 248 238 239 238 238 238 237 237 237 237 237 237 237 236 236 236 235 234 235 234 233 233 233 228 212 207 217 212 204 201 203 191 187 180 167 162 164 165 166 178 170 170 172 168 167 174 174 174 166 170 164 170 175 184 196 209 210 213 217 226 227 230 230 231 231 232 232 232 232 233
253 245 247 250 252 -32768 -32768 -32768 -32768 -32768 -32768 -32768 -32768 -32768 247 241 238 238 238 238 238 237 237 238 238 238 238 238 236 236 235 235 235 235 235 235 234 234 231 223 219 214 207 211 206 202 200 195 187 172 163 163 165 164 166 165 164 163 162 167 166 165 167 166 169 174 170 175 183 188 194 202 199 221 224 227 229 230 231 231 232 232 232 232 233
-32768 -32768 252 248 247 248 248 247 247 248 247 246 247 239 238 238 237 235 238 238 238 237 238 240 240 239 239 238 238 237 237 236 236 236 236 235 235 234 234 232 224 214 206 208 204 203 206 198 188 164 165 163 163 164 163 167 165 169 169 168 168 165 160 159 164 171 166 168 171 178 189 200 206 216 222 227 229 229 230 231 231 233 232 232 232
-32768 240 239 242 244 244 242 240 241 241 240 240 240 239 238 237 236 235 237 238 238 237 237 239 240 240 239 239 238 237 237 237 237 237 236 236 235 234 234 234 233 221 211 206 203 206 206 202 196 166 172 166 162 165 161 168 175 175 175 174 172 168 160 162 167 170 169 149 160 178 189 200 205 208 211 224 228 229 230 231 231 231 232 232 232
-32768 241 240 241 244 247 244 241 240 240 240 239 239 239 240 239 238 236 236 238 238 238 241 240 241 241 240 240 239 237 237 237 238 239 238 237 236 235 235 234 234 233 229 215 197 201 204 204 202 187 181 178 176 169 163 163 175 177 177 177 176 173 168 165 171 172 167 163 160 178 184 190 188 186 202 223 227 229 230 230 232 231 231 233 232
-32768 240 238 238 243 249 250 245 242 240 240 239 233 233 235 239 239 237 236 237 238 238 239 241 241 241 241 240 239 238 237 237 239 241 240 238 237 235 235 234 234 234 233 229 210 205 206 199 198 186 186 190 187 177 161 162 174 181 177 178 176 174 169 162 170 178 185 176 173 171 173 169 177 177 211 224 226 230 230 231 231 231 231 232 232
-32768 240 238 238 248 -32768 -32768 -32768 254 249 243 239 233 234 234 239 239 238 237 238 238 238 240 242 242 242 241 240 240 239 238 239 240 242 242 241 238 236 236 236 234 234 234 232 232 228 221 205 200 199 193 194 197 190 171 168 174 186 181 178 176 175 167 176 181 184 179 183 182 174 174 172 173 205 220 227 227 229 220 230 231 231 231 230 231
-32768 -32768 -32768 -32768 -32768 -32768 -32768 -32768 -32768 -32768 251 241 241 234 240 239 239 239 238 237 239 238 240 242 242 242 242 241 240 241 240 240 241 243 244 243 240 237 236 236 236 234 234 234 234 230 210 199 194 213 220 208 206 202 199 188 173 178 187 175 171 175 175 175 183 186 191 185 189 189 190 185 186 195 219 225 225 222 223 227 230 230 229 230 231
-32768 -32768 -32768 -32768 -32768 -32768 -32768 -32768 -32768 -32768 -32768 248 242 240 242 240 240 240 240 240 239 239 241 243 243 243 243 242 241 241 243 242 243 244 245 244 242 239 236 236 235 235 236 237 235 234 232 227 208 221 225 223 215 202 198 190 181 176 181 172 169 174 174 174 174 184 189 194 189 194 199 194 199 191 216 226 226 226 227 229 228 229 229 230 230
-32768 -32768 -32768 -32768 -32768 -32768 -32768 -32768 -32768 -32768 -32768 253 247 244 243 243 244 246 248 246 244 242 242 243 244 245 247 250 248 248 250 250 248 246 246 245 242 239 237 236 235 234 234 234 235 238 234 232 228 230 223 215 215 207 202 194 185 183 183 185 173 171 171 173 176 179 187 190 196 194 202 208 210 209 212 225 223 223 226 225 227 228 230 230 231
-32768 -32768 -32768 -32768 -32768 -32768 -32768 -32768 -32768 -32768 -32768 -32768 251 247 245 244 246 249 252 249 247 244 243 244 246 249 -32768 -32768 -32768 -32768 -32768 -32768 -32768 250 248 244 241 238 238 237 235 235 234 234 235 235 235 233 233 232 232 226 219 211 201 200 177 187 180 190 191 165 160 162 170 179 185 184 180 193 194 200 207 193 203 216 219 223 225 225 227 228 230 230 230
-32768 -32768 -32768 -32768 -32768 -32768 -32768 -32768 -32768 -32768 -32768 -32768 -32768 250 247 246 250 252 -32768 -32768 -32768 250 247 245 250 -32768 -32768 -32768 -32768 -32768 -32768 -32768 -32768 -32768 249 243 238 237 238 238 237 236 234 235 235 234 234 234 232 233 231 227 214 213 209 205 201 192 184 188 206 177 169 175 180 176 187 188 179 182 177 190 195 194 214 216 213 222 225 226 227 228 229 230 231
-32768 -32768 -32768 -32768 -32768 -32768 -32768 -32768 -32768 -32768 -32768 -32768 -32768 253 251 -32768 -32768 -32768 -32768 -32768 -32768 -32768 252 247 -32768 -32768 -32768 -32768 -32768 -32768 -32768 -32768 -32768 -32768 -32768 246 241 239 239 239 238 237 235 235 235 235 234 233 234 233 232 231 225 218 207 203 198 197 188 194 208 202 191 194 195 189 190 190 175 181 185 174 184 192 214 224 219 224 227 227 226 228 226 229 231
-32768 -32768 -32768 -32768 -32768 -32768 -32768 -32768 -32768 -32768 -32768 -32768 -32768 -32768 -32768 -32768 -32768 -32768 -32768 252 252 -32768 250 249 -32768 -32768 -32768 -32768 -32768 -32768 -32768 -32768 -32768 -32768 -32768 250 244 240 239 239 239 238 236 236 236 235 234 233 234 237 233 232 232 223 206 196 205 200 193 188 195 212 203 205 202 196 191 177 156 172 191 189 180 204 205 219 220 226 228 229 228 228 227 229 231
