9.asc
ncols        384
nrows        456
xllcorner    93.000000000000
yllcorner    -8.000000000000
cellsize     0.041666666667
NODATA_value 0
[rows 296 to 332 of 456, columns 170 to 254 of 384]
-32768 -32768 -32768 -32768 -32768 -32768 255 250 247 246 246 245 230 215 210 177 168 172 156 134 171 197 197 199 196 210 211 219 216 218 220 222 223 223 222 227 226 227 229 232 230 230 230 231 235 236 235 236 236 236 237 236 235 237 237 236 235 234 232 233 233 232 231 231 231 231 231 231 231 232 230 231 230 230 229 229 228 229 227 227 227 228 228 228 227
-32768 -32768 -32768 -32768 -32768 -32768 -32768 255 250 247 247 245 235 229 207 191 197 174 146 135 164 201 191 186 197 197 205 211 211 215 222 223 222 224 223 225 226 228 229 230 229 230 231 232 236 237 236 236 235 236 236 237 236 236 236 236 236 234 233 234 234 232 233 233 231 230 231 231 230 231 229 227 228 228 228 227 227 228 228 227 227 227 227 228 227
-32768 -32768 -32768 -32768 -32768 -32768 -32768 260 254 250 248 246 242 243 225 209 218 183 171 160 154 196 212 199 199 201 209 207 206 211 220 221 222 222 223 224 225 226 228 228 229 230 232 232 236 236 236 237 236 236 236 237 237 236 235 236 236 235 235 235 234 233 233 233 231 226 230 231 231 230 229 228 227 229 228 228 227 228 228 229 227 228 228 229 228
-32768 -32768 -32768 -32768 -32768 -32768 -32768 -32768 254 250 249 246 245 239 227 225 204 198 194 174 147 171 206 214 207 195 194 209 201 214 213 220 220 221 221 221 222 224 224 227 228 228 230 231 234 233 235 236 237 237 236 236 237 236 235 236 236 236 236 236 235 235 234 234 232 231 230 232 230 231 229 227 227 228 228 229 228 228 228 230 229 229 229 228 228
-32768 -32768 -32768 -32768 -32768 -32768 -32768 -32768 254 248 248 249 246 240 237 222 215 206 196 173 166 156 184 209 204 190 201 206 209 206 211 215 218 219 220 219 220 221 223 226 227 228 229 229 235 236 236 236 235 236 237 236 237 237 237 236 235 235 234 235 234 235 235 235 232 230 231 233 232 232 230 229 228 229 228 229 229 230 229 230 229 229 230 230 229
-32768 -32768 -32768 -32768 -32768 -32768 -32768 -32768 -32768 254 251 250 246 246 242 221 226 209 207 173 172 155 147 181 202 188 199 204 204 206 206 205 207 211 216 217 220 221 223 225 225 227 227 227 233 235 236 235 235 236 235 236 237 237 236 234 234 235 234 233 234 236 235 235 233 232 232 232 232 232 231 230 230 229 229 229 228 230 230 230 229 229 229 229 229
-32768 -32768 -32768 -32768 -32768 -32768 -32768 -32768 -32768 -32768 254 250 247 247 245 241 230 213 211 187 191 160 144 169 169 181 191 190 185 195 192 188 193 200 211 213 217 218 222 223 223 224 226 227 232 234 233 235 236 235 235 236 236 236 236 235 233 234 234 234 233 234 234 235 234 234 233 234 232 233 232 232 231 231 230 231 230 231 230 230 229 229 229 229 229
-32768 -32768 -32768 -32768 -32768 -32768 -32768 -32768 -32768 -32768 257 250 248 247 246 246 241 227 211 194 200 172 159 143 125 148 158 163 147 162 168 152 164 192 206 209 212 218 221 219 221 223 226 229 233 233 233 234 236 237 235 236 236 235 235 236 236 235 235 235 234 232 233 234 234 235 234 234 233 234 233 231 231 231 231 230 231 231 230 229 229 229 228 228 229
-32768 -32768 -32768 -32768 -32768 -32768 -32768 -32768 -32768 -32768 -32768 259 254 251 247 246 245 232 221 219 209 185 169 152 120 119 120 113 76 143 150 121 122 171 195 206 209 210 214 216 222 224 228 227 226 233 233 231 234 236 235 236 235 234 235 235 235 236 236 236 235 234 234 235 234 234 234 235 234 233 234 234 233 233 233 232 231 231 230 229 229 229 229 228 229
-32768 -32768 -32768 -32768 -32768 -32768 -32768 -32768 -32768 -32768 -32768 -32768 -32768 254 247 247 246 241 228 220 205 196 181 166 146 133 116 112 113 147 157 130 127 152 183 194 187 179 197 199 212 201 222 218 222 230 232 234 234 236 236 236 234 235 235 236 235 235 235 235 234 234 235 234 233 232 233 233 232 234 233 233 233 232 232 232 231 231 229 229 229 228 228 228 229
-32768 -32768 -32768 -32768 -32768 -32768 -32768 -32768 -32768 -32768 -32768 -32768 -32768 257 249 247 246 245 236 221 207 200 185 183 157 162 151 141 148 156 154 139 136 155 171 181 160 170 176 183 197 192 200 197 200 227 230 231 232 233 234 234 234 235 236 236 234 235 234 235 234 234 234 234 231 232 231 232 232 233 233 233 232 232 231 232 231 230 230 231 231 229 229 230 229
-32768 -32768 -32768 -32768 -32768 -32768 -32768 -32768 -32768 -32768 -32768 -32768 -32768 259 250 247 247 245 242 231 213 215 214 202 162 170 165 161 153 158 152 144 161 163 166 175 175 177 168 174 195 201 207 210 216 225 225 225 229 230 234 235 234 235 236 236 235 234 234 234 234 234 234 233 232 232 233 233 232 234 233 233 231 230 230 231 231 230 230 231 232 230 229 230 230
-32768 -32768 -32768 -32768 -32768 -32768 -32768 -32768 -32768 -32768 -32768 -32768 -32768 258 250 247 247 247 245 239 231 228 221 210 194 184 162 173 161 154 149 139 164 170 170 152 165 165 166 178 185 194 208 215 221 227 227 227 231 230 234 234 235 236 236 235 235 235 233 233 233 234 233 234 233 233 233 233 233 234 233 232 232 231 231 232 231 231 231 232 232 231 231 231 231
-32768 -32768 -32768 -32768 -32768 -32768 -32768 -32768 -32768 -32768 -32768 -32768 -32768 257 249 248 247 246 246 244 236 225 212 198 184 163 170 173 173 170 144 135 160 162 158 139 146 149 174 184 168 179 199 207 218 225 225 229 229 229 232 236 234 235 235 235 235 235 233 232 232 229 231 232 232 233 232 233 233 234 233 232 232 232 230 231 231 231 232 232 233 233 232 231 231
-32768 -32768 -32768 -32768 -32768 -32768 -32768 -32768 -32768 -32768 -32768 -32768 -32768 -32768 253 250 248 248 246 246 239 226 225 212 190 187 178 164 174 178 175 144 159 155 141 139 163 149 158 192 199 187 207 217 216 226 227 231 231 232 234 234 234 234 234 235 235 236 235 233 233 231 224 226 232 232 232 234 233 234 233 232 232 232 231 232 233 233 234 233 233 233 234 234 233
-32768 -32768 -32768 -32768 -32768 -32768 -32768 -32768 -32768 -32768 -32768 -32768 -32768 -32768 -32768 258 252 250 247 246 241 237 231 219 204 203 179 152 164 173 191 175 168 166 155 149 168 166 159 196 190 204 202 208 222 226 225 230 232 232 233 233 232 234 234 235 235 235 235 236 235 235 234 230 233 232 233 233 233 234 233 233 232 231 231 232 233 233 233 233 233 233 233 234 234
-32768 -32768 -32768 -32768 -32768 -32768 -32768 -32768 -32768 -32768 -32768 -32768 -32768 -32768 -32768 -32768 255 250 247 243 241 240 237 223 221 207 198 171 155 159 182 193 184 181 154 142 144 182 189 190 174 183 204 214 220 226 230 232 232 233 234 234 234 234 234 234 234 234 234 235 235 236 235 235 234 234 234 234 235 235 233 233 233 231 230 233 232 233 233 233 233 234 234 235 234
-32768 -32768 -32768 -32768 -32768 -32768 -32768 -32768 -32768 -32768 -32768 -32768 -32768 -32768 -32768 -32768 -32768 252 247 243 243 243 242 234 228 219 207 182 184 164 164 191 193 188 171 163 157 170 177 179 172 192 198 207 225 222 221 228 231 232 234 234 234 234 234 234 234 235 235 235 235 235 234 235 234 234 234 235 235 234 233 233 233 231 231 231 232 232 233 234 234 234 233 234 234
-32768 -32768 -32768 -32768 -32768 -32768 -32768 -32768 -32768 -32768 -32768 -32768 -32768 -32768 -32768 -32768 -32768 257 243 243 243 243 243 240 235 231 213 207 188 159 145 170 193 193 190 185 171 159 166 193 198 204 207 200 225 231 228 229 231 233 233 234 233 233 234 234 235 235 235 235 235 235 235 234 234 234 235 234 234 234 233 233 231 232 231 231 232 233 234 234 234 234 234 234 235
-32768 -32768 -32768 -32768 -32768 -32768 -32768 -32768 -32768 -32768 -32768 -32768 -32768 -32768 -32768 -32768 -32768 244 242 242 242 242 242 242 241 233 228 208 195 174 147 161 181 194 193 191 185 178 173 189 201 206 208 224 225 219 228 229 230 231 232 232 232 233 233 234 235 235 235 235 236 236 235 235 235 235 234 234 234 234 232 231 231 230 232 232 231 232 233 233 234 235 235 235 235
-32768 -32768 -32768 -32768 -32768 -32768 -32768 -32768 -32768 -32768 -32768 -32768 -32768 -32768 -32768 -32768 -32768 243 242 243 242 242 242 243 241 238 226 212 210 187 154 162 167 181 186 186 191 190 192 195 208 218 217 217 220 224 225 227 229 231 231 232 232 233 233 234 235 235 234 235 235 235 236 236 234 234 233 234 234 234 233 232 231 231 231 232 232 233 234 233 234 235 235 235 235
-32768 -32768 -32768 -32768 -32768 -32768 -32768 -32768 -32768 -32768 -32768 -32768 -32768 -32768 -32768 -32768 -32768 243 243 243 243 242 242 242 242 240 233 229 216 204 190 161 131 157 178 181 183 190 192 198 205 212 214 214 218 220 223 226 222 226 229 229 231 231 232 234 234 234 234 235 235 235 235 236 235 233 233 233 234 233 233 232 231 231 231 232 233 232 233 233 234 235 234 234 235
-32768 -32768 -32768 -32768 -32768 -32768 -32768 -32768 -32768 -32768 -32768 -32768 -32768 -32768 -32768 -32768 -32768 -32768 243 243 243 243 243 243 243 242 237 228 221 211 202 171 166 144 168 170 167 180 188 195 197 201 202 211 215 220 222 223 226 228 227 228 230 231 232 233 233 234 234 234 235 235 235 235 235 233 233 233 233 233 233 233 232 232 232 233 233 234 233 234 234 235 234 235 236
-32768 -32768 -32768 -32768 -32768 -32768 -32768 -32768 -32768 -32768 -32768 -32768 -32768 -32768 -32768 -32768 -32768 -32768 244 243 242 243 243 242 243 243 240 235 227 220 210 197 186 162 165 159 149 156 175 190 190 195 197 202 211 216 220 223 222 222 225 225 227 229 230 232 233 232 233 234 235 235 235 235 234 234 232 232 233 233 232 232 232 232 233 233 233 234 234 233 234 234 234 235 235
-32768 -32768 -32768 -32768 -32768 -32768 -32768 -32768 -32768 -32768 -32768 -32768 -32768 -32768 -32768 -32768 -32768 -32768 -32768 244 243 243 243 242 243 242 238 236 235 225 217 212 194 190 169 158 153 151 158 177 180 184 188 196 207 215 217 219 216 224 227 223 223 224 223 228 231 231 232 233 234 234 235 235 234 234 233 233 232 234 233 233 233 232 232 233 233 234 234 234 234 234 234 235 231
-32768 -32768 -32768 -32768 -32768 -32768 -32768 -32768 -32768 -32768 -32768 -32768 -32768 -32768 -32768 -32768 -32768 -32768 -32768 -32768 244 243 243 243 243 242 240 239 237 232 222 217 214 199 178 155 176 167 146 143 153 169 181 187 195 207 214 213 206 203 218 224 223 217 224 228 224 231 233 234 234 235 235 234 234 234 233 233 235 233 233 234 233 233 233 234 234 234 234 235 234 234 234 234 231
-32768 -32768 -32768 -32768 -32768 -32768 -32768 -32768 -32768 -32768 -32768 -32768 -32768 -32768 -32768 -32768 -32768 -32768 -32768 -32768 -32768 243 243 243 243 243 242 241 239 235 229 224 218 212 190 164 186 189 161 143 133 159 165 155 172 194 204 210 207 209 224 227 224 225 226 223 221 221 230 233 234 233 234 234 235 234 234 234 235 235 235 234 234 234 234 233 235 235 236 235 236 235 235 235 233
252 -32768 -32768 -32768 -32768 -32768 -32768 -32768 -32768 -32768 -32768 -32768 -32768 -32768 -32768 -32768 -32768 -32768 -32768 -32768 -32768 243 243 243 243 243 241 240 240 236 233 230 229 220 202 187 194 192 180 164 155 155 124 114 142 180 176 197 204 205 210 223 227 228 224 219 222 225 230 232 233 233 233 234 234 234 234 235 234 235 235 235 234 234 233 234 235 235 235 236 236 236 236 236 233
245 254 -32768 -32768 -32768 -32768 -32768 -32768 -32768 -32768 -32768 -32768 -32768 -32768 -32768 -32768 -32768 -32768 -32768 -32768 -32768 -32768 244 244 243 243 242 241 240 239 239 233 228 223 218 215 193 168 180 175 164 158 127 135 157 180 192 198 195 188 202 219 219 218 217 216 217 221 230 232 233 233 232 234 234 234 234 235 235 234 235 235 234 235 234 234 234 234 235 236 236 236 237 233 233
242 244 252 -32768 -32768 -32768 -32768 -32768 -32768 -32768 -32768 -32768 -32768 -32768 -32768 -32768 -32768 -32768 -32768 -32768 -32768 -32768 -32768 244 244 243 243 242 241 240 235 232 230 229 225 212 198 186 170 175 168 164 157 160 172 183 191 192 193 211 212 221 206 211 215 218 217 226 227 230 232 232 233 233 233 234 234 235 235 235 236 235 235 235 234 234 235 235 235 235 236 236 236 234 233
239 241 243 250 -32768 -32768 -32768 -32768 -32768 -32768 -32768 -32768 -32768 -32768 -32768 -32768 -32768 -32768 -32768 -32768 -32768 -32768 -32768 -32768 244 243 243 243 241 240 238 236 231 226 223 217 210 207 181 153 165 166 166 165 166 169 179 188 195 198 213 216 194 209 213 218 214 223 224 227 230 232 233 233 234 234 235 234 234 235 235 236 236 236 235 235 236 237 235 235 235 235 233 234 234
237 239 241 242 251 -32768 -32768 -32768 -32768 -32768 -32768 -32768 -32768 -32768 -32768 -32768 -32768 -32768 -32768 -32768 -32768 -32768 -32768 -32768 256 243 243 243 242 241 238 237 232 223 222 225 210 198 194 172 152 159 157 162 152 156 178 188 179 185 203 216 215 205 214 215 221 224 220 225 229 232 233 234 234 235 235 234 235 235 235 235 236 236 236 236 237 237 237 236 235 235 232 233 234
234 237 239 241 245 -32768 -32768 -32768 -32768 -32768 -32768 -32768 -32768 -32768 -32768 -32768 -32768 -32768 -32768 -32768 -32768 -32768 -32768 -32768 -32768 255 243 244 243 241 239 239 234 226 219 226 218 212 205 193 171 151 143 145 145 145 167 162 164 191 195 211 222 227 225 219 219 223 212 226 230 232 232 232 232 233 234 234 235 236 236 235 235 235 235 236 237 237 237 237 236 232 232 232 232
232 233 238 240 245 250 -32768 -32768 -32768 -32768 -32768 -32768 -32768 -32768 -32768 -32768 -32768 -32768 -32768 -32768 -32768 -32768 -32768 -32768 -32768 -32768 255 253 244 243 241 239 237 229 224 217 216 214 208 202 191 165 130 119 130 141 144 140 151 168 194 209 217 220 225 227 230 229 227 228 231 232 232 233 232 233 233 234 236 236 235 235 235 235 235 235 236 237 237 237 237 233 233 233 233
239 239 238 240 243 245 253 -32768 -32768 -32768 -32768 -32768 -32768 -32768 -32768 -32768 -32768 -32768 -32768 -32768 -32768 -32768 -32768 -32768 -32768 -32768 -32768 -32768 254 243 242 241 238 234 228 227 227 222 217 199 190 174 153 148 141 165 141 125 132 159 180 180 197 215 217 225 225 225 226 227 229 231 233 234 233 234 234 234 235 236 236 235 235 236 234 235 235 237 237 237 233 233 233 233 234
239 241 240 239 241 242 245 252 -32768 -32768 -32768 -32768 -32768 -32768 -32768 -32768 -32768 -32768 -32768 -32768 -32768 -32768 -32768 -32768 -32768 -32768 -32768 -32768 -32768 243 243 242 240 237 230 231 230 229 225 211 196 192 180 181 178 178 169 155 137 146 160 169 194 195 209 215 216 212 213 225 228 232 233 233 234 235 235 234 234 236 235 234 235 235 235 234 235 236 237 233 233 234 234 233 233
241 242 241 238 239 240 242 245 253 -32768 -32768 -32768 -32768 -32768 -32768 -32768 -32768 -32768 -32768 -32768 -32768 -32768 -32768 -32768 -32768 -32768 -32768 -32768 -32768 257 243 242 240 238 236 234 233 230 230 224 214 211 197 198 197 188 194 190 163 130 147 170 174 174 188 202 213 198 219 227 231 231 233 234 234 235 235 235 235 235 236 236 236 236 236 236 235 232 233 232 232 232 233 233 232
