9.asc
ncols        384
nrows        456
xllcorner    93.000000000000
yllcorner    -8.000000000000
cellsize     0.041666666667
NODATA_value 0
[rows 0 to 36 of 456, columns 85 to 169 of 384]
-32768 -32768 -32768 -32768 -32768 -32768 -32768 -32768 255 254 256 -32768 -32768 -32768 255 254 254 252 250 250 250 248 244 242 242 243 243 242 242 242 242 243 243 242 240 240 240 240 237 234 239 239 239 238 238 235 235 235 236 235 235 234 233 231 228 218 221 228 223 213 210 205 208 217 221 222 221 222 223 221 223 224 224 223 223 224 224 224 225 225 209 208 209 209 209
-32768 -32768 -32768 -32768 -32768 -32768 -32768 -32768 255 254 255 -32768 -32768 -32768 254 -32768 -32768 -32768 -32768 254 253 249 244 242 242 243 244 243 242 242 243 244 242 234 240 240 240 239 235 235 234 239 239 238 238 238 236 237 238 237 235 234 233 228 227 214 217 226 222 216 207 211 216 222 223 223 222 222 223 222 224 225 225 223 223 223 224 224 225 225 225 208 209 209 209
-32768 -32768 -32768 -32768 -32768 -32768 -32768 -32768 -32768 -32768 256 255 -32768 254 254 -32768 -32768 -32768 -32768 -32768 -32768 250 245 243 243 244 244 243 243 243 244 244 232 232 240 239 238 234 237 236 236 238 238 238 238 237 236 236 238 235 234 234 233 228 219 212 211 223 222 216 220 220 221 221 224 222 221 221 224 224 223 222 223 223 223 223 224 223 224 225 224 225 208 208 208
-32768 -32768 -32768 -32768 -32768 -32768 -32768 -32768 -32768 -32768 -32768 -32768 -32768 -32768 -32768 -32768 -32768 -32768 -32768 -32768 -32768 251 246 244 244 244 245 244 244 245 246 244 237 239 240 238 236 238 239 238 234 233 238 238 238 238 237 236 236 235 233 234 229 227 219 223 217 221 220 220 224 223 222 224 225 220 219 222 223 223 224 223 223 223 224 223 224 223 224 225 225 224 224 224 225
-32768 -32768 -32768 -32768 -32768 -32768 -32768 -32768 -32768 -32768 -32768 -32768 -32768 -32768 -32768 -32768 -32768 -32768 -32768 -32768 254 251 247 244 244 245 245 244 244 245 245 244 242 241 241 240 240 240 240 239 239 233 239 238 238 237 237 235 235 234 232 232 226 227 221 224 224 217 218 223 224 223 225 225 223 220 220 221 222 222 224 223 223 223 223 223 223 223 224 224 224 223 223 223 223
-32768 -32768 -32768 -32768 -32768 -32768 -32768 -32768 -32768 -32768 -32768 -32768 -32768 -32768 -32768 -32768 -32768 -32768 -32768 -32768 -32768 251 247 246 245 246 246 245 244 244 244 243 242 242 241 241 240 240 240 240 238 235 236 238 238 238 237 235 235 234 230 229 226 227 222 227 224 215 222 223 224 224 226 225 222 220 224 222 222 225 225 224 224 223 223 223 223 223 224 223 224 222 223 223 223
-32768 -32768 -32768 -32768 -32768 -32768 -32768 -32768 -32768 -32768 -32768 -32768 -32768 -32768 -32768 -32768 -32768 -32768 -32768 -32768 -32768 252 247 246 245 246 245 245 244 243 243 242 242 242 241 241 240 240 240 240 236 235 239 238 238 237 236 236 235 233 229 229 228 225 227 225 220 218 224 221 224 223 225 225 223 221 224 223 223 224 224 223 223 222 223 222 223 223 223 222 223 222 223 222 222
-32768 -32768 -32768 -32768 -32768 -32768 -32768 -32768 -32768 -32768 -32768 -32768 -32768 -32768 -32768 -32768 -32768 -32768 -32768 -32768 254 252 248 247 247 247 245 244 244 243 243 242 241 241 241 240 240 241 241 240 236 237 239 239 240 238 235 235 235 231 228 229 227 227 225 220 214 221 222 219 225 225 226 225 223 223 225 223 224 223 223 222 223 222 223 222 223 222 223 222 223 222 222 222 222
-32768 -32768 -32768 -32768 -32768 -32768 -32768 -32768 -32768 -32768 -32768 -32768 -32768 -32768 -32768 -32768 -32768 -32768 -32768 -32768 -32768 253 250 248 247 246 245 243 243 243 242 243 241 241 241 240 240 241 241 240 238 234 239 238 238 237 236 234 234 228 225 229 224 228 220 221 218 222 217 219 225 225 226 224 224 221 223 223 223 222 222 222 222 221 222 221 222 221 222 221 222 221 221 222 221
-32768 -32768 -32768 -32768 -32768 -32768 -32768 -32768 -32768 -32768 -32768 -32768 -32768 -32768 -32768 -32768 -32768 -32768 -32768 -32768 -32768 253 251 249 249 247 245 244 241 242 242 242 241 242 241 239 240 241 241 240 239 239 239 239 240 238 236 234 233 223 218 226 225 229 229 227 226 223 221 223 226 225 226 225 225 223 225 223 223 222 222 222 222 221 222 221 222 221 221 221 221 221 221 221 222
-32768 -32768 -32768 -32768 -32768 -32768 -32768 -32768 -32768 -32768 -32768 -32768 -32768 -32768 -32768 -32768 -32768 -32768 -32768 -32768 254 253 250 249 248 247 245 243 243 242 242 242 241 241 237 239 239 241 240 241 237 239 240 242 240 238 237 235 230 219 222 229 229 227 229 229 227 222 222 222 223 224 226 225 223 223 226 223 223 221 221 221 221 221 221 221 221 220 220 221 221 221 220 220 220
-32768 -32768 -32768 -32768 -32768 -32768 -32768 -32768 -32768 -32768 -32768 -32768 -32768 -32768 -32768 -32768 -32768 -32768 -32768 -32768 254 253 250 248 248 247 245 243 243 242 242 242 240 241 241 242 241 240 240 236 237 240 240 240 239 238 237 235 233 227 228 228 230 228 229 228 226 217 221 223 224 225 226 225 225 224 224 223 223 222 222 221 221 221 222 220 220 220 220 220 221 220 220 219 219
-32768 -32768 -32768 -32768 -32768 -32768 -32768 -32768 -32768 -32768 -32768 -32768 -32768 -32768 -32768 -32768 -32768 -32768 -32768 -32768 254 252 250 249 248 246 245 241 242 242 242 242 237 236 241 241 241 241 239 239 235 240 240 240 238 239 236 235 232 228 230 230 227 229 229 226 220 221 218 222 223 224 225 224 224 223 224 222 223 221 221 220 221 220 221 220 220 219 220 219 219 219 219 219 219
-32768 -32768 -32768 -32768 -32768 -32768 -32768 -32768 -32768 -32768 -32768 -32768 -32768 -32768 -32768 -32768 -32768 -32768 -32768 -32768 253 252 250 250 248 246 244 243 242 243 242 242 236 237 240 242 241 241 241 241 241 240 240 239 239 239 236 236 233 230 231 226 229 230 228 225 216 217 213 218 221 222 224 224 224 222 223 222 223 221 221 221 220 220 221 220 220 219 220 219 219 219 218 218 219
-32768 -32768 -32768 -32768 -32768 -32768 -32768 -32768 -32768 -32768 255 254 255 -32768 -32768 -32768 -32768 -32768 -32768 254 253 252 250 249 248 246 244 243 243 243 242 242 237 240 240 241 241 242 242 241 241 240 240 239 239 238 238 236 235 232 231 228 231 230 227 220 212 212 215 219 221 222 224 223 224 222 223 221 222 221 221 221 221 220 220 219 219 218 219 218 218 218 218 217 218
-32768 -32768 -32768 -32768 -32768 -32768 -32768 -32768 -32768 -32768 253 251 254 -32768 -32768 -32768 -32768 -32768 -32768 254 253 252 250 248 247 246 244 244 244 243 242 242 242 242 241 241 241 242 242 241 241 241 240 240 240 239 238 237 235 232 232 228 231 229 226 218 219 214 220 219 221 222 223 222 222 222 222 222 222 221 221 221 221 220 220 219 219 218 218 218 218 217 217 217 218
-32768 -32768 -32768 -32768 -32768 -32768 -32768 -32768 -32768 256 253 252 254 -32768 -32768 -32768 -32768 -32768 -32768 254 253 251 250 248 248 246 245 245 244 244 242 242 242 242 242 242 242 242 241 241 241 241 241 240 240 239 239 234 233 230 233 232 231 230 227 222 218 218 219 219 221 222 222 224 223 222 222 221 221 220 220 220 220 219 219 219 218 217 217 216 217 216 216 215 215
-32768 -32768 -32768 -32768 -32768 -32768 -32768 -32768 -32768 -32768 -32768 256 -32768 -32768 -32768 -32768 -32768 -32768 -32768 -32768 253 251 249 249 248 247 246 245 244 243 244 243 242 242 242 242 242 242 241 242 242 242 241 241 240 240 240 234 228 234 233 233 232 227 225 224 217 221 221 220 222 222 222 222 222 221 222 221 221 221 220 219 219 219 219 219 218 217 216 216 217 217 216 215 216
-32768 -32768 -32768 -32768 -32768 -32768 -32768 -32768 -32768 -32768 -32768 -32768 -32768 -32768 -32768 -32768 -32768 -32768 -32768 -32768 253 251 249 248 248 247 246 246 244 244 244 243 243 243 242 242 242 242 242 242 239 241 241 241 241 240 239 236 228 234 234 234 232 223 223 222 219 223 222 221 222 221 221 220 221 221 222 221 221 220 220 219 219 218 219 218 217 216 216 215 215 215 216 215 215
-32768 -32768 -32768 -32768 -32768 -32768 -32768 -32768 -32768 -32768 -32768 -32768 -32768 -32768 -32768 -32768 -32768 -32768 -32768 -32768 254 251 249 249 248 248 247 246 245 245 243 244 243 243 243 241 242 242 242 239 242 242 242 242 241 241 239 236 224 233 235 235 232 227 226 219 219 223 221 222 223 222 220 219 222 221 222 221 221 220 220 219 219 218 218 217 217 216 215 214 214 215 215 215 215
-32768 -32768 -32768 -32768 -32768 -32768 -32768 -32768 -32768 -32768 -32768 -32768 -32768 -32768 -32768 -32768 -32768 -32768 -32768 -32768 254 252 250 250 249 248 247 247 245 245 244 244 244 243 240 242 243 243 241 234 238 239 241 241 241 242 242 237 232 237 236 231 233 229 223 217 222 223 222 222 223 222 221 222 222 220 221 220 221 220 220 218 219 218 218 217 216 215 215 213 214 213 214 214 214
-32768 -32768 -32768 -32768 -32768 -32768 -32768 -32768 -32768 -32768 256 255 -32768 -32768 -32768 -32768 -32768 -32768 -32768 -32768 254 252 251 250 249 250 249 248 246 246 245 244 244 243 242 243 243 243 245 241 243 241 239 242 242 242 242 238 235 238 237 227 232 231 224 221 223 218 220 222 223 223 223 222 222 221 221 220 221 220 219 218 219 217 217 216 217 215 209 208 214 213 213 214 214
-32768 -32768 -32768 -32768 -32768 -32768 -32768 -32768 -32768 -32768 -32768 255 -32768 -32768 -32768 -32768 -32768 -32768 -32768 254 253 251 249 249 248 251 252 247 246 245 244 245 244 244 241 243 243 243 243 241 238 238 243 242 243 242 242 240 237 238 233 227 231 224 223 216 211 212 220 221 224 223 223 223 223 221 221 220 220 219 219 218 218 217 217 216 215 214 211 210 213 212 212 212 213
-32768 -32768 -32768 -32768 -32768 -32768 -32768 -32768 -32768 -32768 -32768 -32768 -32768 -32768 -32768 -32768 -32768 -32768 254 253 251 250 247 248 247 251 253 246 246 246 245 245 244 244 241 244 244 243 244 237 230 239 242 243 243 243 243 240 238 237 234 222 232 221 219 216 212 208 216 222 224 224 223 222 224 222 222 221 221 219 219 218 218 217 217 215 215 213 213 213 213 212 212 213 213
-32768 -32768 -32768 -32768 -32768 -32768 -32768 -32768 -32768 -32768 -32768 -32768 -32768 -32768 -32768 -32768 -32768 254 253 252 250 248 247 246 247 247 248 247 247 246 245 244 243 244 244 244 243 243 237 224 228 240 243 243 244 243 242 242 241 239 236 226 229 212 211 212 216 218 224 224 225 224 224 222 224 222 223 220 220 219 219 217 217 216 216 214 214 213 213 212 212 212 212 211 212
-32768 -32768 -32768 -32768 -32768 -32768 257 256 -32768 -32768 -32768 -32768 -32768 -32768 -32768 -32768 255 254 253 252 250 248 247 246 246 246 245 246 246 246 245 244 243 244 244 244 243 243 233 228 237 245 244 244 244 244 244 241 242 241 228 224 215 202 209 217 226 222 226 226 225 224 223 223 224 223 223 221 221 219 219 217 218 216 215 214 214 213 213 212 212 212 212 211 212
-32768 -32768 -32768 -32768 -32768 -32768 -32768 -32768 -32768 -32768 -32768 -32768 -32768 -32768 -32768 -32768 255 253 253 252 250 248 247 247 246 245 243 245 246 245 244 244 243 243 243 243 244 243 233 243 245 248 244 244 244 245 243 242 241 240 232 225 211 219 219 225 228 225 220 225 225 224 223 223 224 223 222 221 220 219 219 217 217 215 215 213 214 212 212 211 211 211 211 210 210
-32768 -32768 -32768 -32768 -32768 -32768 -32768 -32768 -32768 -32768 -32768 -32768 -32768 -32768 -32768 -32768 255 254 253 251 250 248 248 247 246 245 244 245 246 245 244 244 243 243 243 240 243 234 236 243 243 244 244 244 245 241 242 241 241 239 221 220 217 222 230 227 227 226 222 224 226 223 224 223 223 223 223 221 221 219 219 217 217 215 215 214 214 212 212 211 211 211 211 210 210
-32768 -32768 -32768 -32768 -32768 -32768 -32768 -32768 -32768 -32768 -32768 -32768 -32768 -32768 -32768 -32768 -32768 255 254 251 250 248 247 246 245 245 244 246 246 245 244 244 244 243 243 233 234 242 243 243 243 243 243 245 245 240 241 241 241 234 212 218 217 223 226 219 220 221 217 221 225 223 223 226 224 223 223 221 221 219 218 217 217 215 214 213 213 212 211 211 211 210 210 198 210
-32768 -32768 -32768 -32768 -32768 -32768 -32768 -32768 -32768 -32768 -32768 -32768 -32768 -32768 -32768 -32768 -32768 -32768 255 252 250 248 246 245 244 245 244 245 246 245 244 244 244 244 243 240 241 243 243 243 243 243 244 245 242 242 242 241 240 232 221 228 231 230 227 220 214 222 222 223 225 224 224 229 225 224 223 221 221 218 219 217 217 215 214 213 213 211 211 211 211 210 204 198 203
-32768 -32768 -32768 -32768 -32768 -32768 -32768 -32768 -32768 -32768 -32768 -32768 -32768 -32768 -32768 -32768 -32768 -32768 255 253 250 247 246 245 245 245 245 245 244 244 244 244 244 243 243 243 243 240 243 243 243 243 243 244 240 241 242 239 240 235 220 228 230 225 224 218 213 219 225 224 223 224 224 226 224 223 223 221 220 218 218 216 216 214 214 212 212 211 211 210 210 209 208 200 198
-32768 -32768 -32768 -32768 -32768 -32768 -32768 -32768 -32768 -32768 -32768 -32768 -32768 -32768 -32768 -32768 -32768 -32768 255 253 250 247 246 246 246 246 246 245 244 244 244 244 244 243 243 243 243 240 243 243 243 243 243 244 243 242 239 240 240 221 220 227 226 218 221 221 214 222 224 223 224 223 224 223 223 223 223 221 220 218 218 216 216 214 214 212 212 211 211 210 210 209 209 208 201
-32768 -32768 -32768 -32768 -32768 -32768 -32768 -32768 -32768 -32768 -32768 -32768 -32768 -32768 -32768 -32768 -32768 -32768 255 253 250 247 245 245 246 247 246 246 244 244 244 244 243 243 238 242 243 242 243 243 243 243 243 243 242 241 241 239 235 229 229 223 224 212 218 219 213 223 225 223 224 223 223 222 225 222 222 221 220 218 217 216 215 214 213 211 211 211 211 210 210 209 210 208 208
-32768 -32768 -32768 -32768 -32768 -32768 -32768 -32768 -32768 -32768 -32768 -32768 -32768 -32768 -32768 -32768 -32768 -32768 255 253 250 247 245 245 244 246 246 246 245 244 244 244 244 243 240 243 243 244 244 244 243 243 243 242 242 241 239 239 231 236 232 227 225 214 219 217 218 224 225 225 224 223 224 222 224 223 222 221 220 218 218 216 216 214 213 209 212 211 211 210 210 210 210 209 209
-32768 -32768 -32768 -32768 -32768 -32768 -32768 -32768 -32768 -32768 -32768 -32768 -32768 -32768 -32768 -32768 -32768 -32768 255 253 250 247 245 244 245 245 246 246 245 245 244 243 243 243 243 243 243 243 243 243 243 243 242 242 242 241 239 239 238 235 230 231 227 212 215 210 218 224 224 224 224 221 223 222 222 223 222 221 220 218 217 216 215 213 213 208 211 210 210 209 209 203 203 205 207
-32768 -32768 -32768 -32768 -32768 -32768 -32768 -32768 -32768 -32768 -32768 -32768 -32768 -32768 -32768 -32768 -32768 -32768 254 251 249 247 245 245 245 245 246 246 245 245 244 243 243 243 243 243 243 243 243 243 243 243 243 242 241 237 239 237 235 235 222 219 220 209 213 212 219 223 224 224 224 221 224 222 222 221 221 220 220 218 217 216 215 213 213 208 211 210 210 209 209 205 192 196 207
-32768 -32768 -32768 -32768 -32768 -32768 -32768 -32768 -32768 -32768 -32768 -32768 -32768 -32768 -32768 -32768 -32768 -32768 253 250 248 246 245 245 245 245 245 245 245 245 243 242 242 242 242 242 243 243 243 243 243 243 243 240 238 238 239 230 227 228 213 199 205 212 218 216 220 224 225 224 224 222 222 221 221 220 220 219 219 217 217 215 214 212 213 210 211 209 210 209 209 207 196 196 203
