9.asc
ncols        384
nrows        456
xllcorner    93.000000000000
yllcorner    -8.000000000000
cellsize     0.041666666667
NODATA_value 0
[rows 222 to 258 of 456, columns 85 to 169 of 384]
-32768 -32768 -32768 -32768 -32768 -32768 -32768 -32768 -32768 -32768 -32768 -32768 -32768 -32768 -32768 -32768 -32768 -32768 -32768 -32768 -32768 244 237 242 -32768 -32768 -32768 -32768 -32768 -32768 -32768 -32768 -32768 -32768 -32768 -32768 243 238 236 236 236 235 235 234 233 232 231 231 232 233 235 230 230 230 224 219 202 203 193 190 188 201 210 197 191 191 190 156 150 156 186 201 194 206 202 208 225 229 234 236 236 237 237 237 237
-32768 -32768 -32768 -32768 -32768 -32768 -32768 -32768 -32768 -32768 -32768 -32768 -32768 -32768 -32768 -32768 -32768 -32768 -32768 -32768 -32768 240 236 240 -32768 -32768 -32768 -32768 -32768 -32768 -32768 -32768 -32768 -32768 -32768 -32768 -32768 239 235 235 236 235 235 234 233 225 223 230 230 231 231 233 234 230 228 228 215 205 188 190 190 193 212 194 183 189 189 169 162 175 182 193 214 199 213 223 226 231 230 235 236 237 237 237 238
-32768 -32768 -32768 -32768 -32768 -32768 -32768 -32768 -32768 -32768 -32768 -32768 -32768 -32768 -32768 -32768 -32768 -32768 -32768 -32768 -32768 -32768 246 242 247 -32768 -32768 -32768 -32768 -32768 -32768 -32768 -32768 -32768 -32768 -32768 -32768 240 236 236 236 236 235 234 234 224 225 228 226 228 231 233 236 238 230 226 219 206 195 190 195 193 198 203 184 189 184 168 181 176 176 199 215 196 219 228 232 235 235 235 236 236 237 236 237
-32768 -32768 -32768 -32768 -32768 -32768 -32768 -32768 -32768 -32768 -32768 -32768 -32768 -32768 -32768 -32768 -32768 -32768 -32768 -32768 248 -32768 245 241 245 -32768 -32768 -32768 -32768 -32768 -32768 -32768 -32768 -32768 -32768 -32768 -32768 240 236 236 235 235 235 233 233 232 231 231 230 230 231 233 235 231 228 230 224 214 205 205 201 198 201 202 177 186 185 173 196 194 201 205 216 208 214 227 233 235 234 235 235 235 236 237 236
-32768 -32768 -32768 -32768 -32768 -32768 -32768 -32768 -32768 -32768 -32768 -32768 -32768 -32768 -32768 -32768 -32768 -32768 -32768 243 240 242 242 240 241 -32768 -32768 -32768 -32768 -32768 -32768 -32768 -32768 -32768 -32768 -32768 -32768 -32768 241 237 234 234 234 233 233 233 233 231 231 231 233 232 229 228 228 230 229 220 213 215 209 212 211 196 167 168 192 197 203 212 214 222 227 225 228 231 233 234 235 235 236 236 237 236 235
-32768 -32768 -32768 -32768 -32768 -32768 -32768 -32768 -32768 -32768 -32768 -32768 -32768 -32768 -32768 -32768 -32768 -32768 236 234 235 236 237 238 239 -32768 -32768 -32768 -32768 -32768 -32768 -32768 -32768 -32768 -32768 -32768 -32768 -32768 -32768 238 234 233 233 233 233 233 233 233 233 233 234 233 227 228 230 228 227 227 226 220 218 222 217 196 179 173 195 210 215 218 219 222 228 231 233 233 234 234 235 235 235 236 236 235 233
-32768 -32768 -32768 -32768 -32768 -32768 -32768 -32768 -32768 -32768 -32768 -32768 -32768 -32768 -32768 -32768 237 237 236 234 234 234 236 235 237 -32768 -32768 -32768 -32768 -32768 -32768 -32768 -32768 -32768 -32768 -32768 -32768 -32768 -32768 239 234 234 234 233 233 233 233 233 233 233 235 236 235 229 228 228 227 229 228 227 224 230 210 170 179 196 204 208 216 223 227 227 229 233 235 233 234 234 235 236 237 236 235 234 233
-32768 -32768 -32768 -32768 -32768 -32768 -32768 -32768 -32768 -32768 -32768 -32768 237 237 236 237 237 236 236 235 229 231 234 234 236 244 -32768 -32768 -32768 -32768 -32768 -32768 -32768 -32768 -32768 -32768 -32768 -32768 -32768 -32768 238 234 234 234 234 233 233 233 233 233 235 237 235 231 230 230 230 230 229 228 226 223 211 194 203 211 210 207 219 222 230 232 233 233 235 235 234 235 236 236 235 235 235 234 233
-32768 -32768 -32768 -32768 -32768 -32768 -32768 -32768 -32768 -32768 -32768 -32768 237 237 235 236 236 235 236 234 226 233 234 234 242 -32768 -32768 -32768 -32768 -32768 -32768 -32768 -32768 -32768 -32768 -32768 -32768 -32768 -32768 -32768 243 237 237 237 236 234 233 233 233 233 234 236 237 231 230 229 230 230 230 227 222 218 203 209 216 219 218 207 219 223 224 231 233 234 234 235 236 236 235 235 234 233 232 233 231
-32768 -32768 -32768 -32768 -32768 -32768 -32768 -32768 -32768 -32768 -32768 -32768 -32768 241 237 234 233 233 235 235 229 231 234 233 235 238 -32768 -32768 -32768 -32768 -32768 -32768 -32768 -32768 -32768 -32768 -32768 -32768 -32768 -32768 243 240 240 239 237 234 233 233 233 233 233 235 237 236 231 230 229 228 230 223 216 211 214 222 219 217 223 207 206 225 223 223 227 231 232 233 236 234 234 234 232 230 231 232 231
-32768 -32768 -32768 -32768 -32768 -32768 -32768 -32768 -32768 -32768 -32768 -32768 -32768 243 238 234 234 234 233 235 231 230 233 228 230 231 237 -32768 -32768 -32768 -32768 -32768 -32768 -32768 -32768 -32768 -32768 -32768 -32768 -32768 -32768 -32768 243 240 237 234 233 233 234 233 234 235 237 237 236 231 231 223 219 227 225 220 231 226 217 202 223 220 205 223 227 222 223 226 233 234 235 233 231 231 230 229 231 232 232
-32768 -32768 -32768 -32768 -32768 -32768 -32768 -32768 -32768 -32768 -32768 -32768 -32768 246 239 237 236 235 234 234 233 232 232 230 226 232 243 241 -32768 -32768 -32768 -32768 -32768 -32768 -32768 -32768 -32768 -32768 -32768 -32768 -32768 -32768 245 241 238 234 233 233 234 234 235 236 237 237 231 231 230 225 216 216 223 233 223 221 221 196 213 227 207 201 210 208 212 216 222 230 234 233 229 226 227 229 230 230 231
-32768 -32768 -32768 -32768 -32768 -32768 -32768 -32768 -32768 -32768 -32768 -32768 238 238 239 238 237 237 235 235 231 231 230 231 227 230 233 237 244 -32768 -32768 -32768 -32768 -32768 -32768 -32768 -32768 -32768 -32768 -32768 -32768 -32768 247 242 238 235 234 234 234 235 235 236 236 236 234 231 229 225 221 216 222 241 221 219 220 210 196 219 213 181 193 190 191 211 208 218 231 232 228 227 228 228 229 231 231
-32768 -32768 -32768 -32768 -32768 -32768 -32768 -32768 -32768 -32768 -32768 -32768 238 238 241 238 239 238 236 236 230 230 227 229 227 229 230 232 237 237 239 241 245 -32768 -32768 -32768 -32768 -32768 -32768 -32768 -32768 -32768 246 242 239 236 234 234 235 235 235 235 236 236 236 232 230 227 225 220 227 242 237 221 222 209 184 204 222 189 185 196 197 205 210 215 225 233 228 228 229 230 230 231 232
-32768 -32768 -32768 -32768 -32768 -32768 -32768 -32768 -32768 -32768 -32768 -32768 -32768 -32768 -32768 248 248 246 237 236 235 235 233 233 226 226 229 231 236 236 235 236 239 243 247 -32768 -32768 -32768 -32768 -32768 -32768 -32768 244 242 240 238 236 236 236 237 237 235 236 236 236 234 231 230 228 220 225 242 242 231 218 223 191 193 215 219 183 187 205 204 206 219 229 232 228 228 230 230 232 233 234
-32768 -32768 -32768 -32768 -32768 -32768 -32768 -32768 -32768 -32768 -32768 -32768 -32768 -32768 -32768 -32768 -32768 249 238 237 236 234 233 232 230 227 226 230 234 235 235 236 236 237 240 246 -32768 -32768 -32768 -32768 -32768 -32768 -32768 245 241 239 237 236 237 238 237 235 235 236 235 233 232 230 230 225 222 238 242 241 220 233 216 201 217 233 214 183 189 215 218 224 231 231 228 228 231 231 231 232 233
-32768 -32768 -32768 -32768 -32768 -32768 -32768 -32768 -32768 -32768 -32768 -32768 -32768 -32768 -32768 -32768 -32768 246 243 238 236 235 232 229 228 223 223 229 228 235 235 235 235 236 237 241 244 -32768 -32768 -32768 -32768 -32768 -32768 245 241 239 238 237 239 238 236 235 235 235 234 233 232 231 230 228 222 220 239 241 231 236 231 220 217 234 227 204 178 201 215 229 231 230 230 229 232 233 233 234 234
-32768 -32768 -32768 -32768 -32768 -32768 -32768 -32768 -32768 -32768 -32768 -32768 -32768 -32768 -32768 -32768 -32768 244 241 239 237 236 233 228 223 223 220 220 226 233 235 235 235 236 236 238 240 245 -32768 -32768 -32768 -32768 -32768 241 240 238 238 238 239 237 236 236 236 235 234 234 234 231 230 225 228 220 222 242 233 228 224 227 218 231 233 225 198 181 199 219 228 228 228 229 232 233 233 232 233
-32768 -32768 -32768 -32768 -32768 -32768 -32768 -32768 -32768 -32768 -32768 -32768 -32768 -32768 -32768 -32768 -32768 247 243 243 237 236 236 232 224 222 215 218 223 226 233 235 235 235 236 237 239 245 -32768 -32768 -32768 -32768 247 238 239 238 237 237 237 235 236 234 234 234 234 233 235 232 230 229 228 225 219 237 239 204 197 215 214 230 234 230 204 169 172 192 219 227 228 220 224 235 236 232 237
-32768 -32768 -32768 -32768 -32768 -32768 -32768 -32768 -32768 -32768 -32768 -32768 -32768 -32768 -32768 -32768 -32768 238 241 240 237 237 237 233 230 222 214 210 216 225 229 233 235 235 236 236 239 244 -32768 -32768 -32768 -32768 -32768 240 238 238 237 237 237 236 234 233 234 235 234 233 234 232 231 230 230 226 223 217 221 213 193 184 188 191 231 231 213 166 156 154 177 206 214 211 203 220 235 229 236
-32768 -32768 -32768 -32768 -32768 -32768 -32768 -32768 -32768 -32768 -32768 -32768 -32768 -32768 -32768 -32768 -32768 238 239 238 238 238 238 237 235 227 218 210 213 219 226 230 234 236 237 237 239 243 -32768 -32768 -32768 -32768 246 237 238 238 238 238 238 238 236 234 234 235 235 235 235 233 231 231 231 229 223 218 211 207 200 181 166 176 206 233 224 194 174 161 142 170 178 196 211 218 229 232 231
-32768 -32768 -32768 -32768 -32768 -32768 -32768 -32768 -32768 -32768 -32768 -32768 -32768 -32768 -32768 -32768 -32768 -32768 238 238 238 238 240 238 237 234 222 211 212 220 232 232 233 236 237 236 239 243 -32768 -32768 -32768 -32768 246 239 238 238 238 237 238 239 238 237 237 236 235 234 233 233 232 231 230 230 222 209 204 193 197 189 160 170 198 232 230 205 181 159 148 140 155 177 189 215 218 224 229
-32768 -32768 -32768 -32768 -32768 -32768 -32768 -32768 -32768 -32768 -32768 -32768 -32768 -32768 -32768 -32768 -32768 -32768 239 239 240 239 242 245 244 237 232 220 220 221 227 227 235 237 237 239 242 249 -32768 -32768 -32768 -32768 248 242 239 238 238 238 237 238 239 239 237 236 235 234 233 233 233 231 231 231 229 220 195 179 172 187 171 157 185 211 217 206 201 178 159 158 166 173 189 202 196 200 223
-32768 -32768 -32768 -32768 -32768 -32768 -32768 -32768 -32768 -32768 -32768 -32768 -32768 -32768 -32768 -32768 -32768 -32768 -32768 -32768 -32768 -32768 -32768 -32768 -32768 238 235 230 222 222 225 230 233 237 237 240 246 -32768 -32768 -32768 -32768 -32768 247 239 238 239 238 237 237 237 239 237 236 235 235 235 234 233 233 232 231 229 229 225 192 160 175 180 179 176 170 193 208 203 184 190 172 159 163 157 174 186 185 188 219
-32768 -32768 -32768 -32768 -32768 -32768 -32768 -32768 -32768 -32768 -32768 -32768 -32768 -32768 -32768 -32768 -32768 -32768 -32768 -32768 -32768 -32768 -32768 -32768 -32768 -32768 236 234 231 225 222 229 224 237 239 242 248 -32768 -32768 -32768 -32768 -32768 244 239 239 239 239 238 237 237 238 236 237 236 235 235 234 233 233 232 232 231 230 223 212 194 208 190 202 195 172 170 190 197 205 195 184 174 154 151 169 182 191 179 200
-32768 -32768 -32768 -32768 -32768 -32768 -32768 -32768 -32768 -32768 -32768 -32768 -32768 -32768 -32768 -32768 -32768 -32768 -32768 -32768 -32768 -32768 -32768 -32768 -32768 -32768 238 235 236 229 221 229 228 237 239 242 249 -32768 -32768 -32768 -32768 -32768 244 239 239 239 239 238 238 237 237 236 238 237 236 235 235 233 233 233 232 232 230 227 223 220 220 219 210 192 179 150 158 182 199 198 190 174 158 154 153 164 191 196 187
-32768 -32768 -32768 -32768 -32768 -32768 -32768 -32768 -32768 -32768 -32768 -32768 -32768 -32768 -32768 -32768 -32768 -32768 -32768 -32768 -32768 -32768 -32768 -32768 -32768 -32768 238 236 235 228 225 223 228 237 239 243 249 -32768 -32768 -32768 -32768 -32768 246 240 239 239 238 238 238 237 238 237 238 238 237 235 235 235 235 233 232 230 231 229 226 223 221 216 194 193 187 157 146 171 187 191 198 195 189 176 174 179 194 207 194
-32768 -32768 -32768 -32768 -32768 -32768 -32768 -32768 -32768 -32768 -32768 -32768 -32768 -32768 -32768 -32768 -32768 -32768 -32768 -32768 -32768 -32768 -32768 -32768 -32768 -32768 246 237 235 231 231 231 234 238 241 247 -32768 -32768 -32768 -32768 -32768 -32768 246 239 239 239 239 238 238 237 238 237 237 237 237 236 235 235 234 233 233 232 231 231 228 226 225 218 199 199 192 175 162 156 159 168 181 183 172 180 187 201 207 212 200
-32768 -32768 -32768 -32768 -32768 -32768 -32768 -32768 -32768 -32768 -32768 -32768 -32768 -32768 -32768 -32768 -32768 -32768 -32768 -32768 -32768 -32768 -32768 -32768 -32768 -32768 247 237 237 237 237 237 239 240 242 -32768 -32768 -32768 -32768 -32768 -32768 -32768 247 240 238 239 239 239 239 238 237 237 237 238 237 235 235 235 234 233 233 232 232 230 230 228 227 225 220 213 203 188 183 179 168 156 173 168 148 164 179 185 199 214 212
-32768 -32768 -32768 -32768 -32768 -32768 -32768 -32768 -32768 -32768 -32768 -32768 -32768 -32768 -32768 -32768 -32768 -32768 -32768 -32768 -32768 -32768 -32768 -32768 -32768 -32768 -32768 245 242 241 241 240 241 242 246 -32768 -32768 -32768 -32768 -32768 -32768 -32768 248 243 240 240 239 239 239 238 237 237 237 237 236 235 234 235 235 233 232 232 232 230 230 228 229 227 226 220 207 200 192 171 156 151 150 167 153 154 170 166 193 212 216
-32768 -32768 -32768 -32768 -32768 -32768 -32768 -32768 -32768 -32768 -32768 -32768 -32768 -32768 -32768 -32768 -32768 -32768 -32768 -32768 -32768 -32768 -32768 -32768 -32768 -32768 -32768 249 244 242 242 242 242 244 247 -32768 -32768 -32768 -32768 -32768 -32768 -32768 247 242 241 238 239 239 239 238 238 237 237 236 235 235 235 235 235 234 233 233 232 231 231 230 230 227 227 223 218 212 200 184 150 145 159 147 153 151 143 158 176 206 216
-32768 -32768 -32768 -32768 -32768 -32768 -32768 -32768 -32768 -32768 -32768 -32768 -32768 -32768 -32768 -32768 -32768 -32768 -32768 -32768 -32768 -32768 -32768 -32768 -32768 -32768 -32768 250 244 243 243 242 243 246 250 -32768 -32768 -32768 -32768 -32768 -32768 -32768 247 242 241 238 238 239 239 238 238 237 237 236 235 235 235 235 236 235 234 233 232 231 231 231 230 229 229 226 224 217 208 197 176 168 181 169 157 161 163 161 185 209 216
-32768 -32768 -32768 -32768 -32768 -32768 -32768 -32768 -32768 -32768 -32768 -32768 -32768 -32768 -32768 -32768 -32768 -32768 -32768 -32768 -32768 -32768 -32768 -32768 -32768 -32768 -32768 -32768 248 244 244 244 245 247 -32768 -32768 -32768 -32768 -32768 -32768 -32768 -32768 -32768 244 242 239 238 239 239 239 237 236 236 236 235 235 236 235 235 236 235 233 232 231 231 230 230 230 229 228 225 219 214 208 199 191 190 175 174 179 185 184 174 192 215
-32768 -32768 -32768 -32768 -32768 -32768 -32768 -32768 -32768 -32768 -32768 -32768 -32768 -32768 -32768 -32768 -32768 -32768 -32768 -32768 -32768 -32768 -32768 -32768 -32768 -32768 -32768 -32768 -32768 249 244 243 242 242 247 -32768 -32768 -32768 -32768 -32768 -32768 -32768 -32768 245 241 238 239 239 239 238 238 236 237 237 236 236 236 235 235 235 235 232 231 231 230 220 226 230 229 228 227 225 221 218 214 211 201 188 191 193 191 191 186 181 208
-32768 -32768 -32768 -32768 -32768 -32768 -32768 -32768 -32768 -32768 -32768 -32768 -32768 -32768 -32768 -32768 -32768 -32768 -32768 -32768 -32768 -32768 -32768 -32768 -32768 -32768 -32768 -32768 -32768 -32768 251 245 243 242 246 -32768 -32768 -32768 -32768 -32768 -32768 -32768 -32768 246 242 240 239 239 239 238 238 237 236 236 236 236 236 235 235 235 234 233 232 229 229 227 226 230 230 228 227 227 226 225 223 221 217 195 191 197 180 182 186 179 195
-32768 -32768 -32768 -32768 -32768 -32768 -32768 -32768 -32768 -32768 -32768 -32768 -32768 -32768 -32768 -32768 -32768 -32768 -32768 -32768 -32768 -32768 -32768 -32768 -32768 -32768 -32768 -32768 -32768 -32768 251 245 242 242 250 -32768 -32768 -32768 -32768 -32768 -32768 -32768 -32768 -32768 246 241 237 238 238 237 236 235 235 235 235 235 236 235 235 235 234 233 232 231 231 230 230 230 230 229 229 229 229 227 227 221 217 215 202 199 197 183 180 167 182
-32768 -32768 -32768 -32768 -32768 -32768 -32768 -32768 -32768 -32768 -32768 -32768 -32768 -32768 -32768 -32768 -32768 -32768 -32768 -32768 -32768 -32768 -32768 -32768 -32768 -32768 -32768 -32768 -32768 -32768 250 245 241 242 251 -32768 -32768 -32768 -32768 -32768 -32768 -32768 -32768 -32768 247 240 237 237 237 236 235 235 236 235 235 235 235 235 235 235 235 234 233 231 230 230 231 230 228 229 230 229 229 228 228 228 225 226 221 213 208 191 197 181 167
