9.asc
ncols        384
nrows        456
xllcorner    93.000000000000
yllcorner    -8.000000000000
cellsize     0.041666666667
NODATA_value 0
[rows 222 to 258 of 456, columns 170 to 254 of 384]
236 234 234 233 234 233 235 240 240 241 241 222 223 223 223 223 223 224 224 224 225 224 224 224 223 223 223 223 224 224 225 225 225 225 225 224 224 225 226 226 226 225 226 226 225 226 226 226 226 226 226 226 226 225 225 225 225 224 223 224 224 223 223 222 222 222 221 220 217 217 215 215 214 213 212 212 212 212 211 211 210 210 210 211 210
236 235 234 232 234 235 235 239 236 240 240 222 223 222 223 224 224 224 223 225 224 225 224 224 224 224 223 223 223 224 225 225 225 225 225 225 225 226 226 226 225 225 226 226 226 226 226 225 225 225 225 225 225 225 224 224 224 224 223 223 222 222 222 222 222 222 221 220 219 219 217 215 214 214 213 213 212 212 212 212 212 212 211 212 212
236 234 232 232 232 234 235 240 239 240 241 241 241 222 223 224 224 224 223 223 223 224 224 224 224 223 223 223 223 224 224 224 225 225 225 225 224 225 225 224 224 225 226 226 225 225 225 225 225 224 224 224 224 224 224 224 224 223 222 222 222 222 222 222 222 221 220 220 219 218 217 216 216 213 212 212 212 212 211 212 212 213 212 211 213
236 233 233 233 233 234 236 236 236 241 241 241 242 242 223 224 224 224 223 223 224 223 224 224 224 223 223 223 224 224 224 224 224 224 225 225 225 224 223 223 223 224 224 225 225 224 224 223 223 224 224 224 223 224 223 223 222 223 222 222 222 222 222 221 221 220 220 220 219 218 217 216 216 216 215 212 212 212 212 212 212 213 206 197 212
233 232 233 233 234 234 234 240 240 240 241 241 241 242 241 224 224 224 224 224 223 223 223 223 224 224 223 223 223 224 224 224 224 224 224 222 224 224 223 222 222 223 223 224 224 224 224 223 222 223 222 222 222 222 221 222 221 221 221 221 221 221 221 220 220 219 219 219 219 218 217 217 215 215 215 215 213 212 211 212 212 212 208 208 212
233 234 234 234 234 235 235 240 241 241 240 240 241 241 240 241 224 223 224 224 223 223 223 223 224 223 223 223 223 223 224 224 224 224 224 223 223 223 222 222 222 223 222 223 224 224 224 223 223 223 222 222 222 222 221 221 220 220 221 221 220 221 220 220 220 220 219 219 217 217 218 218 216 215 215 214 213 213 211 212 212 213 212 212 212
234 234 235 235 236 236 235 240 241 242 241 240 240 240 240 241 242 223 223 224 223 223 224 223 223 223 223 223 223 223 223 223 223 224 224 223 222 222 222 222 222 223 223 222 223 223 223 223 223 222 221 222 221 221 220 221 220 220 221 221 220 220 220 220 219 219 219 218 217 217 217 217 216 215 214 212 211 212 213 212 211 212 212 213 211
233 232 233 234 235 236 236 240 241 242 241 241 241 241 241 241 242 238 224 224 223 223 224 223 223 223 223 223 223 223 223 223 223 224 224 223 221 222 222 222 222 222 222 222 222 223 222 223 222 222 222 222 222 221 220 220 220 220 221 220 220 220 219 219 219 219 218 217 218 218 217 217 215 215 214 214 213 213 213 211 211 211 212 212 211
232 233 233 235 235 236 235 240 240 241 241 241 241 241 242 242 241 241 238 238 223 223 224 224 223 223 223 223 222 223 222 223 223 223 223 221 221 221 221 222 222 222 222 222 222 222 221 222 222 222 222 221 221 221 220 219 218 219 220 220 219 219 219 219 218 218 217 217 217 217 216 215 215 215 214 214 214 214 213 213 211 211 211 211 211
231 232 233 234 235 236 236 240 240 242 241 240 240 241 241 237 237 237 237 238 238 224 223 224 223 222 223 223 223 222 223 222 222 223 223 222 222 222 221 222 222 222 221 221 222 222 220 220 221 222 222 221 219 221 220 220 218 219 219 219 219 219 219 219 217 217 217 217 216 216 215 216 215 215 214 214 214 214 214 212 211 211 211 211 211
232 233 233 235 236 236 237 240 241 241 241 241 240 241 241 241 237 237 238 237 237 237 237 224 223 223 222 223 223 222 222 222 222 222 223 223 222 222 221 221 221 222 221 221 221 221 220 220 221 221 224 220 219 220 219 220 219 219 219 219 219 218 218 218 217 217 217 217 216 215 215 215 215 215 214 214 213 214 213 211 210 210 210 211 211
232 233 234 236 236 236 236 240 236 240 240 240 240 241 237 237 236 237 238 238 238 238 238 238 223 222 221 223 223 222 222 222 223 223 223 222 222 222 221 221 221 221 221 221 221 221 220 221 221 221 221 220 219 219 219 219 219 219 218 218 218 218 218 218 217 217 217 217 216 215 215 215 215 214 213 214 213 213 213 213 212 210 211 211 211
232 231 233 235 235 236 236 240 241 240 240 240 241 241 237 237 236 237 238 237 237 237 238 238 238 237 236 223 222 223 223 222 222 222 222 223 222 221 221 221 221 221 221 221 220 220 220 221 221 221 221 221 219 218 218 219 219 219 218 218 218 218 217 217 217 216 216 216 215 215 215 215 214 213 213 213 213 212 212 213 213 213 212 212 212
232 231 232 234 235 236 235 236 236 237 236 241 237 237 237 237 237 238 237 237 237 237 237 237 238 238 236 222 222 222 223 223 222 222 222 223 222 222 222 221 221 221 221 220 220 221 220 221 221 221 220 221 219 218 218 218 219 219 218 218 218 218 217 217 217 216 216 216 215 215 215 214 213 214 213 213 212 212 212 211 212 214 212 212 212
234 234 234 235 234 235 235 236 236 240 236 241 237 237 237 237 237 238 237 237 237 237 237 237 238 238 237 237 237 222 223 223 222 222 223 223 222 222 221 221 221 221 220 220 220 220 222 221 221 221 220 220 219 219 218 218 219 219 219 219 218 218 217 217 216 215 215 216 215 215 214 214 213 213 213 212 212 211 211 208 211 211 212 212 211
233 234 234 235 234 235 235 236 236 236 236 237 237 237 237 237 237 237 237 237 237 237 237 237 236 237 237 238 237 237 222 223 223 222 222 222 222 221 221 221 221 221 221 221 220 221 220 220 220 220 220 220 218 218 218 219 218 218 218 218 217 217 216 216 215 215 214 214 213 214 214 214 214 213 212 212 211 211 206 210 211 210 210 211 211
234 235 235 235 235 236 236 236 236 236 237 237 237 237 237 237 237 238 237 236 236 237 237 237 237 237 237 238 238 238 238 223 223 222 221 221 221 222 221 222 221 221 220 220 220 220 220 220 221 220 219 220 218 219 218 218 218 218 217 217 217 217 216 216 215 215 215 214 213 213 213 214 213 213 212 212 211 210 209 210 211 211 210 211 211
234 234 234 235 235 235 236 236 236 236 236 237 236 236 237 237 238 237 237 237 237 237 237 238 238 238 237 238 238 238 238 238 238 222 222 222 221 221 222 222 221 221 220 220 220 220 219 220 220 220 219 219 218 217 217 218 218 218 216 217 217 217 216 216 216 215 215 214 213 213 213 212 213 213 213 212 212 211 210 210 210 211 210 210 210
234 234 234 238 235 239 236 236 236 236 235 236 236 236 237 237 236 236 236 237 237 237 238 238 238 238 238 238 237 238 238 238 238 238 222 222 221 221 221 222 221 221 221 220 219 220 221 222 220 220 219 219 220 219 218 218 218 218 217 217 216 216 216 216 215 215 215 214 213 213 212 212 212 213 212 212 212 212 211 211 210 210 210 210 210
237 238 238 238 235 235 236 236 235 236 234 234 236 236 236 237 236 236 236 236 236 237 238 238 238 237 236 237 236 237 237 238 238 238 238 223 222 221 221 221 220 220 220 220 219 219 221 221 220 219 219 219 219 219 219 218 218 218 217 217 216 216 216 215 215 214 214 215 213 214 212 212 212 212 212 212 213 213 211 210 210 209 210 210 209
234 238 239 239 239 240 235 236 236 235 235 235 234 236 236 236 237 237 237 236 236 237 238 238 238 238 236 236 235 236 236 237 237 237 238 238 238 238 221 221 221 220 220 220 220 219 220 221 220 220 218 218 218 219 219 219 217 216 216 216 216 216 216 215 215 214 213 214 213 213 213 213 212 213 213 213 213 213 211 210 210 209 209 210 211
223 223 235 239 238 238 235 239 236 233 232 234 235 236 236 237 238 238 237 237 237 237 238 238 238 238 237 236 236 235 237 236 236 237 237 238 236 238 238 221 221 220 220 220 219 219 220 220 220 220 218 218 218 218 218 218 217 216 216 216 216 215 215 215 214 214 213 213 213 213 213 213 213 212 214 213 213 211 210 210 209 209 209 211 211
208 210 220 226 230 235 233 234 235 235 234 234 236 236 236 237 238 238 238 238 237 238 238 238 238 238 238 237 236 236 236 236 237 236 236 237 237 238 238 238 237 220 220 221 220 220 220 220 220 219 219 218 218 218 217 217 218 218 216 216 216 216 215 215 215 215 214 214 213 213 213 213 212 213 212 213 212 212 210 210 210 210 210 209 209
202 191 199 222 226 227 227 233 234 235 235 236 235 236 236 237 237 238 238 238 238 238 238 238 238 238 238 238 237 236 236 235 236 236 235 236 237 238 238 238 237 237 237 221 220 220 220 221 219 219 218 218 217 217 217 217 217 218 217 217 216 217 216 216 215 215 215 214 214 214 213 213 212 213 213 213 212 212 211 209 209 210 210 209 209
223 220 202 203 210 226 227 230 234 234 235 235 235 236 236 236 237 237 237 238 238 238 237 238 238 239 239 239 239 237 236 236 236 236 236 236 237 238 238 238 238 238 237 237 236 220 220 220 218 235 235 235 234 217 234 234 216 216 216 216 216 216 215 214 214 214 214 215 214 214 212 213 213 213 213 212 212 212 211 210 210 210 210 210 209
217 228 232 227 218 221 227 230 231 235 235 235 233 235 236 236 236 235 236 237 238 238 237 238 238 238 238 239 239 238 237 237 236 236 237 237 238 238 238 239 237 237 237 237 237 237 237 236 235 235 235 235 234 234 233 234 233 216 216 216 215 215 214 214 214 214 214 214 213 214 213 213 213 213 212 212 211 212 211 211 210 210 210 209 209
220 221 230 235 218 230 228 234 231 233 234 235 235 235 236 236 236 236 236 236 237 238 238 238 238 238 239 239 239 239 238 238 237 238 238 238 238 238 238 238 238 237 236 237 236 237 237 236 235 235 235 235 235 235 234 234 234 234 232 232 215 215 215 215 214 214 214 214 214 213 214 214 213 213 212 212 211 213 212 211 210 210 210 210 210
204 203 208 230 228 221 234 237 237 229 232 235 236 236 236 237 236 235 235 236 236 238 238 239 238 239 238 238 239 239 239 238 237 238 238 238 239 238 238 238 237 237 237 237 237 237 236 236 235 235 235 235 235 234 234 234 234 233 233 232 215 215 215 215 214 214 214 214 214 213 213 214 213 213 211 211 211 211 212 212 211 210 211 211 210
202 211 199 217 233 228 223 236 237 236 229 231 234 239 236 236 237 236 236 236 237 241 238 239 239 239 239 238 238 239 239 239 239 239 239 238 238 238 238 238 237 236 238 237 237 237 236 236 236 236 235 235 234 235 235 234 234 234 233 233 233 215 215 215 214 215 214 214 214 213 213 214 213 212 212 212 212 212 212 212 211 211 211 210 210
191 206 207 205 223 234 222 223 229 236 236 229 227 232 235 240 240 240 240 240 235 240 237 237 238 238 239 239 239 238 239 239 239 239 238 238 236 237 237 238 236 236 237 238 237 236 236 236 236 236 236 235 234 235 235 234 234 234 233 233 233 232 215 215 214 214 214 213 213 213 213 213 214 213 212 212 211 212 211 211 210 211 211 210 210
193 187 206 201 211 232 230 219 233 235 236 236 228 227 230 232 240 240 241 240 238 239 240 240 237 237 238 239 238 238 238 238 238 239 238 237 236 237 237 237 237 237 237 238 238 237 237 237 236 236 235 235 235 235 234 234 234 235 234 233 233 233 232 215 215 215 214 214 213 213 213 213 213 213 212 212 212 212 211 211 211 211 211 211 210
208 177 184 190 201 224 232 219 223 234 236 236 236 230 227 232 237 240 241 239 237 238 239 240 241 241 237 238 238 238 238 238 238 238 239 237 237 237 237 238 237 237 237 238 237 237 237 237 237 237 235 235 235 235 234 234 234 235 234 233 232 233 232 232 215 215 214 214 213 214 213 214 213 213 212 212 212 212 211 211 211 211 210 211 210
214 186 185 191 196 198 217 229 220 230 234 234 236 236 229 235 236 237 239 236 236 238 240 242 242 242 243 238 239 239 240 239 239 239 239 239 238 239 238 238 238 238 238 239 238 238 238 237 236 236 237 236 235 235 235 235 235 235 233 233 233 233 232 232 232 215 215 214 214 214 213 214 213 213 213 213 213 213 212 212 211 211 210 211 210
214 188 170 188 194 218 222 225 209 207 224 235 236 237 238 238 236 237 237 238 240 241 242 241 242 243 243 243 239 239 239 239 239 239 239 239 238 238 238 238 239 238 238 239 238 238 236 236 236 236 236 236 235 236 235 235 235 234 233 234 233 233 232 232 232 232 215 215 214 214 214 214 213 213 213 213 213 212 212 212 211 211 210 210 210
211 183 150 174 189 205 203 221 227 217 220 224 236 236 237 237 236 236 236 239 240 239 239 238 239 240 241 242 238 238 239 239 238 239 239 239 239 238 238 239 239 239 238 239 238 237 237 236 237 237 237 237 237 236 236 235 235 234 234 234 233 233 233 233 232 232 232 215 215 215 214 214 214 214 213 213 212 212 212 212 211 211 211 211 210
207 178 159 183 193 199 209 215 226 231 231 228 225 233 234 236 234 236 237 235 237 237 238 239 239 239 235 237 238 238 238 239 238 239 238 238 239 239 239 239 238 238 239 239 237 236 236 236 237 236 236 237 236 237 235 235 235 235 235 234 233 233 233 234 233 233 232 232 215 214 214 214 214 214 213 213 212 212 212 212 211 211 211 211 211
196 186 142 182 172 191 194 209 217 229 231 234 230 223 233 234 233 234 233 231 224 235 239 239 239 238 235 235 236 238 239 239 238 239 239 239 238 239 239 238 238 238 237 238 238 237 236 235 235 237 236 236 236 237 236 236 235 236 235 235 234 234 234 233 233 233 232 232 232 232 214 214 214 214 213 213 213 213 212 212 211 211 211 211 211
